,내용,날짜,별점,재구매,한달사용기,종류
0,"칫솔중 최애 칫솔이예요~   몇년째 사용하고 있어요~  
브러쉬가 탱탱해서  특히나  더맘에 들어요",22.05.05.,5,0,0,선택1: 성인칫솔 / 선택2: 고급형칫솔 / 선택3: 02-1)이중모(탄력적인)
1,"계속 주무해서 사용 하는칫솔. 인생 칫솔입니다.
가성비 찐 칫솔! ! 
케이스 빼고 주문하고싶어요. 케이스.낭비입니다.",22.05.04.,5,0,0,선택1: 성인칫솔 / 선택2: 일반형칫솔 / 선택3: 01-3)올슬림모(부드러운)
2,한달사용기항상 사용하는 칫솔입니다.솔이 부드러워서 잇몸에 무리가 안가서 좋아요,22.04.30.,5,0,한달사용기,선택1: 성인칫솔 / 선택2: 고급형칫솔 / 선택3: 02-2)올슬림모(부드러운)
3,재구매칫솔 좋아요 매번 재구매 합니다,22.05.06.,5,재구매,0,선택1: 교정및어금니 / 선택2: 어금니칫솔 / 선택3: 06-3)슬림형(부드러운)
4,재구매칫솔 좋아요 매번 재구매 합니다,22.05.06.,5,재구매,0,선택1: 교정및어금니 / 선택2: 어금니칫솔 / 선택3: 06-1)일반형(단단한)
5,재구매새디자인 칫솔 그립감도 좋고 모도 튼실하고 좋아요,22.05.04.,5,재구매,0,선택1: 성인칫솔 / 선택2: 초미세모 / 선택3: 0)초미세모(매우부드러운)
6,재구매새디자인 칫솔 그립감도 좋고 모도 튼실하고 좋아요,22.05.04.,5,재구매,0,선택1: 신상 신미소칫솔 / 선택2: 이중미세모 / 선택3: 이중미세모(탄력)
7,새로나왔길래 사봤어요 크기가작으면 안쪽어금니 잘닦일것같아서요,22.04.27.,5,0,0,선택1: 신상 신미소칫솔 / 선택2: 이중미세모 / 선택3: 이중미세모(탄력)
8,아들이 좋아해요 케릭터가 맘에드나보네요 양치질 좋아하겠어요,22.04.28.,5,0,0,선택1: 어린이칫솔 / 선택2: 너구리칫솔 / 선택3: 09-2)너구리이중(7세-11세)
9,"전에 쓰던것보다 업글되서 나왔다고 하니, 더 좋을듯해요. 다른거 쓰다가 별로여서 여기로 다시 구매했습니다.늘 여기서 구매해야겠어요.",22.04.20.,5,0,0,선택1: 성인칫솔 / 선택2: 일반형칫솔 / 선택3: 01-2)이중모(탄력적인)
10,한달사용기잇몸에 무리안가고 양치질도 입안 깊숙히 까지 꼼꼼하게 잘됩니다,22.04.30.,5,0,한달사용기,선택1: 성인칫솔 / 선택2: 고급형칫솔 / 선택3: 02-3)미소금올(부드러운)
11,재구매매번 쟈구매 합니다 좋아요,22.05.06.,5,재구매,0,선택1: 성인칫솔 / 선택2: 일반형칫솔 / 선택3: 01-3)올슬림모(부드러운)
12,재구매매번 쟈구매 합니다 좋아요,22.05.06.,5,재구매,0,선택1: 성인칫솔 / 선택2: 일반형칫솔 / 선택3: 01-1)일반모(단단모)
13,재구매매번 쟈구매 합니다 좋아요,22.05.06.,5,재구매,0,선택1: 성인칫솔 / 선택2: 초미세모 / 선택3: 0)초미세모(매우부드러운)
14,"교정하고 나서 부터는  여기 칫솔만쓰고 있어요
잘닦이고  개운해요  가성비 좋고  섭스도 넘 마니주시는~~담부턴 요정란에 섭스 안주셔도 된다고 쎠야겠어요",22.04.16.,5,0,0,선택1: 성인칫솔 / 선택2: 고급형칫솔 / 선택3: 02-1)이중모(탄력적인)
15,브라켓 치카하려고샀어요 쓰던거라 재구매,22.04.27.,5,0,0,선택1: 교정및어금니 / 선택2: 어금니칫솔 / 선택3: 06-2)돔형(단단한)
16,"교정중이라 구입해봤는데 좋아요
브라켓 위 아래 잇몸부위를 닦을때 좋아요",22.04.23.,5,0,0,선택1: 성인칫솔 / 선택2: 2-3줄모 / 선택3: 03-1)두줄모(단단한)
17,항상 쓰는 칫솔인데 여기가 제일저렴해서 구입해봤어요 잘쓸게요 번창하세요 :),22.04.20.,5,0,0,선택1: 성인칫솔 / 선택2: 일반형칫솔 / 선택3: 01-2)이중모(탄력적인)
18,10살 아이껄로 샀어요.저렴하고 질이 좋아요.,22.04.29.,5,0,0,선택1: 어린이칫솔 / 선택2: 너구리칫솔 / 선택3: 09-2)너구리이중(7세-11세)
19,재구매늘  쓰던 칫솔입니다~가성비도 좋구 자주교체해줘야 하는 아들땜시 자주 구매하는데요~저는 이칫솔이 딱 적당하면서 잘 닦이는 느낌이 들더라궁ᆢㄷ,22.04.07.,5,재구매,0,선택1: 성인칫솔 / 선택2: 일반형칫솔 / 선택3: 01-2)이중모(탄력적인)
20,세번째 재구매인데 한번에 많이 주문해놓고 1년 이상 쓴 것 같네요. 가성비 좋은 물건입니다. 사은품도 잘 쓸게요,22.04.14.,5,0,0,선택1: 성인칫솔 / 선택2: 고급형칫솔 / 선택3: 02-4)미소숯올(부드러운)
21,재구매칫솔이 좋아요...,22.05.06.,5,재구매,0,선택1: 성인칫솔 / 선택2: 고급형칫솔 / 선택3: 02-1)이중모(탄력적인)
22,재구매칫솔 아주 좋습니더 ㅎ ㅁ ㅎ,22.05.06.,5,재구매,0,선택1: 성인칫솔 / 선택2: 고급형칫솔 / 선택3: 02-2)올슬림모(부드러운)
23,"어른아이꺼 골고루 시켰어요^^
이중슬림모라 이에 큰 자극이 없이 참좋네오",22.04.16.,5,0,0,선택1: 성인칫솔 / 선택2: 고급형칫솔 / 선택3: 02-1)이중모(탄력적인)
24,아이칫솔 자주 바꿔야해서 구매했어요 마음에 들어요,22.04.18.,5,0,0,선택1: 어린이칫솔 / 선택2: 기린칫솔 / 선택3: 08-2)기린이중(7세-11세)
25,좋아요 자주자주 교체해쓰려고 하고 있답니다,22.04.18.,5,0,0,선택1: 어린이칫솔 / 선택2: 너구리칫솔 / 선택3: 09-2)너구리이중(7세-11세)
26,칫솔이 섬세하고 튼튼해 보이네요.전에 아이가 사용하던건데 괜찮다고 해서 제가 사용해보려고요,22.04.04.,5,0,0,선택1: 교정및어금니 / 선택2: 교정칫솔 / 선택3: 05-2)슬림형(부드러운)
27,완전 미세모 보단 일반모와 섞인 중간이 좋아요!,22.04.21.,5,0,0,선택1: 성인칫솔 / 선택2: 광폭칫솔 / 선택3: 04-2)올슬림모(부드러운)
28,교정시작해서 구매했어요 잘 쓰고 있어요,22.04.18.,5,0,0,선택1: 교정및어금니 / 선택2: 교정칫솔 / 선택3: 05-2)슬림형(부드러운)
29,교정 시작해서 구매했어요 마음에 들어요,22.04.18.,5,0,0,선택1: 교정및어금니 / 선택2: 교정칫솔 / 선택3: 05-3)고급슬림형(부드러운)
30,"평이 좋아서 구매했습니다.
좋으면 한달사용후기 올께요.
포장도 사은품도 굿^^",22.05.03.,5,0,0,선택1: 신상 신미소칫솔 / 선택2: 금슬림모 / 선택3: 금슬림모(부드러운)
31,항상쓰는 제품이에요. 아이치아에 딱 알맞고 캐릭터도 귀여워서 좋아해요,22.04.12.,5,0,0,선택1: 어린이칫솔 / 선택2: 기린칫솔 / 선택3: 08-2)기린이중(7세-11세)
32,치석제거에는 단단한 모가 좋은것 같아요  이중모랑 단단한 모랑 섞어서 샀어요 아주 맘에 들어오  이만한 칫솔은 없죠,22.04.01.,5,0,0,선택1: 성인칫솔 / 선택2: 일반형칫솔 / 선택3: 01-1)일반모(단단모)
33,재구매13일부터 썼는데 9일만에 모가 벌어지네...한잘가겠남,22.04.21.,4,재구매,0,선택1: 성인칫솔 / 선택2: 일반형칫솔 / 선택3: 01-2)이중모(탄력적인)
34,재구매13일부터 썼는데 9일만에 모가 벌어지네...한잘가겠남,22.04.21.,4,재구매,0,선택1: 성인칫솔 / 선택2: 일반형칫솔 / 선택3: 01-1)일반모(단단모)
35,좋아요 한달에 한번씩 바꾸어가며 쓸래요,22.04.18.,5,0,0,선택1: 어린이칫솔 / 선택2: 기린칫솔 / 선택3: 08-2)기린이중(7세-11세)
36,어금니칫솔 알게되서 다른 브랜드 사용하다가 바꿔봤어요,22.04.18.,5,0,0,선택1: 교정및어금니 / 선택2: 어금니칫솔 / 선택3: 06-1)일반형(단단한)
37,닦기 적당한 부드러움 좋아요,22.04.23.,5,0,0,선택1: 교정및어금니 / 선택2: 교정칫솔 / 선택3: 05-2)슬림형(부드러운)
38,"좋아요 자주자주 교체해주려고 해요.
너무 좋네요",22.04.18.,5,0,0,선택1: 성인칫솔 / 선택2: 고급형칫솔 / 선택3: 02-4)미소숯올(부드러운)
39,칫솔모가 작은걸로 써보고싶어서 구매했는데 딱 제가 원하던 크기에요! 모양도 각지고 예쁩니다👍,22.04.08.,5,0,0,선택1: 신상 신미소칫솔 / 선택2: 금슬림모 / 선택3: 금슬림모(부드러운)
40,리뉴얼 되서 손잡이 두꺼워 편해요,22.04.21.,5,0,0,선택1: 신상 신미소칫솔 / 선택2: 이중미세모 / 선택3: 이중미세모(탄력)
41,1년치로 구입 이중슬림모 좋아요,22.04.21.,5,0,0,선택1: 성인칫솔 / 선택2: 고급형칫솔 / 선택3: 02-1)이중모(탄력적인)
42,항상 쓰는제품 싸고 좋아요,22.04.21.,5,0,0,선택1: 신상 신미소칫솔 / 선택2: 숯슬림모 / 선택3: 숯슬림모(부드러운)
43,"배송빠름, 상품 좋아요. 아쉬운 점은 솔 몇개가..삐죽삐죽이어서 아쉽.",22.04.30.,3,0,0,0
44,어금니 칫솔 처음 사보는데 구석지 어금니 닦는데 너무 좋네요 진작 살껄요   애들도 오늘부터 일반칫솔 어금니칫솔 두개다 사용하게 하려고 합니다 완전 좋아요 개운해요,22.04.01.,5,0,0,선택1: 교정및어금니 / 선택2: 어금니칫솔 / 선택3: 06-2)돔형(단단한)
45,어금니칫솔 사용하세요 추천합니다,22.04.18.,5,0,0,선택1: 교정및어금니 / 선택2: 어금니칫솔 / 선택3: 06-2)돔형(단단한)
46,한달사용기탄탄하니 쓸만합니다,22.04.21.,5,0,한달사용기,선택1: 성인칫솔 / 선택2: 고급형칫솔 / 선택3: 02-1)이중모(탄력적인)
47,항상 쓰는 제품이에요!,22.04.21.,5,0,0,선택1: 성인칫솔 / 선택2: 고급형칫솔 / 선택3: 02-2)올슬림모(부드러운)
48,좋아요  아이들이랑 같이 쓰는데 이칫솔을 젤루 좋아하네요,22.04.10.,5,0,0,선택1: 성인칫솔 / 선택2: 광폭칫솔 / 선택3: 04-1)이중(탄력적인)
49,재구매좋아용 :) 매번 구매해요,22.04.17.,5,재구매,0,선택1: 성인칫솔 / 선택2: 광폭칫솔 / 선택3: 04-2)올슬림모(부드러운)
50,재구매좋아용 :) 매번 구매해요,22.04.17.,5,재구매,0,선택1: 신상 신미소칫솔 / 선택2: 숯슬림모 / 선택3: 숯슬림모(부드러운)
51,재구매좋아용 :) 매번 구매해요,22.04.17.,5,재구매,0,선택1: 성인칫솔 / 선택2: 광폭칫솔 / 선택3: 04-1)이중(탄력적인)
52,잘받았습니다 감사합니다,22.04.19.,5,0,0,선택1: 어린이칫솔 / 선택2: 기린칫솔 / 선택3: 08-2)기린이중(7세-11세)
53,재구매새디자인 칫솔 그립감도 좋고 모도 튼실하고 좋아요,22.05.04.,5,재구매,0,선택1: 신상 신미소칫솔 / 선택2: 이중미세모 / 선택3: 이중미세모(탄력)
54,재구매교정칫솔이랑 어금니랑 바꿔서 잘못 주문 했네요,22.04.14.,5,재구매,0,선택1: 교정및어금니 / 선택2: 교정칫솔 / 선택3: 05-2)슬림형(부드러운)
55,미세머 좋아요!!!,22.04.23.,5,0,0,선택1: 성인칫솔 / 선택2: 일반형칫솔 / 선택3: 01-2)이중모(탄력적인)
56,매번 구매해서 잘 쓰고 있습니다,22.05.07.,5,0,0,선택1: 성인칫솔 / 선택2: 일반형칫솔 / 선택3: 01-3)올슬림모(부드러운)
57,매번 구매해서 잘 쓰고 있습니다,22.05.07.,5,0,0,선택1: 성인칫솔 / 선택2: 고급형칫솔 / 선택3: 02-2)올슬림모(부드러운)
58,이 칫솔 쓰다가 다른걸로 닦으면 안닦이는 느낌이에요    좋아요   이번에 사서 초딩아이들도 다 바꿔줬어요,22.04.01.,5,0,0,선택1: 성인칫솔 / 선택2: 일반형칫솔 / 선택3: 01-2)이중모(탄력적인)
59,재구매좋아용 :) 매번 구매해요ㅔ,22.04.17.,5,재구매,0,선택1: 성인칫솔 / 선택2: 고급형칫솔 / 선택3: 02-1)이중모(탄력적인)
60,재구매한두달에 한번은 주문하는듯 하네요,22.04.14.,5,재구매,0,선택1: 성인칫솔 / 선택2: 일반형칫솔 / 선택3: 01-3)올슬림모(부드러운)
61,이에 붙이는 교정 시작해서 샀어요.,22.04.15.,4,0,0,선택1: 교정및어금니 / 선택2: 어금니칫솔 / 선택3: 06-2)돔형(단단한)
62,치과에서 받은 것보다 부드러워요~,22.04.15.,4,0,0,선택1: 교정및어금니 / 선택2: 교정칫솔 / 선택3: 05-3)고급슬림형(부드러운)
63,재구매어금니 꼼꼼하게 양치하기 좋아요,22.04.14.,5,재구매,0,선택1: 교정및어금니 / 선택2: 어금니칫솔 / 선택3: 06-3)슬림형(부드러운)
64,좋아요  잘쓰고있는거예요,22.04.10.,5,0,0,선택1: 교정및어금니 / 선택2: 교정칫솔 / 선택3: 05-2)슬림형(부드러운)
65,어금니 골 있는 부분이 치태처럼 껴서 싸봤는데 아이가 닦아주면 시원하다고 더 해주라고 해요 ㅎ,22.04.26.,5,0,0,선택1: 교정및어금니 / 선택2: 어금니칫솔 / 선택3: 06-1)일반형(단단한)
66,어금니 양치용으로 샀어요.,22.04.15.,4,0,0,선택1: 교정및어금니 / 선택2: 어금니칫솔 / 선택3: 06-1)일반형(단단한)
67,교정 시작으로 구매해여~,22.04.15.,4,0,0,선택1: 교정및어금니 / 선택2: 교정칫솔 / 선택3: 05-2)슬림형(부드러운)
68,재구매빠른배송 감사용 늦엇네요 리뷰가,22.04.12.,5,재구매,0,선택1: 교정및어금니 / 선택2: 교정칫솔 / 선택3: 05-1)일반형(단단한)
69,작은 칫솔모 원하시는 분들은 이게 좋을것같아요,22.04.08.,5,0,0,선택1: 신상 신미소칫솔 / 선택2: 이중미세모 / 선택3: 이중미세모(탄력)
70,"3번째 재주문인거같아요 그만큼 잘 쓰고있어요
이제는 마트 칫솔은 못씁니다.. 책임지세요!!!",22.04.20.,5,0,0,선택1: 성인칫솔 / 선택2: 광폭칫솔 / 선택3: 04-1)이중(탄력적인)
71,처음 사용해 보네요.,22.05.05.,4,0,0,선택1: 교정및어금니 / 선택2: 어금니칫솔 / 선택3: 06-1)일반형(단단한)
72,재구매부드러워요~!!혀클리너도 잘 쓰겠습니다.,22.04.26.,5,재구매,0,선택1: 교정및어금니 / 선택2: 교정칫솔 / 선택3: 05-3)고급슬림형(부드러운)
73,좋아요 잘쓰고있어요,22.04.10.,5,0,0,선택1: 성인칫솔 / 선택2: 광폭칫솔 / 선택3: 04-2)올슬림모(부드러운)
74,제가 써 본 칫솔 중에 젤 좋더라구여,22.04.09.,5,0,0,선택1: 신상 신미소칫솔 / 선택2: 숯슬림모 / 선택3: 숯슬림모(부드러운)
75,"재구매쟁겨두면 편해요~
칫솔 몇개안남으면 쟁겨둬요",22.04.05.,5,재구매,0,선택1: 성인칫솔 / 선택2: 일반형칫솔 / 선택3: 01-3)올슬림모(부드러운)
76,"재구매쟁겨두면 편해요~
칫솔 몇개안남으면 쟁겨둬요",22.04.05.,5,재구매,0,선택1: 어린이칫솔 / 선택2: 기린칫솔 / 선택3: 08-1)기린올(24개월-6세)
77,저렴하고 간편함 손잡이가  짧은편 포장 꼼꼼,22.04.07.,4,0,0,선택1: 성인칫솔 / 선택2: 고급형칫솔 / 선택3: 02-1)이중모(탄력적인)
78,한번 써보고 좋아서 계속 쓰고있어요😆,22.04.08.,5,0,0,선택1: 교정및어금니 / 선택2: 어금니칫솔 / 선택3: 06-2)돔형(단단한)
79,가격대비 의외로 좋음 배송비절약하려고 넣었는데…,22.04.07.,4,0,0,선택1: 성인칫솔 / 선택2: 고급형칫솔 / 선택3: 02-2)올슬림모(부드러운)
80,아이가 교정 치료중이라 구매했는데 만족합니다,22.04.26.,5,0,0,선택1: 교정및어금니 / 선택2: 교정칫솔 / 선택3: 05-3)고급슬림형(부드러운)
81,가격도 저렴하고 사용감 좋아요,22.04.08.,5,0,0,선택1: 성인칫솔 / 선택2: 일반형칫솔 / 선택3: 01-2)이중모(탄력적인)
82,가격도 저렴하고 사용감 좋아요,22.04.08.,5,0,0,선택1: 성인칫솔 / 선택2: 일반형칫솔 / 선택3: 01-3)올슬림모(부드러운)
83,첨 써보는데 그립감도 편하고 괜찮아여,22.04.26.,5,0,0,선택1: 어린이칫솔 / 선택2: 너구리칫솔 / 선택3: 09-2)너구리이중(7세-11세)
84,"한달사용기일반모는 모가 하나씩 잘 빠지고
부드러운모는 좋습니다.",22.04.25.,5,0,한달사용기,선택1: 교정및어금니 / 선택2: 교정칫솔 / 선택3: 05-1)일반형(단단한)
85,가족 다같이 쓰려고 넉넉히 주문했어요,22.04.05.,5,0,0,선택1: 성인칫솔 / 선택2: 일반형칫솔 / 선택3: 01-3)올슬림모(부드러운)
86,가족 다같이 쓰려고 넉넉히 주문했어요,22.04.05.,5,0,0,선택1: 성인칫솔 / 선택2: 일반형칫솔 / 선택3: 01-2)이중모(탄력적인)
87,아이가 무난하게 잘써요^^,22.04.29.,5,0,0,선택1: 어린이칫솔 / 선택2: 너구리칫솔 / 선택3: 09-2)너구리이중(7세-11세)
88,아직 써보진 않았는데 좋아보여요,22.04.26.,5,0,0,선택1: 신상 신미소칫솔 / 선택2: 이중미세모 / 선택3: 이중미세모(탄력)
89,재구매늘 재구매하고 있어요~~,22.04.09.,5,재구매,0,선택1: 성인칫솔 / 선택2: 일반형칫솔 / 선택3: 01-2)이중모(탄력적인)
90,왕타 쓰다가 임플하고 바꿨는데 나름 갠찮.,22.04.04.,5,0,0,선택1: 교정및어금니 / 선택2: 어금니칫솔 / 선택3: 06-1)일반형(단단한)
91,왕타 쓰다가 임플하고 바꿨는데 나름 갠찮.,22.04.04.,5,0,0,선택1: 성인칫솔 / 선택2: 일반형칫솔 / 선택3: 01-2)이중모(탄력적인)
92,왕타 쓰다가 임플하고 바꿨는데 나름 갠찮.,22.04.04.,5,0,0,선택1: 성인칫솔 / 선택2: 일반형칫솔 / 선택3: 01-1)일반모(단단모)
93,치과용 치솔이라 구매해 봅니다.,22.04.26.,5,0,0,선택1: 성인칫솔 / 선택2: 고급형칫솔 / 선택3: 02-1)이중모(탄력적인)
94,쓰던거라 믿고 구매했습니다,22.04.26.,5,0,0,선택1: 어린이칫솔 / 선택2: 기린칫솔 / 선택3: 08-2)기린이중(7세-11세)
95,고급형이라 믿고 구매했습니다.,22.04.26.,5,0,0,선택1: 성인칫솔 / 선택2: 고급형칫솔 / 선택3: 02-1)이중모(탄력적인)
96,매번 구매해서 잘쓰고 있어요,22.04.26.,5,0,0,선택1: 성인칫솔 / 선택2: 일반형칫솔 / 선택3: 01-1)일반모(단단모)
97,처음 써보는데 만족합니다,22.04.26.,5,0,0,선택1: 성인칫솔 / 선택2: 광폭칫솔 / 선택3: 04-1)이중(탄력적인)
98,항상 사용하고 있어요,22.04.26.,5,0,0,선택1: 성인칫솔 / 선택2: 일반형칫솔 / 선택3: 01-2)이중모(탄력적인)
99,"한달사용기잘 쓰고 있고, 재구매 예정이에요.",22.04.25.,5,0,한달사용기,선택1: 교정및어금니 / 선택2: 교정칫솔 / 선택3: 05-2)슬림형(부드러운)
100,10년 넘게 이중미세모 브랜드를 쓰다가 이번에 냥이꺼 주문하다가 샘플로 사람것도 사봤는데 좋네요. 재구매할듯합니다ㅡ,22.04.09.,4,0,0,선택1: 신상 신미소칫솔 / 선택2: 이중미세모 / 선택3: 이중미세모(탄력)
101,"재구매가격은 다른 어금미 칫솔에 비해 조금 비싸도, 고양이 칫솔로 쓰기에는 이만한게 없네요.",22.04.16.,4,재구매,0,선택1: 교정및어금니 / 선택2: 어금니칫솔 / 선택3: 06-1)일반형(단단한)
102,좋은 제품 좋아요!!,22.04.28.,5,0,0,선택1: 성인칫솔 / 선택2: 고급형칫솔 / 선택3: 02-2)올슬림모(부드러운)
103,좋은 제품 좋아요!!,22.04.28.,5,0,0,선택1: 성인칫솔 / 선택2: 고급형칫솔 / 선택3: 02-1)이중모(탄력적인)
104,좋은제품 좋아요!!,22.04.28.,5,0,0,선택1: 성인칫솔 / 선택2: 광폭칫솔 / 선택3: 04-2)올슬림모(부드러운)
105,좋은 제품 좋아요!!,22.04.28.,5,0,0,선택1: 성인칫솔 / 선택2: 초미세모 / 선택3: 0)초미세모(매우부드러운)
106,"아이 칫솔 샀을때 성인꺼 서비스로 주신것 사용해 봤는데 좋아서 구매했어요~
어떤게 좋을지 몰라 이것저것 다 구매했는데 
일반모는 저한테는 좀 딱딱하고 미세모는 저한테 적당한 것 같아요",22.03.13.,5,0,0,선택1: 성인칫솔 / 선택2: 일반형칫솔 / 선택3: 01-3)올슬림모(부드러운)
107,늘 쓰던 제품이에요. 편하고 잘 닦여요,22.03.26.,5,0,0,선택1: 교정및어금니 / 선택2: 교정칫솔 / 선택3: 05-3)고급슬림형(부드러운)
108,한달사용기입안 구석구석까지 닦을수 있는 사이즈라서 좋고 잘 닦여요,22.04.16.,5,0,한달사용기,선택1: 성인칫솔 / 선택2: 일반형칫솔 / 선택3: 01-2)이중모(탄력적인)
109,한달사용기재구매이칫솔 사용하고 다른칫솔 사용할수가없어여 ᵔᴥᵔ,22.04.19.,5,재구매,한달사용기,선택1: 성인칫솔 / 선택2: 고급형칫솔 / 선택3: 02-4)미소숯올(부드러운)
110,깨끗이 상쾌하게 닦여요~,22.04.01.,5,0,0,선택1: 교정및어금니 / 선택2: 어금니칫솔 / 선택3: 06-2)돔형(단단한)
111,깨끗이 상쾌하게 닦여요~,22.04.01.,5,0,0,선택1: 성인칫솔 / 선택2: 2-3줄모 / 선택3: 03-1)두줄모(단단한)
112,깨끗이 상쾌하게 닦여요~,22.04.01.,5,0,0,선택1: 성인칫솔 / 선택2: 고급형칫솔 / 선택3: 02-1)이중모(탄력적인)
113,재주문입니다. 교정중이라...좋네용,22.03.25.,5,0,0,선택1: 성인칫솔 / 선택2: 일반형칫솔 / 선택3: 01-1)일반모(단단모)
114,항상 쓰는 칫솔이에요,22.03.31.,5,0,0,선택1: 성인칫솔 / 선택2: 고급형칫솔 / 선택3: 02-2)올슬림모(부드러운)
115,재구매좋아용 :) 매번 구매해요,22.04.17.,5,재구매,0,선택1: 신상 신미소칫솔 / 선택2: 이중미세모 / 선택3: 이중미세모(탄력)
116,너무좋아요~~~ 여기 칫솔 쓰다가 다른칫솔 못써요~~~~,22.03.25.,5,0,0,선택1: 성인칫솔 / 선택2: 일반형칫솔 / 선택3: 01-3)올슬림모(부드러운)
117,부드럽고 사용감이 좋아용,22.04.18.,5,0,0,선택1: 교정및어금니 / 선택2: 어금니칫솔 / 선택3: 06-1)일반형(단단한)
118,동생이 사놓은거 쓰다가 직접 구매해서 쓰게됐어요 가격도 좋고 품질도 좋습니다!!,22.03.16.,5,0,0,선택1: 성인칫솔 / 선택2: 고급형칫솔 / 선택3: 02-1)이중모(탄력적인)
119,한달사용기조아요 조아요 조아요 조아요 조아요 조아요 조아요,22.04.21.,5,0,한달사용기,선택1: 성인칫솔 / 선택2: 일반형칫솔 / 선택3: 01-3)올슬림모(부드러운)
120,부드럽고 사용감 좋아용,22.04.18.,5,0,0,선택1: 성인칫솔 / 선택2: 고급형칫솔 / 선택3: 02-1)이중모(탄력적인)
121,한달사용기구석구석 잘 닦이고 부드러워서 좋아요,22.04.15.,5,0,한달사용기,선택1: 성인칫솔 / 선택2: 고급형칫솔 / 선택3: 02-2)올슬림모(부드러운)
122,한달사용기구석구석 잘 닦이고 부드러워서 좋아요,22.04.15.,5,0,한달사용기,선택1: 성인칫솔 / 선택2: 일반형칫솔 / 선택3: 01-2)이중모(탄력적인)
123,"좋아요.
매년 일년치 주문해서 잘 쓰고 있습니다.",22.03.17.,5,0,0,선택1: 신상 신미소칫솔 / 선택2: 금슬림모 / 선택3: 금슬림모(부드러운)
124,가격대비 만족합니다,22.03.26.,5,0,0,선택1: 성인칫솔 / 선택2: 고급형칫솔 / 선택3: 02-1)이중모(탄력적인)
125,가격대비 만족합니다,22.03.26.,5,0,0,선택1: 성인칫솔 / 선택2: 고급형칫솔 / 선택3: 02-2)올슬림모(부드러운)
126,미세모 일수록 부드럽네요. 잘 쓰고 있습니다.,22.04.06.,5,0,0,선택1: 교정및어금니 / 선택2: 교정칫솔 / 선택3: 05-1)일반형(단단한)
127,"아이꺼 샀을때 받은 성인 칫솔이 마음이 들어 다양하게 사봤어요
일반모는 저한테 좀 딱딱하고 슬림모는 저한테 적당하네요",22.03.13.,5,0,0,선택1: 성인칫솔 / 선택2: 일반형칫솔 / 선택3: 01-2)이중모(탄력적인)
128,"아이꺼 샀을때 받은 성인 칫솔이 마음이 들어 다양하게 사봤어요
일반모는 저한테 좀 딱딱하고 슬림모는 저한테 적당하네요",22.03.13.,5,0,0,선택1: 성인칫솔 / 선택2: 일반형칫솔 / 선택3: 01-1)일반모(단단모)
129,"아이꺼 샀을때 받은 성인 칫솔이 마음이 들어 다양하게 사봤어요
일반모는 저한테 좀 딱딱하고 슬림모는 저한테 적당하네요",22.03.13.,5,0,0,선택1: 교정및어금니 / 선택2: 어금니칫솔 / 선택3: 06-1)일반형(단단한)
130,"아이꺼 샀을때 받은 성인 칫솔이 마음이 들어 다양하게 사봤어요
일반모는 저한테 좀 딱딱하고 슬림모는 저한테 적당하네요",22.03.13.,5,0,0,선택1: 성인칫솔 / 선택2: 광폭칫솔 / 선택3: 04-1)이중(탄력적인)
131,"아이꺼 샀을때 받은 성인 칫솔이 마음이 들어 다양하게 사봤어요
일반모는 저한테 좀 딱딱하고 슬림모는 저한테 적당하네요",22.03.13.,5,0,0,선택1: 성인칫솔 / 선택2: 광폭칫솔 / 선택3: 04-2)올슬림모(부드러운)
132,좋아요^^ 가족칫솔로 구매했는데 안족^^,22.04.08.,5,0,0,선택1: 성인칫솔 / 선택2: 고급형칫솔 / 선택3: 02-1)이중모(탄력적인)
133,"1단계는 처음인데 엄청부드럽네요.
너무 부드러워서 잇몸에는 좋을듯한데 치석제거는 좀 더  써봐야할듯",22.03.02.,4,0,0,선택1: 성인칫솔 / 선택2: 초미세모 / 선택3: 0)초미세모(매우부드러운)
134,아주좋아요~~~~~,22.04.20.,5,0,0,선택1: 성인칫솔 / 선택2: 일반형칫솔 / 선택3: 01-2)이중모(탄력적인)
135,골고루 주문해봤어요. 리뷰가 좋아서,22.03.17.,4,0,0,선택1: 성인칫솔 / 선택2: 일반형칫솔 / 선택3: 01-1)일반모(단단모)
136,아직 사용전인데 튼튼해보여요,22.03.22.,4,0,0,선택1: 성인칫솔 / 선택2: 일반형칫솔 / 선택3: 01-2)이중모(탄력적인)
137,늘주문하던거에요~ 한번에 또 주문합니다,22.03.17.,5,0,0,선택1: 성인칫솔 / 선택2: 광폭칫솔 / 선택3: 04-1)이중(탄력적인)
138,늘 중순해서 쓰는 제품입니다.,22.04.12.,5,0,0,선택1: 성인칫솔 / 선택2: 고급형칫솔 / 선택3: 02-2)올슬림모(부드러운)
139,"배송도 빠르고 아이들이 쓰던제품이라  좋네요
잘쓸게요",22.03.18.,5,0,0,선택1: 어린이칫솔 / 선택2: 기린칫솔 / 선택3: 08-2)기린이중(7세-11세)
140,늘사용하는 칫솔입니다 좋아요,22.03.21.,5,0,0,선택1: 성인칫솔 / 선택2: 고급형칫솔 / 선택3: 02-1)이중모(탄력적인)
141,"재구매항상 쓰고 있는 칫솔입니다. 
가족 모두 쓰고 있어요 
치과에서도 이 제품 사용하는곳 있더라구요. 만족합니다",22.03.28.,5,재구매,0,선택1: 신상 신미소칫솔 / 선택2: 이중미세모 / 선택3: 이중미세모(탄력)
142,재구매정말좋아요 재구매항상재구매,22.03.18.,5,재구매,0,선택1: 성인칫솔 / 선택2: 일반형칫솔 / 선택3: 01-2)이중모(탄력적인)
143,매번 어금니 칫솔 살때 여기서 사요 굳굳,22.04.08.,5,0,0,선택1: 교정및어금니 / 선택2: 어금니칫솔 / 선택3: 06-2)돔형(단단한)
144,"좋아요.
늘 쓰는 제품입니다.",22.03.17.,5,0,0,선택1: 신상 신미소칫솔 / 선택2: 숯슬림모 / 선택3: 숯슬림모(부드러운)
145,여러가지 구매할수 있어서 좋네요 .써보고 재구매하겠습니다,22.03.10.,5,0,0,선택1: 어린이칫솔 / 선택2: 유아칫솔 / 선택3: 07-1)유아(15개월-36개월)
146,여러가지 구매할수 있어서 좋네요 .써보고 재구매하겠습니다,22.03.10.,5,0,0,선택1: 성인칫솔 / 선택2: 고급형칫솔 / 선택3: 02-4)미소숯올(부드러운)
147,치과보다 저렴하게 사서 자주 교환해줘야겠네요.,22.04.06.,4,0,0,선택1: 교정및어금니 / 선택2: 교정칫솔 / 선택3: 05-2)슬림형(부드러운)
148,배송도 빠르고 개별포장되어 와서 좋아요~ 칫솔모도 작아서 더 잘 닦을 수 있네요,22.03.28.,5,0,0,선택1: 교정및어금니 / 선택2: 교정칫솔 / 선택3: 05-3)고급슬림형(부드러운)
149,잘도착했어요 잘쓸께요,22.03.18.,5,0,0,선택1: 어린이칫솔 / 선택2: 기린칫솔 / 선택3: 08-2)기린이중(7세-11세)
150,어금니청소에 엄청좋아요^^,22.03.19.,5,0,0,선택1: 교정및어금니 / 선택2: 어금니칫솔 / 선택3: 06-1)일반형(단단한)
151,어금니청소에 너무 좋아요^^,22.03.19.,5,0,0,선택1: 교정및어금니 / 선택2: 어금니칫솔 / 선택3: 06-2)돔형(단단한)
152,"작년 주문하고 다시 주문해서 씁니다.
좋습니더.",22.03.17.,5,0,0,선택1: 신상 신미소칫솔 / 선택2: 이중미세모 / 선택3: 이중미세모(탄력)
153,완전잘닦이구좋아요재구매각,22.03.11.,5,0,0,선택1: 교정및어금니 / 선택2: 교정칫솔 / 선택3: 05-1)일반형(단단한)
154,완전잘닦이구좋아요재구매각,22.03.11.,5,0,0,선택1: 성인칫솔 / 선택2: 2-3줄모 / 선택3: 03-1)두줄모(단단한)
155,완전잘닦이구좋아요재구매각,22.03.11.,5,0,0,선택1: 교정및어금니 / 선택2: 교정칫솔 / 선택3: 05-2)슬림형(부드러운)
156,늘 주문하던 거에요~ 좋아요,22.03.17.,5,0,0,선택1: 성인칫솔 / 선택2: 2-3줄모 / 선택3: 03-2)비타민올(세줄모)
157,"저렴하게구입했습니다.
점점 단단한 칫솔로 바꿔지네요..",22.03.07.,5,0,0,선택1: 성인칫솔 / 선택2: 일반형칫솔 / 선택3: 01-1)일반모(단단모)
158,"저렴하게구입했습니다.
점점 단단한 칫솔로 바꿔지네요..",22.03.07.,5,0,0,선택1: 성인칫솔 / 선택2: 일반형칫솔 / 선택3: 01-2)이중모(탄력적인)
159,매번 잘 쓰는 칫솔이라 쟁여두면서 쓰는 중이예요!!,22.03.14.,5,0,0,선택1: 교정및어금니 / 선택2: 교정칫솔 / 선택3: 05-3)고급슬림형(부드러운)
160,매번 잘 쓰는 칫솔이라 쟁여두면서 쓰는 중이예요!!,22.03.14.,5,0,0,선택1: 성인칫솔 / 선택2: 광폭칫솔 / 선택3: 04-1)이중(탄력적인)
161,매번 잘 쓰는 칫솔이라 쟁여두면서 쓰는 중이예요!!,22.03.14.,5,0,0,선택1: 교정및어금니 / 선택2: 교정칫솔 / 선택3: 05-2)슬림형(부드러운)
162,매번 잘 쓰는 칫솔이라 쟁여두면서 쓰는 중이예요!!,22.03.14.,5,0,0,선택1: 성인칫솔 / 선택2: 일반형칫솔 / 선택3: 01-2)이중모(탄력적인)
163,매번 잘 쓰는 칫솔이라 쟁여두면서 쓰는 중이예요!!,22.03.14.,5,0,0,선택1: 신상 신미소칫솔 / 선택2: 이중미세모 / 선택3: 이중미세모(탄력)
164,배송 빠르고 좋아요,22.03.16.,5,0,0,선택1: 성인칫솔 / 선택2: 고급형칫솔 / 선택3: 02-3)미소금올(부드러운)
165,배송 빠르고 좋아요,22.03.16.,5,0,0,선택1: 어린이칫솔 / 선택2: 너구리칫솔 / 선택3: 09-1)너구리올(24개월-6세)
166,배송 빠르고 좋아요,22.03.16.,5,0,0,선택1: 어린이칫솔 / 선택2: 기린칫솔 / 선택3: 08-1)기린올(24개월-6세)
167,배송 빠르고 좋아요,22.03.16.,5,0,0,선택1: 성인칫솔 / 선택2: 광폭칫솔 / 선택3: 04-2)올슬림모(부드러운)
168,계속 쓰던제품이라  별다른  불편한점이  없어서 구입했어요.,22.03.02.,5,0,0,선택1: 성인칫솔 / 선택2: 고급형칫솔 / 선택3: 02-3)미소금올(부드러운)
169,항상 주문하는데 만족합니다,22.04.02.,5,0,0,선택1: 성인칫솔 / 선택2: 일반형칫솔 / 선택3: 01-1)일반모(단단모)
170,"잘쓸게요
칫솔머리작아서 양치하기 편하네요",22.03.26.,5,0,0,선택1: 어린이칫솔 / 선택2: 유아칫솔 / 선택3: 07-1)유아(15개월-36개월)
171,여러가지 써보고 재구매하겠습니다,22.03.10.,5,0,0,선택1: 성인칫솔 / 선택2: 일반형칫솔 / 선택3: 01-3)올슬림모(부드러운)
172,여러가지 써보고 재구매하겠습니다,22.03.10.,5,0,0,선택1: 성인칫솔 / 선택2: 일반형칫솔 / 선택3: 01-2)이중모(탄력적인)
173,여러가지 써보고 재구매하겠습니다,22.03.10.,5,0,0,선택1: 성인칫솔 / 선택2: 일반형칫솔 / 선택3: 01-1)일반모(단단모)
174,여러가지 써보고 재구매하겠습니다,22.03.10.,5,0,0,선택1: 신상 신미소칫솔 / 선택2: 금슬림모 / 선택3: 금슬림모(부드러운)
175,여러가지 써보고 재구매하겠습니다,22.03.10.,5,0,0,선택1: 신상 신미소칫솔 / 선택2: 숯슬림모 / 선택3: 숯슬림모(부드러운)
176,여러가지 써보고 재구매하겠습니다,22.03.10.,5,0,0,선택1: 신상 신미소칫솔 / 선택2: 이중미세모 / 선택3: 이중미세모(탄력)
177,좋아요 아이가 좋아해요,22.03.09.,4,0,0,선택1: 성인칫솔 / 선택2: 일반형칫솔 / 선택3: 01-2)이중모(탄력적인)
178,"아기가 어린이집에서 사용하기 좋을 것 같아요! 
23개월 아기인데 칫솔이 아직 조금 큰 감도 있지만요~",22.02.25.,5,0,0,선택1: 성인칫솔 / 선택2: 초미세모 / 선택3: 0)초미세모(매우부드러운)
179,아이가 이게 제일 편하다고 해서 몇년째 이 칫솔만 사용하고 있어요.,22.03.24.,5,0,0,선택1: 어린이칫솔 / 선택2: 기린칫솔 / 선택3: 08-2)기린이중(7세-11세)
180,재구매배송도 빠르고 좋아요 몇번째 구매인지 모르겠네요,22.03.02.,5,재구매,0,0
181,재구매배송도 빠르고 좋아요 몇번째 구매인지 모르겠네요,22.03.02.,5,재구매,0,선택1: 성인칫솔 / 선택2: 고급형칫솔 / 선택3: 02-3)미소금올(부드러운)
182,재구매맘에 들어요 감사합니다,22.03.10.,5,재구매,0,선택1: 성인칫솔 / 선택2: 일반형칫솔 / 선택3: 01-3)올슬림모(부드러운)
183,재구매맘에 들어요 감사합니다,22.03.10.,5,재구매,0,선택1: 교정및어금니 / 선택2: 어금니칫솔 / 선택3: 06-1)일반형(단단한)
184,재구매맘에 들어요 감사합니다,22.03.10.,5,재구매,0,선택1: 성인칫솔 / 선택2: 일반형칫솔 / 선택3: 01-1)일반모(단단모)
185,재구매맘에 들어요 감사합니다,22.03.10.,5,재구매,0,선택1: 성인칫솔 / 선택2: 고급형칫솔 / 선택3: 02-2)올슬림모(부드러운)
186,리뷰좋아 ㅈㄷㆍ문했어요,22.03.17.,4,0,0,선택1: 성인칫솔 / 선택2: 고급형칫솔 / 선택3: 02-1)이중모(탄력적인)
187,아직 사용전이지만 지금 쓰고있는것보다는 좋을거같아요. 손잡이 미끄럽지않게 잘되어있어서 개당100원 추가하고 구입했어요. 혀 클리너도 덤으로 주셔서 감사해요.,22.02.09.,5,0,0,선택1: 교정및어금니 / 선택2: 교정칫솔 / 선택3: 05-3)고급슬림형(부드러운)
188,재구매이 칫솔만 쓰고 있어요 매우 만족합니다,22.03.21.,5,재구매,0,선택1: 성인칫솔 / 선택2: 광폭칫솔 / 선택3: 04-1)이중(탄력적인)
189,한달사용기조아요 조아요 조아요 조아요 조아요,22.04.21.,5,0,한달사용기,선택1: 성인칫솔 / 선택2: 고급형칫솔 / 선택3: 02-3)미소금올(부드러운)
190,한달사용기전에 사용하던제품이 아니네요.그래도 만족합니다,22.03.19.,5,0,한달사용기,선택1: 신상 신미소칫솔 / 선택2: 금슬림모 / 선택3: 금슬림모(부드러운)
191,한달사용기조아요 조아요 조아요 조아요 조아요 조아요,22.04.21.,5,0,한달사용기,선택1: 성인칫솔 / 선택2: 초미세모 / 선택3: 0)초미세모(매우부드러운)
192,재구매칫솔은 저희 집 식구 모두 다 톡톡그린꺼만 써요!,22.03.23.,5,재구매,0,선택1: 성인칫솔 / 선택2: 일반형칫솔 / 선택3: 01-2)이중모(탄력적인)
193,한달사용기잘딲이고 너무좋아요,22.03.27.,5,0,한달사용기,선택1: 성인칫솔 / 선택2: 고급형칫솔 / 선택3: 02-1)이중모(탄력적인)
194,한달사용기재구매부드럽고 칫솔모가 작아서 사용하기 좋아요,22.03.23.,5,재구매,한달사용기,선택1: 성인칫솔 / 선택2: 고급형칫솔 / 선택3: 02-1)이중모(탄력적인)
195,재구매지난번 보다 칫솔 숱이 좀 적어지고 길어진듯 해요. 지난번 것이 더 좋은것 같아요.,22.02.22.,2,재구매,0,선택1: 교정및어금니 / 선택2: 어금니칫솔 / 선택3: 06-1)일반형(단단한)
196,항상 쓰는 칫솔~~ 이칫솔 쓰다 다른 칫솔 못쓰겠네요 ㅎㅎ,22.03.23.,4,0,0,선택1: 성인칫솔 / 선택2: 일반형칫솔 / 선택3: 01-2)이중모(탄력적인)
197,칫솔은 무조건 몇년째 톡톡그린꺼 주문하고 있어요! 가격도 저렴하고 구석구석 닦이는 느낌이에요 :) 사장님 대성하세요 !,22.03.06.,5,0,0,선택1: 성인칫솔 / 선택2: 일반형칫솔 / 선택3: 01-2)이중모(탄력적인)
198,항상 쓰는 칫솔~~ 이 칫솔 쓰다 다른 칫솔 못쓰겠네요 ㅎㅎ,22.03.23.,5,0,0,선택1: 어린이칫솔 / 선택2: 너구리칫솔 / 선택3: 09-2)너구리이중(7세-11세)
199,잘받았습니다 항상 쓰던거라 이거만 찾아서 사용하게 되네요~,22.03.17.,5,0,0,선택1: 성인칫솔 / 선택2: 일반형칫솔 / 선택3: 01-2)이중모(탄력적인)
200,"아이 어금니 칫솔질이 잘 안되어 있다해서
급하게 주문했는데 배송 빠르고 좋네요",22.02.21.,5,0,0,선택1: 교정및어금니 / 선택2: 어금니칫솔 / 선택3: 06-3)슬림형(부드러운)
201,"배송도 빠르고 아빠가 원하던 제품을 여러가지로 구매할 수 있어서 너무 만족해요 다양하게 써보고
재구매 하고 싶다고 하네요
칫솔마다 케이스가 있어서 외출할 때도 편하고, 
회사에 챙겨가기도 너무 편해요",22.02.06.,5,0,0,선택1: 신상 신미소칫솔 / 선택2: 숯슬림모 / 선택3: 숯슬림모(부드러운)
202,"배송도 빠르고 아빠가 원하던 제품을 여러가지로 구매할 수 있어서 너무 만족해요 다양하게 써보고
재구매 하고 싶다고 하네요
칫솔마다 케이스가 있어서 외출할 때도 편하고, 
회사에 챙겨가기도 너무 편해요",22.02.06.,5,0,0,선택1: 성인칫솔 / 선택2: 광폭칫솔 / 선택3: 04-1)이중(탄력적인)
203,"배송도 빠르고 아빠가 원하던 제품을 여러가지로 구매할 수 있어서 너무 만족해요 다양하게 써보고
재구매 하고 싶다고 하네요
칫솔마다 케이스가 있어서 외출할 때도 편하고, 
회사에 챙겨가기도 너무 편해요",22.02.06.,5,0,0,선택1: 성인칫솔 / 선택2: 일반형칫솔 / 선택3: 01-2)이중모(탄력적인)
204,"배송도 빠르고 아빠가 원하던 제품을 여러가지로 구매할 수 있어서 너무 만족해요 다양하게 써보고
재구매 하고 싶다고 하네요
칫솔마다 케이스가 있어서 외출할 때도 편하고, 
회사에 챙겨가기도 너무 편해요",22.02.06.,5,0,0,선택1: 성인칫솔 / 선택2: 일반형칫솔 / 선택3: 01-3)올슬림모(부드러운)
205,아이 교정후 항상 저렴하게 구입해 사용하고 있어요,22.02.24.,5,0,0,선택1: 교정및어금니 / 선택2: 교정칫솔 / 선택3: 05-2)슬림형(부드러운)
206,아이 교정후 항상 저렴하게 구입해 사용하고 있어요,22.02.24.,5,0,0,선택1: 교정및어금니 / 선택2: 어금니칫솔 / 선택3: 06-1)일반형(단단한)
207,좋아요좋아요좋아요좋아요,22.03.25.,5,0,0,선택1: 교정및어금니 / 선택2: 어금니칫솔 / 선택3: 06-2)돔형(단단한)
208,좋아요좋아요좋아요좋아요,22.03.25.,5,0,0,선택1: 교정및어금니 / 선택2: 교정칫솔 / 선택3: 05-1)일반형(단단한)
209,전에 산거 5개 다 써서 같은걸로 재구매 했어요 잇몸도 약하고 여러번의 발치와 임플란트 시술 때문에 진동칫솔 쓰기 힘들어서 구매했는데 부드럽게 잘 쓸수 있어서 너무 만족해요 가지고 다니기 편하게 칫솔 케이스도 딸려 있는거라 완전 좋음,22.01.19.,5,0,0,선택1: 성인칫솔 / 선택2: 고급형칫솔 / 선택3: 02-4)미소숯올(부드러운)
210,"재구매앞서 주문했던 제품이 같은 라인의 이중모였는데 그 제품도 가격대비 정말 좋은 품질이었거든여
근데 제가 양치를 할 때 힘을 좀 주는 편인 건지 브러시가 잇몸에 조금 자극을 가하는 게 느껴지더라구여ㅠㅠ
특히 사랑니를 발치한 어금니 뒷쪽이 아직 다른 잇몸 보다 연한(?) 상태여서 그런지 긁히기도 하고...ㅎ;;;
그래서 기존에 갖고 있던 kent 극세사 칫솔을 사용하던 중 미소칫솔의 비슷한 올슬림모로 왕창 구매했어여 ㅎㅎ

아직 기존 kent 칫솔 사용한지 며칠 안되었기에 이번에 받은 올슬림모는 사용하기 전이지만 앞서 구매해서 사용해봤던 이중모도 만족스러웠기에 괜찮을 거라는 기대를 갖고 있습니다

아, 함께 보내주신 혀클리너도 감사히 잘 쓸 게여~",22.01.16.,5,재구매,0,선택1: 성인칫솔 / 선택2: 일반형칫솔 / 선택3: 01-3)올슬림모(부드러운)
211,"이번에 초미세모사서 친정어머니드렸어요. 칫솔 강도를 선택할수 있어서 좋구. 마트에서 잘 안파는 초미세모, 올슬림모 등 부드러운 치과용 칫솔을 살수 있어서 좋네요.",22.02.09.,5,0,0,선택1: 성인칫솔 / 선택2: 일반형칫솔 / 선택3: 01-3)올슬림모(부드러운)
212,좀 악세긴한데 잘닦이네요,22.03.21.,5,0,0,선택1: 신상 신미소칫솔 / 선택2: 이중미세모 / 선택3: 이중미세모(탄력)
213,저렴하고 사용감도 좋아요.,22.02.28.,5,0,0,선택1: 성인칫솔 / 선택2: 일반형칫솔 / 선택3: 01-3)올슬림모(부드러운)
214,"항상 즐겨쓰는 제품이고, 정말 품질,배송 모두 만족합니다.",22.02.23.,5,0,0,선택1: 성인칫솔 / 선택2: 일반형칫솔 / 선택3: 01-2)이중모(탄력적인)
215,"항상 즐겨쓰는 제품이고, 정말 품질,배송 모두 만족합니다.",22.02.23.,5,0,0,선택1: 성인칫솔 / 선택2: 일반형칫솔 / 선택3: 01-3)올슬림모(부드러운)
216,늘 주문하는거라 좋아요.,22.02.28.,5,0,0,선택1: 교정및어금니 / 선택2: 어금니칫솔 / 선택3: 06-1)일반형(단단한)
217,칫솔을 하나씩 원하는것을 살수 있어서 좋아요. 배송빠르고 갯수 잘못 와서 문의 드렸더니 칫솔 추가로 배송해주셨어요. 다 쓰고 또 구입하러 올께요.,22.02.09.,5,0,0,선택1: 성인칫솔 / 선택2: 광폭칫솔 / 선택3: 04-2)올슬림모(부드러운)
218,어금니칫솔 너무 좋아요. 깨끗히 닦입니다.,22.02.20.,5,0,0,선택1: 교정및어금니 / 선택2: 어금니칫솔 / 선택3: 06-2)돔형(단단한)
219,"예전에는 이중미세모 썼었는데 좀 강도가 센것같아서 이번에는 더 부드러운 올슬림모, 초미세모로 사봤어요. 써보고 후기 또 남길께요.",22.02.09.,5,0,0,선택1: 성인칫솔 / 선택2: 초미세모 / 선택3: 0)초미세모(매우부드러운)
220,한달사용기좋아요 항상 요것만 씁니다,22.03.14.,5,0,한달사용기,선택1: 성인칫솔 / 선택2: 일반형칫솔 / 선택3: 01-2)이중모(탄력적인)
221,여기칫솔만써요ㅋㅋ좋아요ㅋㅋ,22.03.18.,5,0,0,선택1: 성인칫솔 / 선택2: 고급형칫솔 / 선택3: 02-2)올슬림모(부드러운)
222,한달사용기만족하고 잘 사용중이에요.,22.03.19.,5,0,한달사용기,선택1: 성인칫솔 / 선택2: 광폭칫솔 / 선택3: 04-2)올슬림모(부드러운)
223,단단모를 사용하는데 부드러운 모도 항상 같이 사용을 해 구매를 또 했네요 알회용은 집에오는 손님들을 위해 준비를 해두었어요~~,22.02.10.,5,0,0,선택1: 성인칫솔 / 선택2: 일반형칫솔 / 선택3: 01-2)이중모(탄력적인)
224,아주쓰기편안해요 처음구매했는데 잘구매한것같아요,22.03.10.,5,0,0,선택1: 성인칫솔 / 선택2: 일반형칫솔 / 선택3: 01-3)올슬림모(부드러운)
225,한달사용기좋아요. 맘에 들어요.,22.03.18.,5,0,한달사용기,선택1: 어린이칫솔 / 선택2: 기린칫솔 / 선택3: 08-2)기린이중(7세-11세)
226,한달사용기좋아요. 맘에 들어요.,22.03.18.,5,0,한달사용기,선택1: 성인칫솔 / 선택2: 일반형칫솔 / 선택3: 01-2)이중모(탄력적인)
227,한달사용기좋아요. 맘에 들어요.,22.03.18.,5,0,한달사용기,선택1: 성인칫솔 / 선택2: 초미세모 / 선택3: 0)초미세모(매우부드러운)
228,"배송도 빠르고 아빠가 원하던 제품을 여러가지로 구매할 수 있어서 너무 만족해요
헤드가 넓어서 불편할 줄 알았는데 오히려
사용하기 편하다고 좋다고해요",22.02.06.,5,0,0,선택1: 성인칫솔 / 선택2: 광폭칫솔 / 선택3: 04-2)올슬림모(부드러운)
229,아이  어금니 칫솔질에 쓸려고 종류별로 사봤어요,22.02.21.,5,0,0,선택1: 교정및어금니 / 선택2: 어금니칫솔 / 선택3: 06-1)일반형(단단한)
230,"저희 양이들 칫솔인데 지금껏 써본것중에 좋아요
특히 어금니 씻기기 좋아요~~",22.02.18.,5,0,0,선택1: 신상 신미소칫솔 / 선택2: 이중미세모 / 선택3: 이중미세모(탄력)
231,한달사용기속시원하니 좋네요.,22.03.19.,5,0,한달사용기,선택1: 신상 신미소칫솔 / 선택2: 숯슬림모 / 선택3: 숯슬림모(부드러운)
232,"빠른배송 믿고 사봤어요 시원하게 양치가 잘되고
구석구석 양치질 최고",22.03.10.,5,0,0,선택1: 신상 신미소칫솔 / 선택2: 숯슬림모 / 선택3: 숯슬림모(부드러운)
233,늘여기서만 재구입하는데 칫솔 저렴하고 좋아요,22.02.20.,5,0,0,선택1: 성인칫솔 / 선택2: 고급형칫솔 / 선택3: 02-2)올슬림모(부드러운)
234,배송도 진짜 빠르고 여기 칫솔이 제가 쓰기에 편해요~ 칫솔 다 쓰면 또 여기서 살게요!,22.02.12.,5,0,0,선택1: 성인칫솔 / 선택2: 일반형칫솔 / 선택3: 01-1)일반모(단단모)
235,재구매떨어지면 항상 재구매 하고 있어요,22.02.22.,5,재구매,0,선택1: 교정및어금니 / 선택2: 교정칫솔 / 선택3: 05-2)슬림형(부드러운)
236,재구매항상 떨어지면 재주문 하고 있어요,22.02.22.,5,재구매,0,선택1: 교정및어금니 / 선택2: 어금니칫솔 / 선택3: 06-3)슬림형(부드러운)
237,한달사용기부드러워서 잇몸 약하신 분에게 좋을 것 같아요. 넓어서 편하긴 한데 일반칫솔 쓸 것 같아요,22.02.12.,3,0,한달사용기,선택1: 성인칫솔 / 선택2: 광폭칫솔 / 선택3: 04-1)이중(탄력적인)
238,리뷰좋아 주문했어요,22.03.17.,4,0,0,선택1: 성인칫솔 / 선택2: 광폭칫솔 / 선택3: 04-1)이중(탄력적인)
239,기린칫솔 모가 부드러워서 사용하기 좋아요,22.02.20.,5,0,0,선택1: 어린이칫솔 / 선택2: 기린칫솔 / 선택3: 08-2)기린이중(7세-11세)
240,한달사용기칫솔 항상 여기서 시켜요 좋아요!!,22.03.16.,5,0,한달사용기,선택1: 신상 신미소칫솔 / 선택2: 이중미세모 / 선택3: 이중미세모(탄력)
241,"후기가 좋아서 한가득 애기 칫솔,치약도 싹 바꿨어요",22.03.10.,5,0,0,선택1: 신상 신미소칫솔 / 선택2: 금슬림모 / 선택3: 금슬림모(부드러운)
242,칫솔 좋아요~ 여기서 항상 구매해요~,22.03.10.,5,0,0,선택1: 신상 신미소칫솔 / 선택2: 이중미세모 / 선택3: 이중미세모(탄력)
243,늘쓰던 제품 ~ 이름 넣어서 어린이집에 보내기 좋아요 저렴하고 부드럽고 이뻐요,22.02.10.,5,0,0,선택1: 어린이칫솔 / 선택2: 기린칫솔 / 선택3: 08-1)기린올(24개월-6세)
244,재구매빠른배송 감사합니다,22.02.23.,5,재구매,0,선택1: 성인칫솔 / 선택2: 일반형칫솔 / 선택3: 01-2)이중모(탄력적인)
245,재구매부드럽고 잘 닦여요^^,22.02.25.,5,재구매,0,선택1: 성인칫솔 / 선택2: 고급형칫솔 / 선택3: 02-3)미소금올(부드러운)
246,후기보고 샀어요 배송 빨라요,22.03.10.,5,0,0,선택1: 성인칫솔 / 선택2: 고급형칫솔 / 선택3: 02-1)이중모(탄력적인)
247,배송은 좀 느렸지만 제품은 좋아요 치솔모 좋구 사용감 좋아요,22.03.06.,5,0,0,선택1: 성인칫솔 / 선택2: 일반형칫솔 / 선택3: 01-3)올슬림모(부드러운)
248,온가족이 사용할꺼라서 후기 보고 샀어요,22.03.10.,5,0,0,선택1: 성인칫솔 / 선택2: 고급형칫솔 / 선택3: 02-4)미소숯올(부드러운)
249,재구매부드러워 좋아요^^,22.02.25.,5,재구매,0,선택1: 성인칫솔 / 선택2: 광폭칫솔 / 선택3: 04-2)올슬림모(부드러운)
250,대가족이라서 칫솔은 한가득 샀어요,22.03.10.,5,0,0,선택1: 성인칫솔 / 선택2: 광폭칫솔 / 선택3: 04-1)이중(탄력적인)
251,기존에 쓰던거보다 솔이 좀 날카로운(?) 느낌이에요 조심해서 써야겠어요,22.02.13.,5,0,0,선택1: 교정및어금니 / 선택2: 어금니칫솔 / 선택3: 06-1)일반형(단단한)
252,구석구석 깨끗히 칫솔질이 가능해요,22.03.10.,5,0,0,선택1: 어린이칫솔 / 선택2: 기린칫솔 / 선택3: 08-2)기린이중(7세-11세)
253,여러개 구매해서 써보고 셋트로 구매할께요~,22.03.10.,5,0,0,선택1: 성인칫솔 / 선택2: 일반형칫솔 / 선택3: 01-2)이중모(탄력적인)
254,신상이라길래 주문해봐요 배송 빨라요,22.02.13.,5,0,0,선택1: 신상 신미소칫솔 / 선택2: 숯슬림모 / 선택3: 숯슬림모(부드러운)
255,한달사용기여기 칫솔만 사용해요 다른곳 써봐도 여기만한게 없더라구요 부드럽고 너무 좋아요,22.02.28.,5,0,한달사용기,선택1: 성인칫솔 / 선택2: 고급형칫솔 / 선택3: 02-2)올슬림모(부드러운)
256,온가족 애기꺼까지 다 샀어요,22.03.10.,5,0,0,선택1: 성인칫솔 / 선택2: 고급형칫솔 / 선택3: 02-3)미소금올(부드러운)
257,패키지가 바뀐거같은데 전에 쓰던게 맞는지 모르겠어요,22.02.13.,5,0,0,선택1: 성인칫솔 / 선택2: 일반형칫솔 / 선택3: 01-3)올슬림모(부드러운)
258,맘에들어요~ 친절해요~,22.03.10.,5,0,0,선택1: 성인칫솔 / 선택2: 고급형칫솔 / 선택3: 02-2)올슬림모(부드러운)
259,빠른 배송에 믿고 많이 샀어요,22.03.10.,5,0,0,선택1: 성인칫솔 / 선택2: 광폭칫솔 / 선택3: 04-2)올슬림모(부드러운)
260,재구매계속주문해서쓰고있어요좋아요 ㅅ ㅅ,22.02.23.,4,재구매,0,선택1: 성인칫솔 / 선택2: 고급형칫솔 / 선택3: 02-2)올슬림모(부드러운)
261,치과용이라 믿고 사봤어요,22.03.10.,5,0,0,선택1: 신상 신미소칫솔 / 선택2: 이중미세모 / 선택3: 이중미세모(탄력)
262,한번에 여러개 구매했어요,22.03.10.,5,0,0,선택1: 성인칫솔 / 선택2: 고급형칫솔 / 선택3: 02-3)미소금올(부드러운)
263,아이꺼 사면서 추가주문했는데 괜찮네요,22.02.15.,5,0,0,선택1: 성인칫솔 / 선택2: 고급형칫솔 / 선택3: 02-1)이중모(탄력적인)
264,배송빨랐어요~ 좋아요~,22.03.10.,5,0,0,선택1: 성인칫솔 / 선택2: 일반형칫솔 / 선택3: 01-3)올슬림모(부드러운)
265,이중슬림모는 부드러워요,22.02.17.,5,0,0,선택1: 성인칫솔 / 선택2: 일반형칫솔 / 선택3: 01-2)이중모(탄력적인)
266,애기껏도 좋아요 감사,22.03.10.,5,0,0,선택1: 성인칫솔 / 선택2: 고급형칫솔 / 선택3: 02-2)올슬림모(부드러운)
267,칫솔은 여기서 구매해요~,22.03.10.,5,0,0,선택1: 성인칫솔 / 선택2: 고급형칫솔 / 선택3: 02-1)이중모(탄력적인)
268,빠른 배송 감사합니다,22.03.10.,5,0,0,선택1: 어린이칫솔 / 선택2: 너구리칫솔 / 선택3: 09-2)너구리이중(7세-11세)
269,가격대비 좋은거 같아요~,22.03.10.,5,0,0,선택1: 성인칫솔 / 선택2: 고급형칫솔 / 선택3: 02-4)미소숯올(부드러운)
270,한달사용기이것만 써용 좋아요~,22.03.11.,5,0,한달사용기,선택1: 성인칫솔 / 선택2: 일반형칫솔 / 선택3: 01-2)이중모(탄력적인)
271,재구매했어요 치솔모 좋아요,22.03.06.,5,0,0,선택1: 성인칫솔 / 선택2: 일반형칫솔 / 선택3: 01-2)이중모(탄력적인)
272,두껍모 혀닥을때 좋아요,22.02.17.,5,0,0,선택1: 성인칫솔 / 선택2: 일반형칫솔 / 선택3: 01-1)일반모(단단모)
273,배송도 빠르고 제품도 만족스럽네요~!,22.03.09.,5,0,0,선택1: 성인칫솔 / 선택2: 일반형칫솔 / 선택3: 01-2)이중모(탄력적인)
274,여러가지 구매했어요~~,22.03.10.,5,0,0,선택1: 신상 신미소칫솔 / 선택2: 금슬림모 / 선택3: 금슬림모(부드러운)
275,배송도 빠르고 다양해요,22.03.08.,4,0,0,선택1: 신상 신미소칫솔 / 선택2: 이중미세모 / 선택3: 이중미세모(탄력)
276,이제 교정용 칫솔이 아니면 쓸 수가 없어요 다른 칫솔은 가격도 저렴해서 아주 좋아요!,22.02.28.,5,0,0,선택1: 성인칫솔 / 선택2: 일반형칫솔 / 선택3: 01-2)이중모(탄력적인)
277,"한달사용기광폭은 처음 써보는데 너무 좋아요
앞으로 이것만 쓰게 될 거 같아요",22.02.09.,5,0,한달사용기,선택1: 성인칫솔 / 선택2: 광폭칫솔 / 선택3: 04-2)올슬림모(부드러운)
278,여러개 써보고 정착하려고요 싸게 잘 산걸 같습니다,22.02.04.,5,0,0,선택1: 성인칫솔 / 선택2: 초미세모 / 선택3: 0)초미세모(매우부드러운)
279,다른옵션 같은제품 이라 당황스럽네요,22.02.11.,4,0,0,선택1: 신상 신미소칫솔 / 선택2: 이중미세모 / 선택3: 이중미세모(탄력)
280,아이가 교정중이라 항상 이곳에서 주문하고 또 재주문해요.,22.02.28.,4,0,0,선택1: 교정및어금니 / 선택2: 교정칫솔 / 선택3: 05-3)고급슬림형(부드러운)
281,유목민이라 떠돌다 시켜봅니다 잘닦이기를 바래요,22.02.09.,5,0,0,선택1: 신상 신미소칫솔 / 선택2: 이중미세모 / 선택3: 이중미세모(탄력)
282,유목민이라 떠돌다 시켜봅니다 잘닦이기를 바래요,22.02.09.,5,0,0,선택1: 성인칫솔 / 선택2: 광폭칫솔 / 선택3: 04-1)이중(탄력적인)
283,항상여기서만주문히니요 그런데 쓰던게품절이네용 아쉽ㅜㅜ,22.02.28.,5,0,0,선택1: 성인칫솔 / 선택2: 고급형칫솔 / 선택3: 02-2)올슬림모(부드러운)
284,항상여기서만주문히니요 그런데 쓰던게품절이네용 아쉽ㅜㅜ,22.02.28.,5,0,0,선택1: 성인칫솔 / 선택2: 일반형칫솔 / 선택3: 01-3)올슬림모(부드러운)
285,항상여기서만주문히니요 그런데 쓰던게품절이네용 아쉽ㅜㅜ,22.02.28.,5,0,0,선택1: 성인칫솔 / 선택2: 일반형칫솔 / 선택3: 01-2)이중모(탄력적인)
286,재구매배송도 빠르고 계속 구매하네요~,22.02.12.,5,재구매,0,선택1: 신상 신미소칫솔 / 선택2: 이중미세모 / 선택3: 이중미세모(탄력)
287,"배송도 빠르고 미세모라서 너무 좋아요
부드럽고 잇몸마사지 하기도 좋고
혀클리너 서비스로 주셔서 감사합니다ㅎㅎ
칫솔 여기서만 사용할거같네요",22.01.24.,5,0,0,선택1: 성인칫솔 / 선택2: 초미세모 / 선택3: 0)초미세모(매우부드러운)
288,좋아요 좋아요 좋아요,22.03.08.,5,0,0,선택1: 성인칫솔 / 선택2: 고급형칫솔 / 선택3: 02-2)올슬림모(부드러운)
289,좋아요 좋아요 좋아요,22.03.08.,5,0,0,선택1: 성인칫솔 / 선택2: 광폭칫솔 / 선택3: 04-1)이중(탄력적인)
290,좋아요 좋아요 좋아요,22.03.08.,5,0,0,선택1: 어린이칫솔 / 선택2: 기린칫솔 / 선택3: 08-2)기린이중(7세-11세)
291,좋아요 좋아요 좋아요,22.03.08.,5,0,0,선택1: 교정및어금니 / 선택2: 어금니칫솔 / 선택3: 06-1)일반형(단단한)
292,좋아요 좋아요 좋아요,22.03.08.,5,0,0,선택1: 교정및어금니 / 선택2: 어금니칫솔 / 선택3: 06-3)슬림형(부드러운)
293,재구매배송도 빠르고 좋아요,22.02.12.,5,재구매,0,선택1: 성인칫솔 / 선택2: 고급형칫솔 / 선택3: 02-1)이중모(탄력적인)
294,부드러워서 잇몸마사지에 좋을거 같네용,22.02.08.,5,0,0,선택1: 성인칫솔 / 선택2: 초미세모 / 선택3: 0)초미세모(매우부드러운)
295,좋아요 교정용칫솔~,22.02.08.,5,0,0,선택1: 교정및어금니 / 선택2: 교정칫솔 / 선택3: 05-1)일반형(단단한)
296,교정중인 아이가 부드러워서 좋다고 하네요,22.02.07.,5,0,0,선택1: 교정및어금니 / 선택2: 교정칫솔 / 선택3: 05-3)고급슬림형(부드러운)
297,새로운 디자인이라 그런지 더 예뻐보이네요^^,22.02.08.,5,0,0,선택1: 신상 신미소칫솔 / 선택2: 이중미세모 / 선택3: 이중미세모(탄력)
298,옵션을 다르게 선택했는데.,22.02.11.,4,0,0,선택1: 성인칫솔 / 선택2: 일반형칫솔 / 선택3: 01-2)이중모(탄력적인)
299,늘 여기서 구매해요. 칫솔모가 부드러워 에나멜층 손상이 적어요. 이번에 더 튼튼한 소재로 바뀐 듯. 모든 칫솔에 캡이 씌워져 있어서 더 좋아요,22.01.23.,5,0,0,선택1: 신상 신미소칫솔 / 선택2: 이중미세모 / 선택3: 이중미세모(탄력)
300,성인용은 탄력이 있어 양치가 잘 되네요. 머리크기는 좀 작은 편인 것 같아요. 어린이용은 추후 사용해봐야 알 듯,22.01.24.,5,0,0,선택1: 어린이칫솔 / 선택2: 기린칫솔 / 선택3: 08-2)기린이중(7세-11세)
301,성인용은 탄력이 있어 양치가 잘 되네요. 머리크기는 좀 작은 편인 것 같아요. 어린이용은 추후 사용해봐야 알 듯,22.01.24.,5,0,0,선택1: 성인칫솔 / 선택2: 일반형칫솔 / 선택3: 01-3)올슬림모(부드러운)
302,성인용은 탄력이 있어 양치가 잘 되네요. 머리크기는 좀 작은 편인 것 같아요. 어린이용은 추후 사용해봐야 알 듯,22.01.24.,5,0,0,선택1: 성인칫솔 / 선택2: 일반형칫솔 / 선택3: 01-2)이중모(탄력적인)
303,신랑꺼로 샀는데 좋다고 하네요,22.02.08.,5,0,0,선택1: 성인칫솔 / 선택2: 광폭칫솔 / 선택3: 04-1)이중(탄력적인)
304,"이사이에 이물질 제거도 잘 되구요
성인이 쓰기에 딱 좋습니다.
더 열심히 양치하고 또 구매할게요",22.01.26.,5,0,0,선택1: 성인칫솔 / 선택2: 일반형칫솔 / 선택3: 01-2)이중모(탄력적인)
305,배송빠르고좋습 니다,22.02.10.,4,0,0,선택1: 성인칫솔 / 선택2: 고급형칫솔 / 선택3: 02-1)이중모(탄력적인)
306,이빨 사이사이 닦아주기에 좋아요!!,22.02.08.,5,0,0,선택1: 교정및어금니 / 선택2: 어금니칫솔 / 선택3: 06-3)슬림형(부드러운)
307,"항상사용하고있어요
부드럽고 가성비 좋아요",22.02.07.,5,0,0,선택1: 어린이칫솔 / 선택2: 기린칫솔 / 선택3: 08-2)기린이중(7세-11세)
308,원래 쓰던제품이라 좋습니다~,22.02.08.,5,0,0,선택1: 성인칫솔 / 선택2: 일반형칫솔 / 선택3: 01-2)이중모(탄력적인)
309,"온가족 칫솔입니다.
좋아요.",22.03.02.,5,0,0,선택1: 신상 신미소칫솔 / 선택2: 이중미세모 / 선택3: 이중미세모(탄력)
310,항상 쓰는 제품입니다. 부드럽고 좋아요.,22.01.31.,5,0,0,선택1: 성인칫솔 / 선택2: 일반형칫솔 / 선택3: 01-2)이중모(탄력적인)
311,"재구매항상사용하는 칫솔인데 아주맘에들어요.
싼가격에  잘사용하고 있답니다.",22.01.20.,5,재구매,0,선택1: 신상 신미소칫솔 / 선택2: 이중미세모 / 선택3: 이중미세모(탄력)
312,배송빠르고좋습니다 ㅅ,22.02.10.,4,0,0,선택1: 성인칫솔 / 선택2: 일반형칫솔 / 선택3: 01-2)이중모(탄력적인)
313,"한달사용기재구매어른껀 고급형사야해요
일반형은 진짜 딱딱하거나 너무부드러워요
또 구입해야겠어요",22.02.13.,5,재구매,한달사용기,선택1: 성인칫솔 / 선택2: 고급형칫솔 / 선택3: 02-1)이중모(탄력적인)
314,좋아요 많이 파세요!,22.02.08.,5,0,0,선택1: 신상 신미소칫솔 / 선택2: 이중미세모 / 선택3: 이중미세모(탄력)
315,잘 받았습니다~~~~,22.02.11.,5,0,0,선택1: 신상 신미소칫솔 / 선택2: 금슬림모 / 선택3: 금슬림모(부드러운)
316,"한달사용기부드러운 칫솔이라 주문했는데
잇몸이 안 좋다보니  그리 부드럽지는 않은거 같아요",22.02.16.,3,0,한달사용기,선택1: 성인칫솔 / 선택2: 고급형칫솔 / 선택3: 02-3)미소금올(부드러운)
317,이것저것 써보려고 샀습니다,22.02.04.,5,0,0,선택1: 성인칫솔 / 선택2: 고급형칫솔 / 선택3: 02-4)미소숯올(부드러운)
318,써봤는데 좋았습니다.,22.02.26.,5,0,0,선택1: 성인칫솔 / 선택2: 고급형칫솔 / 선택3: 02-2)올슬림모(부드러운)
319,"늘 쓰던건데 쟁여놓고 쓰다가 떨어져서 또 주문했어요 진짜 부드럽고 잘 닦이고 너무 좋아요 
좋다는거 치과 칫솔 다 써봐도 이거만한게 없네요 ㅎㅎ 금방 써서 이번엔 많이 주문했어요 사은품도 감사합니다 잘 쓸게요 :)",22.01.10.,5,0,0,선택1: 성인칫솔 / 선택2: 고급형칫솔 / 선택3: 02-2)올슬림모(부드러운)
320,잘 사용하게요!!!,22.02.08.,5,0,0,선택1: 교정및어금니 / 선택2: 어금니칫솔 / 선택3: 06-1)일반형(단단한)
321,잘 사용할게요!!!!,22.02.08.,5,0,0,선택1: 교정및어금니 / 선택2: 어금니칫솔 / 선택3: 06-2)돔형(단단한)
322,한달사용기재구매좋아요 칫솔모가 적당히 힘있고 아이들 닦이기좋네요,22.02.13.,5,재구매,한달사용기,선택1: 어린이칫솔 / 선택2: 기린칫솔 / 선택3: 08-2)기린이중(7세-11세)
323,한달사용기잇몸이 안 좋으셔서 젤 부드러운 칫솔 구매했어요,22.02.16.,4,0,한달사용기,선택1: 성인칫솔 / 선택2: 초미세모 / 선택3: 0)초미세모(매우부드러운)
324,한달사용기항상 구입하고 있는 제품이에요. 어린이 치과에서 추천해서 구입하기 시작했고 이제 아이가 꽤 컸는데도 이것만큼 편한게 없다며 계속 쓰고 있어요. 가격도 생각보다 비싸지 않고 좋아요. 계속 이용할게요,22.01.28.,5,0,한달사용기,선택1: 어린이칫솔 / 선택2: 기린칫솔 / 선택3: 08-2)기린이중(7세-11세)
325,칫솔 좋아요. 고급형 가격이 90원 올랐네요. 신상품이 나와서 사봤는데 아이들 쓰기 좋아요.,22.01.18.,5,0,0,선택1: 성인칫솔 / 선택2: 고급형칫솔 / 선택3: 02-1)이중모(탄력적인)
326,한달사용기항상 여기 칫솔만 사용해요~,22.02.19.,5,0,한달사용기,선택1: 성인칫솔 / 선택2: 고급형칫솔 / 선택3: 02-4)미소숯올(부드러운)
327,"온 가족이 늘 쓰는 제품이에요~
좋은 칫솔 계속 만들어주세요!",22.02.13.,5,0,0,선택1: 성인칫솔 / 선택2: 고급형칫솔 / 선택3: 02-2)올슬림모(부드러운)
328,고급형 칫솔 좋아요. 매번 주문합니다. 저렴하고 잘 닦입니다.,22.01.18.,5,0,0,선택1: 성인칫솔 / 선택2: 고급형칫솔 / 선택3: 02-2)올슬림모(부드러운)
329,교정중인아이꺼 항상 여기서 사서쓰고있어요,22.02.13.,4,0,0,선택1: 교정및어금니 / 선택2: 교정칫솔 / 선택3: 05-1)일반형(단단한)
330,신상 칫솔이라 구입합니다. 사용전이지만 좋을것 같아요.,22.01.18.,4,0,0,선택1: 신상 신미소칫솔 / 선택2: 이중미세모 / 선택3: 이중미세모(탄력)
331,교정중인 아이꺼 항상 여기서 사서쓰고있어요,22.02.13.,4,0,0,선택1: 교정및어금니 / 선택2: 교정칫솔 / 선택3: 05-2)슬림형(부드러운)
332,"모가 아주 쓰기에 좋네요~^^
개운합니다~",22.02.12.,5,0,0,선택1: 신상 신미소칫솔 / 선택2: 이중미세모 / 선택3: 이중미세모(탄력)
333,모가 탄탄하면서도 부드러워요. 치과칫솔쓰다가 일반칫솔못써요,22.01.19.,5,0,0,선택1: 성인칫솔 / 선택2: 일반형칫솔 / 선택3: 01-2)이중모(탄력적인)
334,"재구매잔뜩 샀다가 떨어지면 사고 있어요. 
가성비 좋고 이만한 제품 없는듯",22.01.10.,5,재구매,0,선택1: 신상 신미소칫솔 / 선택2: 숯슬림모 / 선택3: 숯슬림모(부드러운)
335,"재구매잔뜩 샀다가 떨어지면 사고 있어요. 
가성비 좋고 이만한 제품 없는듯",22.01.10.,5,재구매,0,선택1: 신상 신미소칫솔 / 선택2: 이중미세모 / 선택3: 이중미세모(탄력)
336,교정중인 아이꺼 항상 여기서 사서쓰고있어요.,22.02.13.,4,0,0,선택1: 성인칫솔 / 선택2: 일반형칫솔 / 선택3: 01-2)이중모(탄력적인)
337,교정중인 아이꺼 항상 여기서 사서쓰고있어요.,22.02.13.,4,0,0,선택1: 신상 신미소칫솔 / 선택2: 이중미세모 / 선택3: 이중미세모(탄력)
338,매번 잘 쓰고 있습니다,22.02.18.,5,0,0,선택1: 교정및어금니 / 선택2: 교정칫솔 / 선택3: 05-2)슬림형(부드러운)
339,배송도 빠르고 좋아요. 광폭 한번 써 보려고 주문했어요. 광폭쓰면 이빨 전체면 닦이에 좋을 것 같네요.,22.01.13.,5,0,0,선택1: 성인칫솔 / 선택2: 광폭칫솔 / 선택3: 04-1)이중(탄력적인)
340,좋아요. 계속적 사용하고 있습니다.,22.02.11.,4,0,0,선택1: 성인칫솔 / 선택2: 고급형칫솔 / 선택3: 02-1)이중모(탄력적인)
341,매번 잘 쓰고 있어요,22.02.18.,5,0,0,선택1: 교정및어금니 / 선택2: 교정칫솔 / 선택3: 05-1)일반형(단단한)
342,"기존꺼쓰다가 다른걸로비꿨는데…
잇몸이 너무아프네요ㅜ
제잇몸상태가안좋아서 그런지
좀더 써봐야될듯요",22.01.11.,4,0,0,선택1: 성인칫솔 / 선택2: 고급형칫솔 / 선택3: 02-1)이중모(탄력적인)
343,한달사용기재구매정말 이 제품만 쓸 만큼 칫솔 엄청 많아요. 그만큼 정말 많이 쓰고 좋습니드.,22.01.14.,5,재구매,한달사용기,선택1: 교정및어금니 / 선택2: 어금니칫솔 / 선택3: 06-3)슬림형(부드러운)
344,"늘사용하는제품입니다.
좋아요.좋아요.",22.01.22.,5,0,0,선택1: 성인칫솔 / 선택2: 고급형칫솔 / 선택3: 02-2)올슬림모(부드러운)
345,"치과전용 칫솔이 떨어져서 코로나도 있고 해서 오프라인 구입해 봤어요 기존 쓰던거랑 큰 차이 없고 일반이중모라
양치질이 개운합니다
 광폭칫솔은 치아닿는 폭이 커서인지 치아닿는 면이 많아서
잘 닦이고 좋으네요~

혀클리너 치실 잘 쓸게요",21.12.11.,4,0,0,선택1: 성인칫솔 / 선택2: 일반형칫솔 / 선택3: 01-2)이중모(탄력적인)
346,재구매가성비 좋아요. 매번 쓰는거예요,22.01.19.,5,재구매,0,선택1: 성인칫솔 / 선택2: 광폭칫솔 / 선택3: 04-2)올슬림모(부드러운)
347,진짜 좋아요 ~ 앞으로도 꾸준히쓰려구요,22.01.19.,5,0,0,선택1: 신상 신미소칫솔 / 선택2: 이중미세모 / 선택3: 이중미세모(탄력)
348,부드러워서 좋습니댐,22.01.25.,5,0,0,선택1: 성인칫솔 / 선택2: 고급형칫솔 / 선택3: 02-2)올슬림모(부드러운)
349,잘받았습니다 아이들것도 항상 구매하고있어요~,22.02.09.,5,0,0,선택1: 성인칫솔 / 선택2: 광폭칫솔 / 선택3: 04-2)올슬림모(부드러운)
350,재구매항상 구매하는 제품입니다 감사해용,22.01.21.,5,재구매,0,선택1: 성인칫솔 / 선택2: 고급형칫솔 / 선택3: 02-2)올슬림모(부드러운)
351,재구매항상 구매하는 제품입니다 감사해용,22.01.21.,5,재구매,0,선택1: 교정및어금니 / 선택2: 어금니칫솔 / 선택3: 06-1)일반형(단단한)
352,재구매항상 구매하는 제품입니다 감사해용,22.01.21.,5,재구매,0,선택1: 성인칫솔 / 선택2: 일반형칫솔 / 선택3: 01-1)일반모(단단모)
353,재구매항상 구매하는 제품입니다 감사해용,22.01.21.,5,재구매,0,선택1: 교정및어금니 / 선택2: 어금니칫솔 / 선택3: 06-3)슬림형(부드러운)
354,재구매항상 구매하는 제품입니다 감사해용,22.01.21.,5,재구매,0,선택1: 성인칫솔 / 선택2: 초미세모 / 선택3: 0)초미세모(매우부드러운)
355,한달사용기재구매정말 이 제품만 쓸 만큼 칫솔 엄청 많아요. 계속 사게 되네요,22.01.14.,5,재구매,한달사용기,선택1: 교정및어금니 / 선택2: 어금니칫솔 / 선택3: 06-3)슬림형(부드러운)
356,치과 칫솔좋아요 모가 부드러워요,22.02.08.,5,0,0,선택1: 성인칫솔 / 선택2: 일반형칫솔 / 선택3: 01-3)올슬림모(부드러운)
357,재구매만족합니다.2번째구매중입니다.,22.02.08.,4,재구매,0,선택1: 성인칫솔 / 선택2: 고급형칫솔 / 선택3: 02-3)미소금올(부드러운)
358,한달사용기잘받았습니다 감사합니다,22.02.13.,5,0,한달사용기,선택1: 교정및어금니 / 선택2: 어금니칫솔 / 선택3: 06-1)일반형(단단한)
359,한달사용기잘받았습니다 감사합니다,22.02.13.,5,0,한달사용기,선택1: 성인칫솔 / 선택2: 일반형칫솔 / 선택3: 01-1)일반모(단단모)
360,한달사용기좋아요 시중 미세모보다 나아요,22.02.08.,5,0,한달사용기,선택1: 성인칫솔 / 선택2: 고급형칫솔 / 선택3: 02-1)이중모(탄력적인)
361,항상 쓰는 칫솔이에요~ 좋아요! 다른거 못쓰겠어요~,22.02.05.,5,0,0,선택1: 성인칫솔 / 선택2: 광폭칫솔 / 선택3: 04-2)올슬림모(부드러운)
362,재구매그립감이 좋아 사용감이 좋은 것 같아요^^,22.01.23.,5,재구매,0,선택1: 성인칫솔 / 선택2: 고급형칫솔 / 선택3: 02-1)이중모(탄력적인)
363,"조금더.써봐야될듯요
단단하니 좋긴한데
제잇몸에는 강한것같아요",22.01.11.,4,0,0,선택1: 성인칫솔 / 선택2: 2-3줄모 / 선택3: 03-1)두줄모(단단한)
364,항상 쓰는칫솔인데 부모님이 주문해달라고해서 구매했어요  배송도빠르고감사합니다,22.01.08.,5,0,0,선택1: 성인칫솔 / 선택2: 고급형칫솔 / 선택3: 02-2)올슬림모(부드러운)
365,재구매항상여기서 주문해서 쓰고 있어요 항상 좋은 품질로 만족하며 사용하고 있습니다 ^^,22.02.04.,5,재구매,0,선택1: 성인칫솔 / 선택2: 광폭칫솔 / 선택3: 04-2)올슬림모(부드러운)
366,디자인도 좋고 사용하기 편하고 좋아요...,22.02.10.,4,0,0,선택1: 성인칫솔 / 선택2: 고급형칫솔 / 선택3: 02-2)올슬림모(부드러운)
367,좋아요 ~~~ ㅎㅎ 굿굿굿,22.01.23.,5,0,0,선택1: 신상 신미소칫솔 / 선택2: 이중미세모 / 선택3: 이중미세모(탄력)
368,한달사용기재구매완전 많이 가지고 있어요. 완전 좋고 계속 사고 쓰고 있어용,22.01.14.,5,재구매,한달사용기,선택1: 교정및어금니 / 선택2: 어금니칫솔 / 선택3: 06-3)슬림형(부드러운)
369,재구매작아서 꼼꼼히 닦을 수 있어 좋아요,22.02.09.,5,재구매,0,선택1: 성인칫솔 / 선택2: 고급형칫솔 / 선택3: 02-1)이중모(탄력적인)
370,완전히 좋네요 굿굿굿 ㅎㅎ,22.01.23.,5,0,0,선택1: 성인칫솔 / 선택2: 초미세모 / 선택3: 0)초미세모(매우부드러운)
371,한달사용기가성비 좋고 쓰기 편해요,22.01.21.,4,0,한달사용기,선택1: 교정및어금니 / 선택2: 교정칫솔 / 선택3: 05-2)슬림형(부드러운)
372,완전히 좋아요  굿굿굿 ~~~,22.01.23.,5,0,0,선택1: 신상 신미소칫솔 / 선택2: 숯슬림모 / 선택3: 숯슬림모(부드러운)
373,한달사용기너무 미세한모보다 좋은 것 같아요,22.02.08.,5,0,한달사용기,선택1: 교정및어금니 / 선택2: 어금니칫솔 / 선택3: 06-1)일반형(단단한)
374,잇몸속 찌꺼기가 모두 빠지는듯 개운하니 좋아요,22.02.05.,5,0,0,선택1: 성인칫솔 / 선택2: 일반형칫솔 / 선택3: 01-2)이중모(탄력적인)
375,잇몸속 찌꺼기가 모두 빠지는듯 개운하니 좋아요,22.02.05.,5,0,0,선택1: 성인칫솔 / 선택2: 고급형칫솔 / 선택3: 02-2)올슬림모(부드러운)
376,잘받앗습니다 재구매입니다~,22.02.09.,5,0,0,선택1: 성인칫솔 / 선택2: 고급형칫솔 / 선택3: 02-2)올슬림모(부드러운)
377,빠른배성 감사합니다 빠른 배송감사합니다,22.03.03.,5,0,0,선택1: 어린이칫솔 / 선택2: 기린칫솔 / 선택3: 08-1)기린올(24개월-6세)
378,이것만 써요~ 성인도 아이들도~,22.02.05.,5,0,0,선택1: 신상 신미소칫솔 / 선택2: 이중미세모 / 선택3: 이중미세모(탄력)
379,잘받았습니다 재구매예요~,22.02.09.,5,0,0,선택1: 어린이칫솔 / 선택2: 유아칫솔 / 선택3: 07-1)유아(15개월-36개월)
380,개별캡이 있어서 좋아요,22.01.19.,5,0,0,선택1: 성인칫솔 / 선택2: 고급형칫솔 / 선택3: 02-2)올슬림모(부드러운)
381,다  좋아요 굿굿굿 ~~~,22.01.23.,5,0,0,선택1: 신상 신미소칫솔 / 선택2: 금슬림모 / 선택3: 금슬림모(부드러운)
382,치솔모가 부드러워서 잇몸에 부담이 없습니다,22.02.04.,5,0,0,선택1: 성인칫솔 / 선택2: 일반형칫솔 / 선택3: 01-2)이중모(탄력적인)
383,"배송빠릅니다.
초미세모는 정말부드럽네요",22.01.16.,5,0,0,선택1: 성인칫솔 / 선택2: 초미세모 / 선택3: 0)초미세모(매우부드러운)
384,재구매매번 쓰는거예요. 좋아요,22.01.19.,5,재구매,0,선택1: 성인칫솔 / 선택2: 광폭칫솔 / 선택3: 04-1)이중(탄력적인)
385,늘 만족하며 잘 사용하고 있는 칫솔이예요~,22.01.15.,5,0,0,선택1: 성인칫솔 / 선택2: 고급형칫솔 / 선택3: 02-1)이중모(탄력적인)
386,한달사용기교정중에 잘사용하고있습니다 좋아요,22.01.15.,5,0,한달사용기,선택1: 교정및어금니 / 선택2: 교정칫솔 / 선택3: 05-2)슬림형(부드러운)
387,재구매매번 쓰는것들이예요.,22.01.19.,5,재구매,0,선택1: 성인칫솔 / 선택2: 고급형칫솔 / 선택3: 02-2)올슬림모(부드러운)
388,"조금더써봐야할둣요
단단하니좋은데
제잇몸에는 강한듯요",22.01.11.,4,0,0,선택1: 신상 신미소칫솔 / 선택2: 숯슬림모 / 선택3: 숯슬림모(부드러운)
389,배송 잘받았습니다~,22.02.09.,5,0,0,선택1: 어린이칫솔 / 선택2: 기린칫솔 / 선택3: 08-2)기린이중(7세-11세)
390,한달사용기재구매여태까지 완전 마니 샀는데 그만큼 조아요,22.01.14.,5,재구매,한달사용기,선택1: 교정및어금니 / 선택2: 어금니칫솔 / 선택3: 06-3)슬림형(부드러운)
391,좋아요 이것만써요~,22.02.05.,5,0,0,선택1: 성인칫솔 / 선택2: 일반형칫솔 / 선택3: 01-2)이중모(탄력적인)
392,한달사용기재구매ㅇ너무 좋아요. 구매 할거에요,22.01.14.,5,재구매,한달사용기,선택1: 교정및어금니 / 선택2: 어금니칫솔 / 선택3: 06-3)슬림형(부드러운)
393,한달사용기재구매완전 좋습니당. 계속 살거에ㅛ,22.01.14.,5,재구매,한달사용기,선택1: 교정및어금니 / 선택2: 어금니칫솔 / 선택3: 06-3)슬림형(부드러운)
394,항상 쓰는 칫솔이에요,22.02.05.,5,0,0,선택1: 어린이칫솔 / 선택2: 유아칫솔 / 선택3: 07-1)유아(15개월-36개월)
395,항상 사용하고 있구요. 애가 셋이라 모의 색깔로 구별해서 사주고 있습니다. 잘 쓰고 있습니다.,22.01.21.,5,0,0,선택1: 성인칫솔 / 선택2: 고급형칫솔 / 선택3: 02-3)미소금올(부드러운)
396,한달사용기항상 쓰던거 편하고 좋아요,22.01.14.,5,0,한달사용기,선택1: 성인칫솔 / 선택2: 고급형칫솔 / 선택3: 02-3)미소금올(부드러운)
397,가볍고 좋습니다!!,22.01.18.,5,0,0,선택1: 성인칫솔 / 선택2: 고급형칫솔 / 선택3: 02-2)올슬림모(부드러운)
398,한달사용기재구매완전 인생 필수템 입나다ㅏ아. 진ㅁ자 많이 사용하고 잇어요.,22.01.14.,5,재구매,한달사용기,선택1: 교정및어금니 / 선택2: 어금니칫솔 / 선택3: 06-3)슬림형(부드러운)
399,애가 셋이라 모의 색깔로 구별해서 사용하고 있습니다.,22.01.29.,5,0,0,선택1: 성인칫솔 / 선택2: 일반형칫솔 / 선택3: 01-2)이중모(탄력적인)
400,가격도 재질도 배송도 만족해요,22.01.15.,5,0,0,선택1: 어린이칫솔 / 선택2: 기린칫솔 / 선택3: 08-1)기린올(24개월-6세)
401,칫솔 크기가 작은게 좋다고 해서 아이 쓰는 거 겸용해서 한번 사 봤습니다 이도 잘 닦이고 편리하네요,22.01.03.,5,0,0,선택1: 어린이칫솔 / 선택2: 기린칫솔 / 선택3: 08-2)기린이중(7세-11세)
402,한달사용기재구매진짜 좋습니다. 계속 써용.,22.01.14.,5,재구매,한달사용기,선택1: 교정및어금니 / 선택2: 어금니칫솔 / 선택3: 06-3)슬림형(부드러운)
403,한달사용기재구매계속 구매하고 싶어요.,22.01.14.,5,재구매,한달사용기,선택1: 교정및어금니 / 선택2: 어금니칫솔 / 선택3: 06-3)슬림형(부드러운)
404,한달사용기재구매다시 사서 쓸거에요.,22.01.14.,5,재구매,한달사용기,선택1: 교정및어금니 / 선택2: 어금니칫솔 / 선택3: 06-1)일반형(단단한)
405,한달사용기재구매계속 사용할 거에요.,22.01.14.,5,재구매,한달사용기,선택1: 교정및어금니 / 선택2: 어금니칫솔 / 선택3: 06-3)슬림형(부드러운)
406,한달사용기재구매진짜 완전 좋습니다.,22.01.14.,5,재구매,한달사용기,선택1: 교정및어금니 / 선택2: 어금니칫솔 / 선택3: 06-3)슬림형(부드러운)
407,한달사용기재구매진짜 봐도봐도 너무 조아요.,22.01.14.,5,재구매,한달사용기,선택1: 교정및어금니 / 선택2: 어금니칫솔 / 선택3: 06-3)슬림형(부드러운)
408,"한달사용기늘여기서만구매해요
마트칫솔  빠이",22.01.04.,5,0,한달사용기,선택1: 성인칫솔 / 선택2: 일반형칫솔 / 선택3: 01-2)이중모(탄력적인)
409,한달사용기좋아요~~~아주좋아요,22.02.03.,5,0,한달사용기,선택1: 성인칫솔 / 선택2: 일반형칫솔 / 선택3: 01-2)이중모(탄력적인)
410,항상 쓰고 있습니다. 감상합니다.,22.01.29.,5,0,0,선택1: 성인칫솔 / 선택2: 고급형칫솔 / 선택3: 02-4)미소숯올(부드러운)
411,"잘닦이길 바라면서
2줄이라 촘촘하게 닦일듯",22.01.05.,5,0,0,선택1: 성인칫솔 / 선택2: 2-3줄모 / 선택3: 03-2)비타민올(세줄모)
412,"잘닦이길 바라면서
2줄이라 촘촘하게 닦일듯",22.01.05.,5,0,0,선택1: 성인칫솔 / 선택2: 2-3줄모 / 선택3: 03-1)두줄모(단단한)
413,만족합니다. 배송빨라요,22.01.04.,5,0,0,선택1: 교정및어금니 / 선택2: 교정칫솔 / 선택3: 05-3)고급슬림형(부드러운)
414,추천받아 써봤는데 괜찮아 다른거 시켜봤어요~,22.01.24.,5,0,0,선택1: 신상 신미소칫솔 / 선택2: 숯슬림모 / 선택3: 숯슬림모(부드러운)
415,상품잘받았습니다 굿이에요 ^^,22.01.28.,5,0,0,선택1: 신상 신미소칫솔 / 선택2: 금슬림모 / 선택3: 금슬림모(부드러운)
416,한달사용기재구매굿굿 짱 조아요. ㅋㅋㅋ,22.01.14.,5,재구매,한달사용기,선택1: 교정및어금니 / 선택2: 어금니칫솔 / 선택3: 06-3)슬림형(부드러운)
417,"한달사용기어금니 및 이 뒤쪽이 잘 안닦여서 샀어요
모에 힘이 있어서 잘 닦이고
개운해여",21.12.26.,5,0,한달사용기,선택1: 교정및어금니 / 선택2: 어금니칫솔 / 선택3: 06-2)돔형(단단한)
418,재구매좋아요 4년째 쓰고잇어요,22.01.03.,5,재구매,0,선택1: 성인칫솔 / 선택2: 고급형칫솔 / 선택3: 02-1)이중모(탄력적인)
419,재구매좋아요 4년째 쓰고잇어요,22.01.03.,5,재구매,0,선택1: 성인칫솔 / 선택2: 고급형칫솔 / 선택3: 02-2)올슬림모(부드러운)
420,"일반 이중모 칫솔만 쓰다가 광폭칫솔 써보고 싶어
구입했는데 칫솔모 폭이 넓어서 고루 잘 닦이네요
칫솔모 강도도 저에게는 잘 맞아요

주신 사은품 잘 쓸게요",21.12.11.,4,0,0,선택1: 성인칫솔 / 선택2: 광폭칫솔 / 선택3: 04-1)이중(탄력적인)
421,"재구매항상 쓰고 있어요
4년넘게 여기만써요",22.01.03.,5,재구매,0,선택1: 성인칫솔 / 선택2: 일반형칫솔 / 선택3: 01-3)올슬림모(부드러운)
422,배송빨라요! 늘 주문하던 곳이라 재구매했습니다! 어금니 칫솔모도 부드럽고 두줄칫솔이 교정중인 저에게 정말 딱인 제품이라 양치가 더욱 잘됩니다!,21.12.14.,5,0,0,선택1: 성인칫솔 / 선택2: 2-3줄모 / 선택3: 03-1)두줄모(단단한)
423,배송빨라요! 늘 주문하던 곳이라 재구매했습니다! 어금니 칫솔모도 부드럽고 두줄칫솔이 교정중인 저에게 정말 딱인 제품이라 양치가 더욱 잘됩니다!,21.12.14.,5,0,0,선택1: 교정및어금니 / 선택2: 교정칫솔 / 선택3: 05-3)고급슬림형(부드러운)
424,배송빨라요! 늘 주문하던 곳이라 재구매했습니다! 어금니 칫솔모도 부드럽고 두줄칫솔이 교정중인 저에게 정말 딱인 제품이라 양치가 더욱 잘됩니다!,21.12.14.,5,0,0,선택1: 교정및어금니 / 선택2: 어금니칫솔 / 선택3: 06-3)슬림형(부드러운)
425,한달사용기부드럽고 좋아요~!,22.01.28.,5,0,한달사용기,선택1: 성인칫솔 / 선택2: 고급형칫솔 / 선택3: 02-2)올슬림모(부드러운)
426,재구매좋아요 맘에들어요 배송도 빠르고 포장도 안전하게 왔어요 담에 또구매할게요~~!,21.12.24.,5,재구매,0,선택1: 성인칫솔 / 선택2: 고급형칫솔 / 선택3: 02-1)이중모(탄력적인)
427,늘 쓰는 칫솔입니다. ^^,22.01.05.,4,0,0,선택1: 성인칫솔 / 선택2: 광폭칫솔 / 선택3: 04-2)올슬림모(부드러운)
428,늘 쓰는 칫솔입니다. ^^,22.01.05.,4,0,0,선택1: 교정및어금니 / 선택2: 어금니칫솔 / 선택3: 06-3)슬림형(부드러운)
429,늘 쓰는 칫솔입니다. ^^,22.01.05.,4,0,0,선택1: 성인칫솔 / 선택2: 일반형칫솔 / 선택3: 01-3)올슬림모(부드러운)
430,늘 쓰는 칫솔입니다. ^^,22.01.05.,4,0,0,선택1: 신상 신미소칫솔 / 선택2: 금슬림모 / 선택3: 금슬림모(부드러운)
431,재구매좋아요 좋아요~^^,22.02.16.,4,재구매,0,선택1: 신상 신미소칫솔 / 선택2: 이중미세모 / 선택3: 이중미세모(탄력)
432,재구매좋아요 좋아요~^^,22.02.16.,4,재구매,0,선택1: 어린이칫솔 / 선택2: 유아칫솔 / 선택3: 07-1)유아(15개월-36개월)
433,재구매좋아요 좋아요~^^,22.02.16.,4,재구매,0,선택1: 성인칫솔 / 선택2: 일반형칫솔 / 선택3: 01-2)이중모(탄력적인)
434,매번 주문해요 좋어요,22.01.25.,5,0,0,선택1: 성인칫솔 / 선택2: 일반형칫솔 / 선택3: 01-1)일반모(단단모)
435,매번 주문해요 좋아요,22.01.25.,5,0,0,선택1: 성인칫솔 / 선택2: 고급형칫솔 / 선택3: 02-2)올슬림모(부드러운)
436,"계속해서 구입해서 사용하고 있는 제품입니다
저는 부드러우면서 견고해 잘 사용하고 있어요",22.01.14.,4,0,0,선택1: 성인칫솔 / 선택2: 고급형칫솔 / 선택3: 02-1)이중모(탄력적인)
437,포장상태 괜찮고 배송 빠릅니다,22.01.20.,5,0,0,선택1: 성인칫솔 / 선택2: 고급형칫솔 / 선택3: 02-2)올슬림모(부드러운)
438,한달사용기잘 사용하고 있습니다,22.01.22.,5,0,한달사용기,선택1: 성인칫솔 / 선택2: 초미세모 / 선택3: 0)초미세모(매우부드러운)
439,잘 닦여요 교정 장치사이도 잘 닦입니다,22.01.15.,5,0,0,선택1: 교정및어금니 / 선택2: 어금니칫솔 / 선택3: 06-1)일반형(단단한)
440,재구매항상 사용하고 있습니다..너무 좋아요,21.12.30.,5,재구매,0,선택1: 성인칫솔 / 선택2: 고급형칫솔 / 선택3: 02-1)이중모(탄력적인)
441,한달사용기재구매칫솔헤드도작고 닦기좋습니다~,22.01.20.,5,재구매,한달사용기,선택1: 성인칫솔 / 선택2: 고급형칫솔 / 선택3: 02-2)올슬림모(부드러운)
442,한달사용기재구매칫솔헤드도작고 닦기좋습니다~,22.01.20.,5,재구매,한달사용기,선택1: 교정및어금니 / 선택2: 교정칫솔 / 선택3: 05-3)고급슬림형(부드러운)
443,잇몸안 좋아서 젤 부드럽다길래 주문했는데 만져보니 부드럽네요,21.12.24.,5,0,0,선택1: 성인칫솔 / 선택2: 초미세모 / 선택3: 0)초미세모(매우부드러운)
444,"사랑니 발치 후 부드럽고 헤드가 작은 칫솔을 선호하게 되어 지금까지 켄트 칫솔을 사용하고 있었는데, 이번에 스케일링 하러 치과에 갔다가 의사쌤이 이 제품을 추천해 주셔서 구매하게 됐어여
켄트 칫솔이 워낙 부드럽고 헤드 크기도 딱 좋아서 그것만큼 할까 싶었는데 요거요거 정말 갠츈하네여
혹시 몰라서 회사용, 집안용, 여분 1개 이렇게 총 3개만 일단 구매했던 건데 사용해보니 더 쟁여놔야겠다 싶어여

솔 부분은 기존 사용하던 켄트 칫솔이 제일 부드러운 모라 잇몸에 자극이 덜하긴 했지만 혓바닥을 닦을 때는 뭔가 개운함이 덜했기에 이 미소칫솔은 일반 이중모로 구매했는데 선택을 잘한 것 같아여~!

잇몸에도 자극적이지 않으면서 어금니 뒷쪽까지 구석구석 잘 들어가는 크기에 극세사와 일반미세모의 이중모라 혓바닥 닦기에도 딴딴함이 있어 사용하기 너무 좋네여",21.10.03.,5,0,0,선택1: 성인칫솔 / 선택2: 일반형칫솔 / 선택3: 01-2)이중모(탄력적인)
445,늘사용하는제품이예요 만족합니다,21.12.28.,5,0,0,선택1: 교정및어금니 / 선택2: 교정칫솔 / 선택3: 05-2)슬림형(부드러운)
446,치과 칫솔사용하다 일반칫솔사용하면 잇몸이 너무아파서 꼭 치과칫솔사용합니다,22.01.19.,5,0,0,선택1: 성인칫솔 / 선택2: 일반형칫솔 / 선택3: 01-3)올슬림모(부드러운)
447,재구매맘에 들어요 감사합니다,21.12.30.,5,재구매,0,선택1: 성인칫솔 / 선택2: 초미세모 / 선택3: 0)초미세모(매우부드러운)
448,재구매맘에 들어요 감사합니다,21.12.30.,5,재구매,0,선택1: 성인칫솔 / 선택2: 일반형칫솔 / 선택3: 01-1)일반모(단단모)
449,재구매맘에 들어요 감사합니다,21.12.30.,5,재구매,0,선택1: 성인칫솔 / 선택2: 고급형칫솔 / 선택3: 02-2)올슬림모(부드러운)
450,재구매맘에 들어요 감사합니다,21.12.30.,5,재구매,0,선택1: 교정및어금니 / 선택2: 어금니칫솔 / 선택3: 06-3)슬림형(부드러운)
451,재구매재구매 입니다~너무 조아요,21.12.29.,5,재구매,0,선택1: 성인칫솔 / 선택2: 고급형칫솔 / 선택3: 02-1)이중모(탄력적인)
452,늘 믿고 쓰는 제품이에요 :),21.12.30.,5,0,0,선택1: 어린이칫솔 / 선택2: 기린칫솔 / 선택3: 08-2)기린이중(7세-11세)
453,잘 받았습니다 번창하세요,21.12.28.,5,0,0,선택1: 교정및어금니 / 선택2: 교정칫솔 / 선택3: 05-1)일반형(단단한)
454,잘 받았습니다 번창하세요,21.12.28.,5,0,0,선택1: 어린이칫솔 / 선택2: 기린칫솔 / 선택3: 08-2)기린이중(7세-11세)
455,늘 사용하고 있구요 재구매할께요,21.12.28.,4,0,0,선택1: 교정및어금니 / 선택2: 교정칫솔 / 선택3: 05-2)슬림형(부드러운)
456,배송도 빠르고 늘 믿고 쓰는제품입니다.,22.01.15.,5,0,0,선택1: 교정및어금니 / 선택2: 어금니칫솔 / 선택3: 06-2)돔형(단단한)
457,배송도 빠르고 늘 믿고사는 제품입니다.,22.01.15.,5,0,0,선택1: 어린이칫솔 / 선택2: 기린칫솔 / 선택3: 08-2)기린이중(7세-11세)
458,재구매아주아주 굿입니다.,22.01.20.,5,재구매,0,선택1: 성인칫솔 / 선택2: 고급형칫솔 / 선택3: 02-1)이중모(탄력적인)
459,교정한 아들이 치과에서 받았던 칫솔인데 10년째 이 칫솔만 고집합니다. 다 좋은데 낱개 포장에 낱개 칫솔모 보호캡..!!은 환경 문제가 심각한 요즘 실정에 맞지 않은 것 같습니다. 바꾸어주시길 바랍니다.,21.12.04.,5,0,0,선택1: 성인칫솔 / 선택2: 고급형칫솔 / 선택3: 02-1)이중모(탄력적인)
460,한달사용기작아서 구석구석 양치하기좋아요~,22.01.14.,5,0,한달사용기,선택1: 성인칫솔 / 선택2: 일반형칫솔 / 선택3: 01-3)올슬림모(부드러운)
461,사용전이지만 좋아보이네요,21.12.24.,5,0,0,선택1: 성인칫솔 / 선택2: 고급형칫솔 / 선택3: 02-3)미소금올(부드러운)
462,"재구매품질 좋고 쌉니다.
적당히 쓰고 버리기 딱 좋아요",22.01.11.,5,재구매,0,선택1: 성인칫솔 / 선택2: 고급형칫솔 / 선택3: 02-1)이중모(탄력적인)
463,재구매칫솔질이 꼼꼼히 되어서 좋아요,21.12.23.,5,재구매,0,선택1: 성인칫솔 / 선택2: 일반형칫솔 / 선택3: 01-2)이중모(탄력적인)
464,재구매칫솔질이 꼼꼼히 되어서 좋아요,21.12.23.,5,재구매,0,선택1: 성인칫솔 / 선택2: 광폭칫솔 / 선택3: 04-1)이중(탄력적인)
465,"모빠짐 없고
부드러운 모가 아니라서 
탄력있다해야하나..탄탄하다해야하나 
부드러운모만 쓰다 바꿨는데
잇몸에 자극이 조금 있네요
나쁘진 않아요",21.12.06.,5,0,0,선택1: 성인칫솔 / 선택2: 일반형칫솔 / 선택3: 01-3)올슬림모(부드러운)
466,좋아요 많이 파세요,22.01.14.,5,0,0,선택1: 성인칫솔 / 선택2: 초미세모 / 선택3: 0)초미세모(매우부드러운)
467,좋아요 많이 파세요,22.01.14.,5,0,0,선택1: 성인칫솔 / 선택2: 일반형칫솔 / 선택3: 01-3)올슬림모(부드러운)
468,좋아요 많이 파세요,22.01.14.,5,0,0,선택1: 성인칫솔 / 선택2: 고급형칫솔 / 선택3: 02-1)이중모(탄력적인)
469,좋아요 많이 파세요,22.01.14.,5,0,0,선택1: 성인칫솔 / 선택2: 고급형칫솔 / 선택3: 02-2)올슬림모(부드러운)
470,좋아요 많이 파세요,22.01.14.,5,0,0,선택1: 성인칫솔 / 선택2: 고급형칫솔 / 선택3: 02-3)미소금올(부드러운)
471,항상 사용하던 칫솔입니다. 잘쓰겠습니다.,22.01.05.,5,0,0,0
472,일제광폭칫솔 약국에서 사서 써보고 넘넘 좋아하는 신랑을 위해 검색했는데 인터넷에도 파네요ㅎ치과칫솔이니 믿고 써보라했어요,21.12.05.,5,0,0,선택1: 성인칫솔 / 선택2: 광폭칫솔 / 선택3: 04-2)올슬림모(부드러운)
473,치과에서 하나 받아 써보고 넘 맘에 들어 찾았어요 나의 치아를 평생 책임질 소중한 칫솔이 될꺼 같애요^^,21.12.05.,5,0,0,선택1: 성인칫솔 / 선택2: 고급형칫솔 / 선택3: 02-1)이중모(탄력적인)
474,"아직 써보진 않았지만 치과에 들어간다는 칫솔이라는거에 혹해서 사봤고 다른 분들 후기도 괜찮았고 그래서 선택했어요.
낱개 포장이 돼 있고 칫솔모캡까지 씌워져있는데 쓸데없는 이중포장인것 같아서 아깝네요.
그리고 낱개포장말고 10개,20개 벌크포장으로도 판매를 하신다면 소비자는 쓸데없는 낱개 포장을 안받아도 되고 그대신 조금 저렴한 가격에 구매,판매자도 낱개 포장에 들어가는 수공 절감이 될것 같거든요.
낱개 포장이 필요없는데 포장 바로 벗겨서 그대로 다 버려지니 아까운 생각이 들어서 주절거려봤어요~",21.11.04.,5,0,0,선택1: 어린이칫솔 / 선택2: 너구리칫솔 / 선택3: 09-2)너구리이중(7세-11세)
475,재구매꼼꼼히 잘 되어요 좋네요,21.12.23.,5,재구매,0,선택1: 성인칫솔 / 선택2: 고급형칫솔 / 선택3: 02-3)미소금올(부드러운)
476,재구매부드러운게 잇몸에도 좋은거 같아요,21.12.17.,5,재구매,0,선택1: 성인칫솔 / 선택2: 일반형칫솔 / 선택3: 01-3)올슬림모(부드러운)
477,솔이 단단하면서도 균일하고 안아파요. 가격도 좋고 배송도 빠르고. 골라쓰라고 슬림세트에 추가 구매해봤어요.,21.11.19.,5,0,0,선택1: 교정및어금니 / 선택2: 교정칫솔 / 선택3: 05-1)일반형(단단한)
478,일반모보다 미세모가 좋습니다. 여러 칫솔 써봐도 이게 최고예요. 3주에 한번씩 새 칫솔로 바꿔가며 사용해서 한 번에 많이 샀어요,21.11.30.,5,0,0,선택1: 성인칫솔 / 선택2: 일반형칫솔 / 선택3: 01-3)올슬림모(부드러운)
479,여러종류의 칫솔을 다 써봐도 이게 최고예요. 헤드가 작아서 구석구석 잘 닦이고 다른 것에 비해 확실히 좋아요.,21.11.30.,5,0,0,선택1: 성인칫솔 / 선택2: 일반형칫솔 / 선택3: 01-1)일반모(단단모)
480,재구매늘 이것만 써요..,22.01.11.,5,재구매,0,선택1: 교정및어금니 / 선택2: 어금니칫솔 / 선택3: 06-1)일반형(단단한)
481,재구매늘 이것만 써요..,22.01.11.,5,재구매,0,선택1: 교정및어금니 / 선택2: 교정칫솔 / 선택3: 05-3)고급슬림형(부드러운)
482,재구매거의 2년동안 사용하고 있어요,21.12.17.,5,재구매,0,선택1: 교정및어금니 / 선택2: 교정칫솔 / 선택3: 05-2)슬림형(부드러운)
483,재구매어금니 칫솔질하기 편해요,21.12.17.,5,재구매,0,선택1: 교정및어금니 / 선택2: 어금니칫솔 / 선택3: 06-3)슬림형(부드러운)
484,재구매늘함께하는 칫솔입니다 좋은 제품입니다,22.01.05.,5,재구매,0,선택1: 성인칫솔 / 선택2: 고급형칫솔 / 선택3: 02-2)올슬림모(부드러운)
485,모와 손잡이가 일반모보다 나아요. 골라쓸 수 있게 사이트가 좋고 깔끔한 배송도 맘에 들어요.,21.11.19.,5,0,0,선택1: 교정및어금니 / 선택2: 교정칫솔 / 선택3: 05-3)고급슬림형(부드러운)
486,한달사용기괜찮은것 같아요.. .,22.01.10.,5,0,한달사용기,선택1: 성인칫솔 / 선택2: 고급형칫솔 / 선택3: 02-2)올슬림모(부드러운)
487,재구매배송빠르고 잘쓰고있습니다,21.12.15.,5,재구매,0,선택1: 성인칫솔 / 선택2: 고급형칫솔 / 선택3: 02-1)이중모(탄력적인)
488,어른칫솔 아기칫솔 다 여기서 사요,22.01.04.,5,0,0,선택1: 교정및어금니 / 선택2: 교정칫솔 / 선택3: 05-3)고급슬림형(부드러운)
489,치과에서 준 칫솔 써보니 넘넘 좋아서 찾았는데 있네요ㅎ 귯~,21.12.05.,5,0,0,선택1: 성인칫솔 / 선택2: 고급형칫솔 / 선택3: 02-4)미소숯올(부드러운)
490,치과에서 받아 써보고 너무 좋아서 꾸준히 쓸려구 찾았어요 좋아요좋아^^,21.12.05.,5,0,0,선택1: 성인칫솔 / 선택2: 고급형칫솔 / 선택3: 02-2)올슬림모(부드러운)
491,광폭칫솔 신랑이 좋아해서 사 드렸어요 찾아보니 있긴 있네요ㅎ,21.12.05.,5,0,0,선택1: 성인칫솔 / 선택2: 광폭칫솔 / 선택3: 04-1)이중(탄력적인)
492,항상 잘 사용하고 있습니다,21.12.14.,5,0,0,선택1: 성인칫솔 / 선택2: 일반형칫솔 / 선택3: 01-2)이중모(탄력적인)
493,기존에쓰던거 재주문햇어요,21.12.13.,5,0,0,선택1: 성인칫솔 / 선택2: 일반형칫솔 / 선택3: 01-2)이중모(탄력적인)
494,여기서 늘 사요 좋아오,22.01.04.,5,0,0,선택1: 성인칫솔 / 선택2: 고급형칫솔 / 선택3: 02-2)올슬림모(부드러운)
495,"이중슬림이 부드러워딱좋네요.
일반모 12개.슬림모12개샀는데..혀클리너가 안들어왔어요.담엔 꼭 하나더 넣어주세요.9001",21.12.18.,5,0,0,선택1: 성인칫솔 / 선택2: 일반형칫솔 / 선택3: 01-1)일반모(단단모)
496,잘 사용하고 있습니다,21.12.14.,5,0,0,선택1: 교정및어금니 / 선택2: 어금니칫솔 / 선택3: 06-1)일반형(단단한)
497,재구매좋은상품 감사합니다 번창하세요,22.01.01.,5,재구매,0,선택1: 성인칫솔 / 선택2: 초미세모 / 선택3: 0)초미세모(매우부드러운)
498,교정 중이라 칫솔 구매합니다.,22.01.02.,5,0,0,선택1: 교정및어금니 / 선택2: 교정칫솔 / 선택3: 05-1)일반형(단단한)
499,치과에서 준 칫솔~찾아보니 있네요~넘넘 좋아용~,21.12.05.,5,0,0,선택1: 성인칫솔 / 선택2: 고급형칫솔 / 선택3: 02-3)미소금올(부드러운)
500,한달사용기재구매성인칫솔은별로에요.옆에 한가닥 삐져나와서 놀랫어요,21.12.01.,4,재구매,한달사용기,선택1: 교정및어금니 / 선택2: 어금니칫솔 / 선택3: 06-2)돔형(단단한)
501,"재구매해요 
전에 구매한거 다써서 가족들이 잘닦인다고 해요",21.12.21.,5,0,0,선택1: 성인칫솔 / 선택2: 2-3줄모 / 선택3: 03-2)비타민올(세줄모)
502,"재구매배송빠르고 부드러워요.
아이들도 좋아하는 칫솔이예요.",21.12.01.,5,재구매,0,선택1: 어린이칫솔 / 선택2: 기린칫솔 / 선택3: 08-1)기린올(24개월-6세)
503,"재구매배송빠르고 부드러워요.
아이들도 좋아하는 칫솔이예요.",21.12.01.,5,재구매,0,선택1: 성인칫솔 / 선택2: 일반형칫솔 / 선택3: 01-3)올슬림모(부드러운)
504,치아 프로그램에서 어금니 칫솔을 써주면 좋타길래 써볼려구 샀어요~,21.12.05.,5,0,0,선택1: 교정및어금니 / 선택2: 어금니칫솔 / 선택3: 06-1)일반형(단단한)
505,한달사용기잘 사용하고 있어요~ 칫솔모가 튼튼하기도 하고 손잡이 부분이 편하게 되어있어요~,21.11.30.,4,0,한달사용기,선택1: 어린이칫솔 / 선택2: 기린칫솔 / 선택3: 08-2)기린이중(7세-11세)
506,아이가 좋아해요 잘 쓰고있어요,21.12.05.,4,0,0,선택1: 성인칫솔 / 선택2: 일반형칫솔 / 선택3: 01-2)이중모(탄력적인)
507,치과칫솔 사은품으로 받아 써보니 좋아서 상자로 시켰어요,21.12.24.,4,0,0,선택1: 성인칫솔 / 선택2: 일반형칫솔 / 선택3: 01-2)이중모(탄력적인)
508,항상사용하고 있어요,21.12.31.,5,0,0,선택1: 성인칫솔 / 선택2: 초미세모 / 선택3: 0)초미세모(매우부드러운)
509,재구매맘에 들어요 감사합니다,21.12.30.,5,재구매,0,선택1: 교정및어금니 / 선택2: 어금니칫솔 / 선택3: 06-1)일반형(단단한)
510,재구매좋아요~~~~~~~,22.01.08.,5,재구매,0,선택1: 성인칫솔 / 선택2: 일반형칫솔 / 선택3: 01-2)이중모(탄력적인)
511,가격대비 이만한 제품이 없어요,21.12.27.,4,0,0,선택1: 성인칫솔 / 선택2: 광폭칫솔 / 선택3: 04-1)이중(탄력적인)
512,가격대비 이만한제품이 없어요,21.12.27.,4,0,0,선택1: 성인칫솔 / 선택2: 고급형칫솔 / 선택3: 02-4)미소숯올(부드러운)
513,가격대비 이만한 제품이 없어요,21.12.27.,4,0,0,선택1: 성인칫솔 / 선택2: 광폭칫솔 / 선택3: 04-2)올슬림모(부드러운)
514,추천받아 쓰다가 좋아서 다시 재구매 해보아요 ^^,21.12.05.,5,0,0,선택1: 어린이칫솔 / 선택2: 너구리칫솔 / 선택3: 09-1)너구리올(24개월-6세)
515,추천받아 쓰다가 좋아서 다시 재구매 해보아요 ^^,21.12.05.,5,0,0,선택1: 성인칫솔 / 선택2: 고급형칫솔 / 선택3: 02-2)올슬림모(부드러운)
516,추천받아 쓰다가 좋아서 다시 재구매 해보아요 ^^,21.12.05.,5,0,0,선택1: 성인칫솔 / 선택2: 고급형칫솔 / 선택3: 02-1)이중모(탄력적인)
517,"한달사용기배송도 빠르고 포장도 좋아요. 무엇보다 제품이 넘 만족스럽습니다.
다음에 또 구매할게요.",21.12.15.,5,0,한달사용기,선택1: 성인칫솔 / 선택2: 일반형칫솔 / 선택3: 01-2)이중모(탄력적인)
518,"손잡이 뒤에가 너무 더러웠어요... 
벌크형이였는데 박스에서 꺼내서  디 닦아내고 비닐에 담이 보관중이에요  
시킨 칫솔 모두가 그랬는데  만드는 환경이 
과연  깨끗한건지 의심이 드네요....",21.12.07.,3,0,0,선택1: 성인칫솔 / 선택2: 광폭칫솔 / 선택3: 04-2)올슬림모(부드러운)
519,"손잡이 뒤에가 너무 더러웠어요... 
벌크형이였는데 박스에서 꺼내서  디 닦아내고 비닐에 담이 보관중이에요  
시킨 칫솔 모두가 그랬는데  만드는 환경이 
과연  깨끗한건지 의심이 드네요....",21.12.07.,2,0,0,선택1: 성인칫솔 / 선택2: 고급형칫솔 / 선택3: 02-1)이중모(탄력적인)
520,계속 쓰던 제품 떨어지면 재구매함,21.12.06.,5,0,0,선택1: 성인칫솔 / 선택2: 일반형칫솔 / 선택3: 01-2)이중모(탄력적인)
521,재구매매번 구매합니다 좋아요,21.12.08.,5,재구매,0,선택1: 성인칫솔 / 선택2: 초미세모 / 선택3: 0)초미세모(매우부드러운)
522,재구매매번 구매합니다 좋아요,21.12.08.,5,재구매,0,선택1: 성인칫솔 / 선택2: 일반형칫솔 / 선택3: 01-3)올슬림모(부드러운)
523,계속 재구매 떨어지면 또 구매중,21.12.06.,5,0,0,선택1: 성인칫솔 / 선택2: 고급형칫솔 / 선택3: 02-1)이중모(탄력적인)
524,"계속 써던거라
좋아요
아이들도 잘쓰고
4인가족 색상별 사용",21.12.22.,5,0,0,선택1: 성인칫솔 / 선택2: 고급형칫솔 / 선택3: 02-1)이중모(탄력적인)
525,잘 사용하고 있습니당!,21.12.08.,5,0,0,선택1: 성인칫솔 / 선택2: 광폭칫솔 / 선택3: 04-1)이중(탄력적인)
526,잘 사용하고 있습니당!,21.12.08.,5,0,0,선택1: 성인칫솔 / 선택2: 광폭칫솔 / 선택3: 04-2)올슬림모(부드러운)
527,치과칫솔 좋아요. 잘 닦여요,21.12.24.,4,0,0,선택1: 성인칫솔 / 선택2: 일반형칫솔 / 선택3: 01-1)일반모(단단모)
528,한달사용기치과에서 처음 주셔서 써보고 좋아 찾아서 주문했어요 가격도 좋네요,21.12.15.,5,0,한달사용기,선택1: 교정및어금니 / 선택2: 교정칫솔 / 선택3: 05-3)고급슬림형(부드러운)
529,구석구석 잘 닦이고 구성도 좋아요,21.12.04.,5,0,0,선택1: 교정및어금니 / 선택2: 어금니칫솔 / 선택3: 06-2)돔형(단단한)
530,재구매늘 구매하는 제품입니다~~,21.12.07.,5,재구매,0,선택1: 성인칫솔 / 선택2: 일반형칫솔 / 선택3: 01-2)이중모(탄력적인)
531,치과칫솔이어서 구석구석 잘 닦여요,21.12.24.,4,0,0,선택1: 성인칫솔 / 선택2: 일반형칫솔 / 선택3: 01-3)올슬림모(부드러운)
532,재구매늘 구매하는 제품이에요!!!,21.12.07.,5,재구매,0,선택1: 교정및어금니 / 선택2: 어금니칫솔 / 선택3: 06-1)일반형(단단한)
533,한달사용기배송도 빠르고 포장도 좋아요. 무엇보다 제품이 넘 만족스럽습니다.,21.12.15.,5,0,한달사용기,선택1: 성인칫솔 / 선택2: 2-3줄모 / 선택3: 03-2)비타민올(세줄모)
534,항상 여기서 재구매 합니다,21.12.04.,5,0,0,선택1: 성인칫솔 / 선택2: 일반형칫솔 / 선택3: 01-3)올슬림모(부드러운)
535,항상 여기서 재구매 합니다,21.12.04.,5,0,0,선택1: 성인칫솔 / 선택2: 일반형칫솔 / 선택3: 01-2)이중모(탄력적인)
536,아주 좋아요 재구매 예정,21.12.20.,5,0,0,선택1: 교정및어금니 / 선택2: 교정칫솔 / 선택3: 05-1)일반형(단단한)
537,아주 좋아요 재구매 예정,21.12.20.,5,0,0,선택1: 성인칫솔 / 선택2: 고급형칫솔 / 선택3: 02-1)이중모(탄력적인)
538,항상 쓰는 칫솔~ 이렇게 재워두면 든든해요!,21.12.02.,5,0,0,선택1: 성인칫솔 / 선택2: 고급형칫솔 / 선택3: 02-2)올슬림모(부드러운)
539,늘 여기서만 칫솔주문합니다,21.12.03.,5,0,0,선택1: 성인칫솔 / 선택2: 고급형칫솔 / 선택3: 02-1)이중모(탄력적인)
540,일반모는 엄청딱딱해서 잇몸이 좀 아프지만 어금니닽은데는 엄청 잘닦여요,21.12.18.,4,0,0,선택1: 성인칫솔 / 선택2: 일반형칫솔 / 선택3: 01-2)이중모(탄력적인)
541,"처음 구매해봤는데 이제 미소칫솔로 정착해야겠어요.
식구들 모두 만족스러워해요",21.11.21.,5,0,0,선택1: 성인칫솔 / 선택2: 초미세모 / 선택3: 0)초미세모(매우부드러운)
542,"처음 구매해봤는데 이제 미소칫솔로 정착해야겠어요.
식구들 모두 만족스러워해요",21.11.21.,5,0,0,선택1: 성인칫솔 / 선택2: 일반형칫솔 / 선택3: 01-1)일반모(단단모)
543,"처음 구매해봤는데 이제 미소칫솔로 정착해야겠어요.
식구들 모두 만족스러워해요",21.11.21.,5,0,0,선택1: 성인칫솔 / 선택2: 일반형칫솔 / 선택3: 01-3)올슬림모(부드러운)
544,"처음 구매해봤는데 이제 미소칫솔로 정착해야겠어요.
식구들 모두 만족스러워해요",21.11.21.,5,0,0,선택1: 성인칫솔 / 선택2: 고급형칫솔 / 선택3: 02-1)이중모(탄력적인)
545,"처음 구매해봤는데 이제 미소칫솔로 정착해야겠어요.
식구들 모두 만족스러워해요",21.11.21.,5,0,0,선택1: 성인칫솔 / 선택2: 고급형칫솔 / 선택3: 02-2)올슬림모(부드러운)
546,재구매만족합니다만족합니다,21.12.03.,5,재구매,0,선택1: 성인칫솔 / 선택2: 고급형칫솔 / 선택3: 02-2)올슬림모(부드러운)
547,항상 쓰던거예요. 부드럽고 좋아요,21.11.26.,5,0,0,선택1: 성인칫솔 / 선택2: 고급형칫솔 / 선택3: 02-2)올슬림모(부드러운)
548,병원에서 사는것보다 훨씬 저렴하네요,21.11.29.,5,0,0,선택1: 성인칫솔 / 선택2: 광폭칫솔 / 선택3: 04-1)이중(탄력적인)
549,한달사용기배송도 빠르고 포장도 좋아요. 뭣 보다 제품이 넘 좋아요.,21.12.15.,5,0,한달사용기,선택1: 성인칫솔 / 선택2: 고급형칫솔 / 선택3: 02-1)이중모(탄력적인)
550,"한 번 구매할 때 2~30개씩 구매하고 재구를
반복한지 꽤 오래 되었네요.  늘 만족하며 사용중입이다.",21.11.17.,5,0,0,선택1: 성인칫솔 / 선택2: 일반형칫솔 / 선택3: 01-2)이중모(탄력적인)
551,재구매100개정도쓴것같아요 지금까지,21.12.01.,5,재구매,0,선택1: 성인칫솔 / 선택2: 일반형칫솔 / 선택3: 01-2)이중모(탄력적인)
552,저번에 어른꺼 써보고 좋아서 이번에 재구매 하면서 아이껏도 같이 구매 했어요. 지금 4세인데 솔 두께감이 맘에듭니다. 1월생이라 제법 큰아이인데 어금니 닦기도 좋구 부드러워 좋습니다. 손잡이도 라운딩이 맘에들어요.엄마가 잡기에도 편하구요.,21.11.04.,5,0,0,선택1: 어린이칫솔 / 선택2: 기린칫솔 / 선택3: 08-1)기린올(24개월-6세)
553,항상 쓰고 있어요  배송엄청 빨라요,21.12.15.,5,0,0,선택1: 교정및어금니 / 선택2: 어금니칫솔 / 선택3: 06-1)일반형(단단한)
554,재구매가성시 좋아요 감사합니다,21.11.29.,5,재구매,0,선택1: 교정및어금니 / 선택2: 어금니칫솔 / 선택3: 06-3)슬림형(부드러운)
555,재구매가성시 좋아요 감사합니다,21.11.29.,5,재구매,0,선택1: 성인칫솔 / 선택2: 일반형칫솔 / 선택3: 01-3)올슬림모(부드러운)
556,재구매가성시 좋아요 감사합니다,21.11.29.,5,재구매,0,선택1: 성인칫솔 / 선택2: 일반형칫솔 / 선택3: 01-1)일반모(단단모)
557,두번째 재구매예요. 고급형을 같이 주문해봤는데 손잡이부분이 도톰해하긴한데 저는 써보니 오히려 기본손잡이가 더 편한거같습니다.,21.12.01.,4,0,0,선택1: 성인칫솔 / 선택2: 일반형칫솔 / 선택3: 01-2)이중모(탄력적인)
558,항상 쓰던거 싸고 좋아요 만족스럽습니다,21.11.26.,5,0,0,선택1: 성인칫솔 / 선택2: 고급형칫솔 / 선택3: 02-4)미소숯올(부드러운)
559,가격도 착하고 좋아요.다쓰고 구매하러 또 올께요,21.11.14.,5,0,0,선택1: 교정및어금니 / 선택2: 교정칫솔 / 선택3: 05-2)슬림형(부드러운)
560,재구매매번쓰고있어요 잘샀어요 ㅋㅋㅋ,21.12.22.,5,재구매,0,선택1: 어린이칫솔 / 선택2: 기린칫솔 / 선택3: 08-2)기린이중(7세-11세)
561,저번에 사서 쓰고 선물로 들어온 칫솔들이 많아 그걸 쓰다가 이번에 재구매로 다시 여기서 사서 쓰는데 확실이 좋은것 같아요. 부드럽고....부드럽기를 선택할수 있어서도 좋았구요. 아이것도 같이 샀는데 다 만족 합니다.,21.11.04.,5,0,0,선택1: 성인칫솔 / 선택2: 고급형칫솔 / 선택3: 02-2)올슬림모(부드러운)
562,"아들이 교정시작해서 주문했어요
전에  교정일반모는 잇몸이 아프대서
슬림모로했는데  바꾸길잘했네요",21.11.12.,5,0,0,선택1: 성인칫솔 / 선택2: 일반형칫솔 / 선택3: 01-2)이중모(탄력적인)
563,굿입니다여 굿입니다여,21.12.19.,5,0,0,선택1: 성인칫솔 / 선택2: 초미세모 / 선택3: 0)초미세모(매우부드러운)
564,굿입니다여 굿입니다여,21.12.19.,5,0,0,선택1: 성인칫솔 / 선택2: 일반형칫솔 / 선택3: 01-3)올슬림모(부드러운)
565,항상 쓰던거 싸고 좋아요,21.11.26.,5,0,0,선택1: 성인칫솔 / 선택2: 고급형칫솔 / 선택3: 02-3)미소금올(부드러운)
566,빠른배송 깔끔한포장 감사합니다,21.12.14.,5,0,0,선택1: 성인칫솔 / 선택2: 일반형칫솔 / 선택3: 01-2)이중모(탄력적인)
567,"재구매이제는 다른 칫솔을 찾아볼 생각도 안하네요 ㅋㅋ
계속 재구매 상태이구요~~저렴하면서 가성비가 좋은것같애요^^",21.11.10.,5,재구매,0,선택1: 성인칫솔 / 선택2: 일반형칫솔 / 선택3: 01-2)이중모(탄력적인)
568,"한달사용기가끔 솔이 삐죽 튀어나오긴 하는데
그래도 가성비 생각하면 항상 만족",21.11.18.,4,0,한달사용기,선택1: 성인칫솔 / 선택2: 일반형칫솔 / 선택3: 01-2)이중모(탄력적인)
569,빠른배송 깔끔한포장 감사합니다.,21.12.14.,5,0,0,선택1: 성인칫솔 / 선택2: 고급형칫솔 / 선택3: 02-1)이중모(탄력적인)
570,"교정칫솔 치과에서 더 비싸게 구입해서 썻는데 저렴하게 구입할 수 있어서 좋아요.
치과에서 사던 게 미세모인지 일반모인지 혹시 몰라 두가지 다 사 봤어요.",21.11.06.,5,0,0,선택1: 교정및어금니 / 선택2: 교정칫솔 / 선택3: 05-1)일반형(단단한)
571,종류가 다양해서 뭘 시켜야하나 고민했어요 ㅋㅋ 써보고 또 다른 종류로 사봐야겠어요,21.11.12.,5,0,0,선택1: 성인칫솔 / 선택2: 초미세모 / 선택3: 0)초미세모(매우부드러운)
572,사랑니 양치하기 최고,21.11.25.,5,0,0,선택1: 교정및어금니 / 선택2: 어금니칫솔 / 선택3: 06-1)일반형(단단한)
573,잘 닦여서 좋아요 담에 또 구매할게여,21.11.16.,5,0,0,선택1: 교정및어금니 / 선택2: 어금니칫솔 / 선택3: 06-1)일반형(단단한)
574,"이중슬림모 치간칫솔 대신 쓸 수 있을까 해서 사 봤는데 용도가 다르네요.
그래도 교정기 사이 깨끗하게 닦여서 좋아요.",21.11.06.,5,0,0,선택1: 성인칫솔 / 선택2: 일반형칫솔 / 선택3: 01-2)이중모(탄력적인)
575,가격도 착하고 좋아요.다쓰고 구매하러 또 올께요,21.11.14.,5,0,0,선택1: 교정및어금니 / 선택2: 교정칫솔 / 선택3: 05-1)일반형(단단한)
576,가격도 착하고 좋아요.다쓰고 구매하러 또 올께요,21.11.14.,5,0,0,선택1: 교정및어금니 / 선택2: 어금니칫솔 / 선택3: 06-1)일반형(단단한)
577,가격도 착하고 좋아요.다쓰고 구매하러 또 올께요,21.11.14.,5,0,0,선택1: 성인칫솔 / 선택2: 일반형칫솔 / 선택3: 01-3)올슬림모(부드러운)
578,가격도 착하고 좋아요.다쓰고 구매하러 또 올께요,21.11.14.,5,0,0,선택1: 성인칫솔 / 선택2: 일반형칫솔 / 선택3: 01-2)이중모(탄력적인)
579,가격도 착하고 좋아요.다쓰고 구매하러 또 올께요,21.11.14.,5,0,0,선택1: 성인칫솔 / 선택2: 고급형칫솔 / 선택3: 02-2)올슬림모(부드러운)
580,너무 부드럽거나 뻣뻣하지 않아서 좋아요,21.11.19.,5,0,0,선택1: 성인칫솔 / 선택2: 일반형칫솔 / 선택3: 01-2)이중모(탄력적인)
581,좋아요. 항상 쓰는제품이에요,21.12.07.,5,0,0,선택1: 성인칫솔 / 선택2: 고급형칫솔 / 선택3: 02-3)미소금올(부드러운)
582,좋아요. 항상 쓰는제품이에요,21.12.07.,5,0,0,선택1: 성인칫솔 / 선택2: 고급형칫솔 / 선택3: 02-4)미소숯올(부드러운)
583,플라그 제거도 나쁘지 않고 쓸만합니다,21.11.19.,4,0,0,선택1: 성인칫솔 / 선택2: 고급형칫솔 / 선택3: 02-1)이중모(탄력적인)
584,한달사용기배송도 빠르고 솔이 얇아서 잘 닦여요,21.11.18.,5,0,한달사용기,선택1: 성인칫솔 / 선택2: 일반형칫솔 / 선택3: 01-3)올슬림모(부드러운)
585,"한달사용기어금니 칫솔 꼭 쓰세요
충치가 안생김",21.11.18.,5,0,한달사용기,선택1: 교정및어금니 / 선택2: 어금니칫솔 / 선택3: 06-1)일반형(단단한)
586,교정하고 계속 잘쓰고 있어요,21.11.18.,5,0,0,선택1: 교정및어금니 / 선택2: 교정칫솔 / 선택3: 05-2)슬림형(부드러운)
587,늘 꾸준히 구매해서 쓰고있어요 가성비좋아요,21.11.11.,5,0,0,선택1: 성인칫솔 / 선택2: 광폭칫솔 / 선택3: 04-1)이중(탄력적인)
588,부드럽고 처음 쓰는데도 잇몸이 아프지않아요,21.11.14.,5,0,0,선택1: 성인칫솔 / 선택2: 고급형칫솔 / 선택3: 02-4)미소숯올(부드러운)
589,부드럽고 처음 쓰는데도 잇몸이 아프지않아요,21.11.14.,5,0,0,선택1: 성인칫솔 / 선택2: 고급형칫솔 / 선택3: 02-1)이중모(탄력적인)
590,부드럽고 처음 쓰는데도 잇몸이 아프지않아요,21.11.14.,5,0,0,선택1: 성인칫솔 / 선택2: 고급형칫솔 / 선택3: 02-2)올슬림모(부드러운)
591,부드럽고 처음 쓰는데도 잇몸이 아프지않아요,21.11.14.,5,0,0,선택1: 성인칫솔 / 선택2: 고급형칫솔 / 선택3: 02-3)미소금올(부드러운)
592,가격대비 너무 좋아요,21.12.09.,5,0,0,선택1: 교정및어금니 / 선택2: 교정칫솔 / 선택3: 05-3)고급슬림형(부드러운)
593,가격대비 너무 좋아요,21.12.09.,5,0,0,선택1: 성인칫솔 / 선택2: 고급형칫솔 / 선택3: 02-4)미소숯올(부드러운)
594,영구치 어금니가 나는 아이들을 위해 구입했어요.,21.11.13.,4,0,0,선택1: 교정및어금니 / 선택2: 어금니칫솔 / 선택3: 06-1)일반형(단단한)
595,"재구매배송 빠르고 좋아요~
어금니 칫솔 구입하며함께주문 했어요",21.11.08.,4,재구매,0,선택1: 성인칫솔 / 선택2: 일반형칫솔 / 선택3: 01-2)이중모(탄력적인)
596,잘사용할께요좋아요오,21.11.14.,5,0,0,선택1: 성인칫솔 / 선택2: 초미세모 / 선택3: 0)초미세모(매우부드러운)
597,빠른배송 고맙습니다,21.11.18.,5,0,0,선택1: 성인칫솔 / 선택2: 일반형칫솔 / 선택3: 01-2)이중모(탄력적인)
598,빠른배송 고맙습니다,21.11.18.,5,0,0,선택1: 성인칫솔 / 선택2: 일반형칫솔 / 선택3: 01-1)일반모(단단모)
599,추천으로 사서 써봤더니 넘좋아서 엄마네 것도 샀어요,21.11.12.,5,0,0,선택1: 성인칫솔 / 선택2: 고급형칫솔 / 선택3: 02-1)이중모(탄력적인)
600,"항상 쓰는 칫솔이에요
몇번째구매인지 기억도 안나네요ㅋ",21.11.12.,4,0,0,선택1: 성인칫솔 / 선택2: 일반형칫솔 / 선택3: 01-2)이중모(탄력적인)
601,재구매배송이 매우 빠릅니다,21.12.08.,5,재구매,0,선택1: 성인칫솔 / 선택2: 일반형칫솔 / 선택3: 01-2)이중모(탄력적인)
602,상품도 좋고 배송도 좋고 모두 만족합니다 좋아요 좋아,21.12.07.,5,0,0,선택1: 성인칫솔 / 선택2: 고급형칫솔 / 선택3: 02-3)미소금올(부드러운)
603,상품도 좋고 배송도 좋고 모두 만족합니다 좋아요 좋아,21.12.07.,5,0,0,선택1: 성인칫솔 / 선택2: 고급형칫솔 / 선택3: 02-1)이중모(탄력적인)
604,상품도 좋고 배송도 좋고 모두 만족합니다 좋아요 좋아,21.12.07.,5,0,0,선택1: 성인칫솔 / 선택2: 고급형칫솔 / 선택3: 02-2)올슬림모(부드러운)
605,상품도 좋고 배송도 좋고 모두 만족합니다 좋아요 좋아,21.12.07.,5,0,0,선택1: 성인칫솔 / 선택2: 고급형칫솔 / 선택3: 02-4)미소숯올(부드러운)
606,상품도 좋고 배송도 좋고 모두 만족합니다 좋아요 좋아,21.12.07.,5,0,0,선택1: 성인칫솔 / 선택2: 광폭칫솔 / 선택3: 04-2)올슬림모(부드러운)
607,상품도 좋고 배송도 좋고 모두 만족합니다 좋아요 좋아,21.12.07.,5,0,0,선택1: 성인칫솔 / 선택2: 광폭칫솔 / 선택3: 04-1)이중(탄력적인)
608,"교정칫솔 치과에서 매번 사기 비싸서 사봤어요.
치과랑 같은 칫솔이거 같아요.",21.11.06.,5,0,0,선택1: 교정및어금니 / 선택2: 교정칫솔 / 선택3: 05-2)슬림형(부드러운)
609,치과에서 주신 제품과 똑같아요~,21.11.15.,5,0,0,선택1: 교정및어금니 / 선택2: 교정칫솔 / 선택3: 05-2)슬림형(부드러운)
610,늘 꾸준히 쓰고있어요 넘좋아요,21.11.11.,5,0,0,선택1: 어린이칫솔 / 선택2: 기린칫솔 / 선택3: 08-2)기린이중(7세-11세)
611,고급형 처음 주문했는데 손잡이 부분이 기본형이 좀더 편안했어요.,21.12.01.,4,0,0,선택1: 성인칫솔 / 선택2: 고급형칫솔 / 선택3: 02-1)이중모(탄력적인)
612,완전 맘에듭니다!!!,21.12.10.,5,0,0,선택1: 성인칫솔 / 선택2: 광폭칫솔 / 선택3: 04-1)이중(탄력적인)
613,한달사용기계속 이것만 씁니다,21.12.07.,5,0,한달사용기,선택1: 교정및어금니 / 선택2: 교정칫솔 / 선택3: 05-1)일반형(단단한)
614,한달사용기재구매교정 중이라 계속 구매중입니다.,21.12.07.,5,재구매,한달사용기,선택1: 교정및어금니 / 선택2: 교정칫솔 / 선택3: 05-2)슬림형(부드러운)
615,항상쓰는칫솔이예요굿,21.11.15.,5,0,0,선택1: 성인칫솔 / 선택2: 일반형칫솔 / 선택3: 01-2)이중모(탄력적인)
616,항상쓰는제품. 좋아요,21.12.07.,5,0,0,선택1: 성인칫솔 / 선택2: 광폭칫솔 / 선택3: 04-2)올슬림모(부드러운)
617,남편이 일반모 칫솔 사용해 보고 싶다고 해서 교정용 칫솔 구입하면서 같이 샀어요.,21.11.06.,5,0,0,선택1: 성인칫솔 / 선택2: 2-3줄모 / 선택3: 03-1)두줄모(단단한)
618,어린이치솔은 어른치솔보다는 살짝 만족감이 낮아요.,21.12.01.,4,0,0,선택1: 어린이칫솔 / 선택2: 기린칫솔 / 선택3: 08-2)기린이중(7세-11세)
619,한달사용기가격만큼 합니다... 모가 정말 약하고 딱 저렴한모 같아요 잘 빠지구요 많이 교정용으로 샀는데 교정기에 모가 다 껴서 안빠져요,21.11.18.,1,0,한달사용기,선택1: 교정및어금니 / 선택2: 교정칫솔 / 선택3: 05-1)일반형(단단한)
620,"한달사용기재구매칫솔모가 작아서 좋아요
세심하게 닦이는 기분이랄까요",21.11.30.,5,재구매,한달사용기,선택1: 성인칫솔 / 선택2: 고급형칫솔 / 선택3: 02-1)이중모(탄력적인)
621,재구매항상 사용하는 칫솔이에요~ 부담없고 부드러워서 좋아요~^^,21.11.04.,5,재구매,0,선택1: 성인칫솔 / 선택2: 일반형칫솔 / 선택3: 01-3)올슬림모(부드러운)
622,단단한모는 처음 구매해보는데 진짜 짱짱단단하네요^^;;ㅎㅎ 다음엔 늘쓰던 중간모로 구매해야겠어요~ 다쓰고 다시 구매하러오겠습니다ㅎ,21.10.27.,5,0,0,선택1: 성인칫솔 / 선택2: 일반형칫솔 / 선택3: 01-1)일반모(단단모)
623,"재구매사용했던거라 재구매했습니다.
배송도 빠르고 만족해요^^",21.11.08.,4,재구매,0,선택1: 교정및어금니 / 선택2: 어금니칫솔 / 선택3: 06-2)돔형(단단한)
624,늘사용하는 칫솔..부드럽고 좋아오ㅡ,21.11.09.,5,0,0,선택1: 교정및어금니 / 선택2: 어금니칫솔 / 선택3: 06-3)슬림형(부드러운)
625,가성비좋구. 성능도좋아요~~,21.11.08.,5,0,0,선택1: 성인칫솔 / 선택2: 일반형칫솔 / 선택3: 01-3)올슬림모(부드러운)
626,치아 구석구석 닦을 수 있어 좋아요,21.12.01.,5,0,0,선택1: 성인칫솔 / 선택2: 고급형칫솔 / 선택3: 02-1)이중모(탄력적인)
627,재구매 의사 있습니다,21.12.03.,5,0,0,선택1: 성인칫솔 / 선택2: 초미세모 / 선택3: 0)초미세모(매우부드러운)
628,좋아요..칫솔부두럽고..저렴해요,21.11.09.,5,0,0,선택1: 성인칫솔 / 선택2: 초미세모 / 선택3: 0)초미세모(매우부드러운)
629,한달사용기계속 재구매해서 쓰고 있습니다. 잘 쓰고 있어요.,21.11.25.,5,0,한달사용기,선택1: 교정및어금니 / 선택2: 어금니칫솔 / 선택3: 06-2)돔형(단단한)
630,"칫솔 만족합니다.
꾸준히 이용하고 있어요^^",21.11.04.,5,0,0,선택1: 성인칫솔 / 선택2: 일반형칫솔 / 선택3: 01-1)일반모(단단모)
631,"항상 사용하던  제품이고, 항상 여기서 주문하네요. 저렴하지만 제품은 최상입니다",21.11.19.,5,0,0,선택1: 성인칫솔 / 선택2: 고급형칫솔 / 선택3: 02-1)이중모(탄력적인)
632,재구매아주 잘 사용하고 있어요,21.11.10.,5,재구매,0,선택1: 성인칫솔 / 선택2: 고급형칫솔 / 선택3: 02-1)이중모(탄력적인)
633,좋아요 감사합니당ㅎㅎ,21.11.12.,5,0,0,선택1: 성인칫솔 / 선택2: 일반형칫솔 / 선택3: 01-1)일반모(단단모)
634,좋아요 감사합니당ㅎㅎ,21.11.12.,5,0,0,선택1: 성인칫솔 / 선택2: 일반형칫솔 / 선택3: 01-2)이중모(탄력적인)
635,"잘 사용하겠습니다.
감사합니다.",21.11.04.,5,0,0,선택1: 성인칫솔 / 선택2: 일반형칫솔 / 선택3: 01-2)이중모(탄력적인)
636,"미세모중 최고죠~
감사합니다",21.11.04.,5,0,0,선택1: 어린이칫솔 / 선택2: 기린칫솔 / 선택3: 08-2)기린이중(7세-11세)
637,좋아요 감사합니다ㅅ,21.11.12.,5,0,0,선택1: 교정및어금니 / 선택2: 어금니칫솔 / 선택3: 06-1)일반형(단단한)
638,빠른 배송도 좋고 칫솔도 좋아요!!,21.11.09.,5,0,0,선택1: 교정및어금니 / 선택2: 교정칫솔 / 선택3: 05-2)슬림형(부드러운)
639,배송빠르고 항상 사용하는 제품입니다,21.11.05.,5,0,0,선택1: 성인칫솔 / 선택2: 고급형칫솔 / 선택3: 02-2)올슬림모(부드러운)
640,모가 예쁘고 튼튼하게 다듬어져 쓰기 편해요.,21.11.24.,4,0,0,선택1: 교정및어금니 / 선택2: 어금니칫솔 / 선택3: 06-3)슬림형(부드러운)
641,늘 여기서 구매해서 쓰는데 항상 만족스러워요 부드럽고좋아요,21.10.27.,5,0,0,선택1: 어린이칫솔 / 선택2: 기린칫솔 / 선택3: 08-1)기린올(24개월-6세)
642,재구매배송도 빠르고 좋아요^^,21.11.08.,4,재구매,0,선택1: 성인칫솔 / 선택2: 일반형칫솔 / 선택3: 01-3)올슬림모(부드러운)
643,"한달사용기칫솔 부드러운거 원했는데 너무 좋습니다…
계속 여기서 살거에요 너무 조아요",21.10.26.,5,0,한달사용기,선택1: 성인칫솔 / 선택2: 2-3줄모 / 선택3: 03-2)비타민올(세줄모)
644,좋은제품 잘 산거같네요~~,21.11.26.,5,0,0,선택1: 성인칫솔 / 선택2: 초미세모 / 선택3: 0)초미세모(매우부드러운)
645,"한달사용기칫솔 부드러운거 원했는데 너무 좋습니다…
계속 여기서 살거에요 굿굿",21.10.26.,5,0,한달사용기,선택1: 교정및어금니 / 선택2: 어금니칫솔 / 선택3: 06-2)돔형(단단한)
646,넘좋아요. 개운하고 잘닦여요.,21.11.21.,5,0,0,선택1: 성인칫솔 / 선택2: 일반형칫솔 / 선택3: 01-2)이중모(탄력적인)
647,좋은가격에 잘 샀어요!!,21.11.26.,5,0,0,선택1: 성인칫솔 / 선택2: 고급형칫솔 / 선택3: 02-1)이중모(탄력적인)
648,아이 교정때문에 저렴하게 인터넷으로 구입하게 되어 너무 좋습니다,21.10.27.,5,0,0,선택1: 교정및어금니 / 선택2: 교정칫솔 / 선택3: 05-2)슬림형(부드러운)
649,한달사용기칫솔은 여기꺼밖에 안써요 다른거 쓰면 덜닦인 기분이에요~!,21.11.13.,5,0,한달사용기,선택1: 성인칫솔 / 선택2: 고급형칫솔 / 선택3: 02-4)미소숯올(부드러운)
650,"칫솔이 사용하기도 좋고 신랑 및 아이들이 다 좋아하네요~~
많이파세요
앞으로 쭉  구매할께요",21.10.20.,5,0,0,선택1: 성인칫솔 / 선택2: 고급형칫솔 / 선택3: 02-1)이중모(탄력적인)
651,어금니 구석구석 닦을 수 있어서 좋아요,21.11.20.,5,0,0,선택1: 교정및어금니 / 선택2: 어금니칫솔 / 선택3: 06-1)일반형(단단한)
652,잘 닦여서 좋아요~~~~,21.11.26.,5,0,0,선택1: 교정및어금니 / 선택2: 어금니칫솔 / 선택3: 06-3)슬림형(부드러운)
653,좋아요 부드럽고 좋네요,21.11.19.,5,0,0,선택1: 성인칫솔 / 선택2: 고급형칫솔 / 선택3: 02-4)미소숯올(부드러운)
654,힘이 적당히 있으면서 부드러워요,21.10.29.,5,0,0,선택1: 교정및어금니 / 선택2: 교정칫솔 / 선택3: 05-2)슬림형(부드러운)
655,"아내가 매번 구매했던 거라고 해서 구매했습니다.
잘 쓸게요~^^",21.10.22.,5,0,0,선택1: 교정및어금니 / 선택2: 교정칫솔 / 선택3: 05-2)슬림형(부드러운)
656,한달사용기부모님이 쓰기 편하다고 하네요~,21.11.19.,4,0,한달사용기,선택1: 교정및어금니 / 선택2: 어금니칫솔 / 선택3: 06-3)슬림형(부드러운)
657,한달사용기부모님이 쓰기 편하다고 하네요~,21.11.19.,4,0,한달사용기,선택1: 교정및어금니 / 선택2: 어금니칫솔 / 선택3: 06-2)돔형(단단한)
658,한달사용기부모님이 쓰기 편하다고 하네요~,21.11.19.,4,0,한달사용기,선택1: 교정및어금니 / 선택2: 어금니칫솔 / 선택3: 06-1)일반형(단단한)
659,"한달사용기칫솔 부드러운거 원했는데 너무 좋습니다…
계속 여기서 살거에요 짱",21.10.26.,5,0,한달사용기,선택1: 교정및어금니 / 선택2: 어금니칫솔 / 선택3: 06-3)슬림형(부드러운)
660,늘 사용하고 있어요,21.11.21.,5,0,0,선택1: 성인칫솔 / 선택2: 고급형칫솔 / 선택3: 02-2)올슬림모(부드러운)
661,"재구매맨날 여기꺼만 써야 ㅎㅎ 가격ㄱ도조코ㅠ무조건이죵
교정 처음부터 끝까지 쓰네요 ㅎㅎㅎ",21.11.09.,5,재구매,0,선택1: 교정및어금니 / 선택2: 어금니칫솔 / 선택3: 06-2)돔형(단단한)
662,"재구매맨날 여기꺼만 써야 ㅎㅎ 가격ㄱ도조코ㅠ무조건이죵
교정 처음부터 끝까지 쓰네요 ㅎㅎㅎ",21.11.09.,5,재구매,0,선택1: 교정및어금니 / 선택2: 교정칫솔 / 선택3: 05-1)일반형(단단한)
663,한달사용기재구매몇 년째 이것만 써요. 배송도 물건도 다 최고.,21.10.23.,5,재구매,한달사용기,0
664,"아빠도  아이들도 좋아해요
앞으로 쭉 구매할께요
많이파세요",21.10.20.,5,0,0,선택1: 어린이칫솔 / 선택2: 기린칫솔 / 선택3: 08-2)기린이중(7세-11세)
665,"한달사용기칫솔 부드러운거 원했는데 너무 좋습니다…
계속 여기서 살거에요ㅎㅎㅎ",21.10.26.,5,0,한달사용기,선택1: 교정및어금니 / 선택2: 어금니칫솔 / 선택3: 06-3)슬림형(부드러운)
666,재구매이것만찾게되네요 잘쓰고있어요,21.10.24.,5,재구매,0,선택1: 성인칫솔 / 선택2: 고급형칫솔 / 선택3: 02-2)올슬림모(부드러운)
667,두번째 주문했어요. 가성비 좋아요.,21.10.25.,5,0,0,선택1: 교정및어금니 / 선택2: 교정칫솔 / 선택3: 05-2)슬림형(부드러운)
668,고급형과 일반형 비교해 보려고 2가지 제품으로 구매해 봤어요~,21.10.24.,4,0,0,선택1: 성인칫솔 / 선택2: 고급형칫솔 / 선택3: 02-1)이중모(탄력적인)
669,아직 써보진 않았지만 좋을거 같아요.써 보고 괜찮으면 계속 주문할께요.함께주신 혀클리너 잘 쓸께요!,21.10.13.,5,0,0,선택1: 성인칫솔 / 선택2: 고급형칫솔 / 선택3: 02-1)이중모(탄력적인)
670,재구매온가족 이것만 씀니다,21.10.28.,5,재구매,0,선택1: 어린이칫솔 / 선택2: 유아칫솔 / 선택3: 07-1)유아(15개월-36개월)
671,좋아서 계속 재구매중입니다,21.11.16.,5,0,0,선택1: 교정및어금니 / 선택2: 교정칫솔 / 선택3: 05-2)슬림형(부드러운)
672,요즘은 칫솔 여기서만 계속 주문 하고 있어요~,21.10.24.,4,0,0,선택1: 성인칫솔 / 선택2: 일반형칫솔 / 선택3: 01-2)이중모(탄력적인)
673,항상 쓰는제품~!!!  너무좋아요~~,21.10.23.,5,0,0,선택1: 성인칫솔 / 선택2: 일반형칫솔 / 선택3: 01-2)이중모(탄력적인)
674,배송빠르고 물건 깔끔합니다,21.11.15.,5,0,0,선택1: 성인칫솔 / 선택2: 일반형칫솔 / 선택3: 01-3)올슬림모(부드러운)
675,성인것은 아직 안써봤는데 아이껀 괜찮아요 잘 쓸께요.,21.11.11.,5,0,0,선택1: 성인칫솔 / 선택2: 고급형칫솔 / 선택3: 02-2)올슬림모(부드러운)
676,한달사용기아주아주 좋습니다 부드러워서 더 조아요…,21.10.26.,5,0,한달사용기,선택1: 교정및어금니 / 선택2: 어금니칫솔 / 선택3: 06-1)일반형(단단한)
677,한달사용기저렴하게 구입해서  부담없이 사용하고 있습니다,21.11.10.,4,0,한달사용기,선택1: 성인칫솔 / 선택2: 고급형칫솔 / 선택3: 02-1)이중모(탄력적인)
678,"가격대비 칫솔모도 촘촘하고 손잡이도 미끄럽지않고 좋아요 
재구매의사 확실합니다ㅎㅎ",21.11.06.,5,0,0,선택1: 성인칫솔 / 선택2: 일반형칫솔 / 선택3: 01-1)일반모(단단모)
679,"칫솔자체는 리뷰가 좋아서 믿음이 갑니다.
낱개포장 문제는 소비자에게 선택권을 주면 좋을듯..",21.11.04.,5,0,0,선택1: 어린이칫솔 / 선택2: 기린칫솔 / 선택3: 08-2)기린이중(7세-11세)
680,가격도 저렴하고 재질도 좋아용. 손님왓을때 쓰기도 좋구요.  사용하고 또구매하러갈께용,21.11.01.,5,0,0,선택1: 성인칫솔 / 선택2: 고급형칫솔 / 선택3: 02-1)이중모(탄력적인)
681,주기적으로 주문하고 있어요,21.10.23.,5,0,0,선택1: 성인칫솔 / 선택2: 초미세모 / 선택3: 0)초미세모(매우부드러운)
682,주기적으로 구매하고 있습니다!,21.10.23.,5,0,0,선택1: 교정및어금니 / 선택2: 어금니칫솔 / 선택3: 06-3)슬림형(부드러운)
683,아주좋아요아주좋아요,21.11.16.,5,0,0,선택1: 성인칫솔 / 선택2: 일반형칫솔 / 선택3: 01-2)이중모(탄력적인)
684,재구매몇번째 주문인지 모르겠지만 너무 잘쓰고 있습니다~ ^^,21.11.09.,5,재구매,0,선택1: 성인칫솔 / 선택2: 고급형칫솔 / 선택3: 02-1)이중모(탄력적인)
685,"쓰건거라 좋아요~~ 배송 하루만에 와서 
더 좋음!!❤️❤️",21.10.17.,5,0,0,선택1: 성인칫솔 / 선택2: 고급형칫솔 / 선택3: 02-1)이중모(탄력적인)
686,손잡이도 적당하고 칫솔모도 쓰기에 좋아요 가격도 좋아요,21.11.06.,5,0,0,선택1: 성인칫솔 / 선택2: 고급형칫솔 / 선택3: 02-3)미소금올(부드러운)
687,만족하며 잘 쓰고 있어요,21.10.23.,5,0,0,선택1: 성인칫솔 / 선택2: 고급형칫솔 / 선택3: 02-2)올슬림모(부드러운)
688,어금니칫솔 여러가지 써봤지만 가격대비 칫솔모도 그립도 좋군요,21.11.06.,5,0,0,선택1: 교정및어금니 / 선택2: 어금니칫솔 / 선택3: 06-2)돔형(단단한)
689,칫솔모도 괜찮고 아이도 좋아하고 잘 쓸께요.,21.11.11.,5,0,0,선택1: 어린이칫솔 / 선택2: 기린칫솔 / 선택3: 08-1)기린올(24개월-6세)
690,어른이 쓰기에도 부드럽고 좋아요,21.10.21.,5,0,0,선택1: 성인칫솔 / 선택2: 초미세모 / 선택3: 0)초미세모(매우부드러운)
691,교정하는 사람은 꼭 필수품!!,21.10.23.,5,0,0,선택1: 교정및어금니 / 선택2: 어금니칫솔 / 선택3: 06-3)슬림형(부드러운)
692,벌써 세번째 구매네요ㅋ  이제 외출시 필수지참품이 되어버렸습니다.,21.10.11.,5,0,0,선택1: 어린이칫솔 / 선택2: 기린칫솔 / 선택3: 08-2)기린이중(7세-11세)
693,벌써 세번째 구매네요ㅋ  이제 외출시 필수지참품이 되어버렸습니다.,21.10.11.,5,0,0,선택1: 성인칫솔 / 선택2: 고급형칫솔 / 선택3: 02-1)이중모(탄력적인)
694,배송은 하루 늦었지만 뭐 별 불만없이 쓰고있습니다.,21.11.07.,5,0,0,선택1: 교정및어금니 / 선택2: 어금니칫솔 / 선택3: 06-1)일반형(단단한)
695,"배송도 빠르고 좋아요
재구매합니다.",21.10.20.,5,0,0,선택1: 어린이칫솔 / 선택2: 기린칫솔 / 선택3: 08-1)기린올(24개월-6세)
696,아버지가 치과에서 받아 사용하신후 너무 좋다고 하셔서 주문했어요~^^ 구석구석 잘 닦이는 느낌이래요,21.10.06.,5,0,0,선택1: 성인칫솔 / 선택2: 고급형칫솔 / 선택3: 02-2)올슬림모(부드러운)
697,재구매솔이 2줄이라 너무 좋아요,21.11.11.,5,재구매,0,선택1: 성인칫솔 / 선택2: 2-3줄모 / 선택3: 03-1)두줄모(단단한)
698,"칫솔이 크지않아서 좋아요. 
미세허게 잘 닦이는고 같습니다.  
재구매 했구요. 
우리 애들도 이 칫솔은 좋다고 하네요.",21.10.26.,5,0,0,선택1: 성인칫솔 / 선택2: 고급형칫솔 / 선택3: 02-4)미소숯올(부드러운)
699,택배가 엄청 빠르네요~,21.10.20.,4,0,0,선택1: 성인칫솔 / 선택2: 초미세모 / 선택3: 0)초미세모(매우부드러운)
700,택배가 엄청 빠르네요~,21.10.20.,4,0,0,선택1: 성인칫솔 / 선택2: 고급형칫솔 / 선택3: 02-2)올슬림모(부드러운)
701,좋아요.늘 잘사용중입니다.,21.10.14.,5,0,0,선택1: 성인칫솔 / 선택2: 일반형칫솔 / 선택3: 01-2)이중모(탄력적인)
702,뚜껑이 있어서 좋아요 또 살거에요,21.11.05.,5,0,0,선택1: 성인칫솔 / 선택2: 초미세모 / 선택3: 0)초미세모(매우부드러운)
703,"항상 사용하는 칫솔이예요^^
가성비 대비 사용감 좋아요~~",21.10.10.,5,0,0,선택1: 성인칫솔 / 선택2: 고급형칫솔 / 선택3: 02-1)이중모(탄력적인)
704,재구매만족스럽게 잘 쓰고있습니다,21.10.17.,5,재구매,0,선택1: 성인칫솔 / 선택2: 초미세모 / 선택3: 0)초미세모(매우부드러운)
705,재구매만족스럽게 잘 쓰고있습니다,21.10.17.,5,재구매,0,선택1: 성인칫솔 / 선택2: 일반형칫솔 / 선택3: 01-1)일반모(단단모)
706,애들 칫솔 써보니 좋아서 어른 칫솔도 구매했어요,21.10.13.,4,0,0,선택1: 성인칫솔 / 선택2: 고급형칫솔 / 선택3: 02-1)이중모(탄력적인)
707,재구매만족스럽게 잘 쓰고있습니다!!,21.10.17.,5,재구매,0,선택1: 성인칫솔 / 선택2: 고급형칫솔 / 선택3: 02-2)올슬림모(부드러운)
708,재구매만족스럽게 잘 쓰고있습니다~^^,21.10.17.,5,재구매,0,선택1: 성인칫솔 / 선택2: 고급형칫솔 / 선택3: 02-3)미소금올(부드러운)
709,저렴한가격에 치솔 최고입니다,21.11.04.,5,0,0,선택1: 교정및어금니 / 선택2: 어금니칫솔 / 선택3: 06-3)슬림형(부드러운)
710,항상잘쓰고 잇어요~~재재재구매합니다...또구매할게요,21.10.08.,5,0,0,선택1: 성인칫솔 / 선택2: 고급형칫솔 / 선택3: 02-2)올슬림모(부드러운)
711,가격도 싸고 좋네요! 가족들까 한번에 구입했는데 좋네요,21.10.07.,5,0,0,선택1: 성인칫솔 / 선택2: 광폭칫솔 / 선택3: 04-1)이중(탄력적인)
712,병원에서구매하면정말비싼데  저렴하게 좋은상품 구매잘했어요,21.10.30.,5,0,0,선택1: 교정및어금니 / 선택2: 어금니칫솔 / 선택3: 06-2)돔형(단단한)
713,"재구매에요 다음엔 고급형으로 사야겠어요~
잘 보고 샀어야했는데 그립감이 좀 아쉬워요
쓰던 거라서 대체로 만족스러워요!",21.10.18.,4,0,0,선택1: 성인칫솔 / 선택2: 초미세모 / 선택3: 0)초미세모(매우부드러운)
714,계속 사용하던 제품이고 품질이 만족스러워요,21.10.10.,5,0,0,선택1: 성인칫솔 / 선택2: 일반형칫솔 / 선택3: 01-2)이중모(탄력적인)
715,재구매상품이좋아서주위에도추천해주고저희도계속쓰고있어요,21.10.28.,5,재구매,0,선택1: 어린이칫솔 / 선택2: 기린칫솔 / 선택3: 08-2)기린이중(7세-11세)
716,"이제품만 사용해요
아주좋아요",21.10.14.,5,0,0,선택1: 어린이칫솔 / 선택2: 기린칫솔 / 선택3: 08-2)기린이중(7세-11세)
717,잘 써보도록 하겠습니다,21.10.14.,5,0,0,선택1: 성인칫솔 / 선택2: 고급형칫솔 / 선택3: 02-2)올슬림모(부드러운)
718,브랜드 제품대비 품질이 너무 만족스러워요.,21.10.10.,5,0,0,선택1: 성인칫솔 / 선택2: 고급형칫솔 / 선택3: 02-1)이중모(탄력적인)
719,한달사용기교정 후 사용하고 있어요,21.11.03.,4,0,한달사용기,선택1: 성인칫솔 / 선택2: 일반형칫솔 / 선택3: 01-2)이중모(탄력적인)
720,좋아요~~~~~~~,21.11.12.,4,0,0,선택1: 성인칫솔 / 선택2: 일반형칫솔 / 선택3: 01-2)이중모(탄력적인)
721,저렴한가격의 최고의 칫솔,21.11.04.,5,0,0,선택1: 교정및어금니 / 선택2: 어금니칫솔 / 선택3: 06-1)일반형(단단한)
722,저렴한가격의 최고의 치솔,21.11.04.,5,0,0,선택1: 교정및어금니 / 선택2: 교정칫솔 / 선택3: 05-2)슬림형(부드러운)
723,잘 받았습니다 좋아,21.10.14.,5,0,0,선택1: 교정및어금니 / 선택2: 어금니칫솔 / 선택3: 06-1)일반형(단단한)
724,잘 받았습니다 좋아,21.10.14.,5,0,0,선택1: 성인칫솔 / 선택2: 고급형칫솔 / 선택3: 02-4)미소숯올(부드러운)
725,잘 받았습니다 좋아,21.10.14.,5,0,0,선택1: 성인칫솔 / 선택2: 고급형칫솔 / 선택3: 02-3)미소금올(부드러운)
726,아직 사용전이지만 잘 사용할게요 ^^,21.11.02.,5,0,0,선택1: 성인칫솔 / 선택2: 일반형칫솔 / 선택3: 01-3)올슬림모(부드러운)
727,아직 사용전이지만 잘 사용할게요 ^^,21.11.02.,5,0,0,선택1: 성인칫솔 / 선택2: 일반형칫솔 / 선택3: 01-2)이중모(탄력적인)
728,아직 사용전이지만 잘사용할게요 ^^,21.11.02.,5,0,0,선택1: 성인칫솔 / 선택2: 일반형칫솔 / 선택3: 01-1)일반모(단단모)
729,"써봣던 칫솔중 최고로 좋네요
추천합니다.",21.10.29.,5,0,0,선택1: 성인칫솔 / 선택2: 고급형칫솔 / 선택3: 02-1)이중모(탄력적인)
730,배송도 빠르고 부드러워서 좋아요:),21.10.31.,5,0,0,선택1: 성인칫솔 / 선택2: 고급형칫솔 / 선택3: 02-2)올슬림모(부드러운)
731,재구매칫솔항상재구매입니다다른건못쓰겠어요,21.10.28.,5,재구매,0,선택1: 어린이칫솔 / 선택2: 기린칫솔 / 선택3: 08-1)기린올(24개월-6세)
732,재구매좋아요 잘쓸께요 굿,21.10.14.,5,재구매,0,선택1: 교정및어금니 / 선택2: 교정칫솔 / 선택3: 05-2)슬림형(부드러운)
733,미소덴탈 믿고씁니다.,21.11.01.,5,0,0,선택1: 성인칫솔 / 선택2: 고급형칫솔 / 선택3: 02-1)이중모(탄력적인)
734,혀클리너까지 챙겨주시고 감사합니다,21.10.07.,5,0,0,선택1: 성인칫솔 / 선택2: 광폭칫솔 / 선택3: 04-2)올슬림모(부드러운)
735,한달사용기좋아요~~~~~~~,21.11.09.,3,0,한달사용기,선택1: 성인칫솔 / 선택2: 고급형칫솔 / 선택3: 02-1)이중모(탄력적인)
736,"어린이꺼 시켰을때 서비스로 받은게 좋았어요
촘촘하고 모가 힘이 있네요",21.10.02.,5,0,0,선택1: 성인칫솔 / 선택2: 고급형칫솔 / 선택3: 02-1)이중모(탄력적인)
737,"한달사용기잘쓸게요~~
양이많아좋아요ㅋㅋ",21.10.26.,5,0,한달사용기,선택1: 성인칫솔 / 선택2: 광폭칫솔 / 선택3: 04-1)이중(탄력적인)
738,이제품만 씁니다!!이번엔 금색 흰색 숯색 모두 사봣어요!! 일반 치과에서 주던것과 비슷하고 보건소에서 일할때 홍보 제품이기도 해서 매번 여기서만 사요. 다른 칫솔 썻을땐 솔직히 좋다라고 느낀적없는데 여긴 솔도 그렇고 전체적으로 튼튼하고 잘닦입니다,21.09.11.,5,0,0,선택1: 성인칫솔 / 선택2: 고급형칫솔 / 선택3: 02-2)올슬림모(부드러운)
739,"최고에요
써봣던 칫솔중 최고좋아요",21.10.29.,5,0,0,선택1: 성인칫솔 / 선택2: 고급형칫솔 / 선택3: 02-2)올슬림모(부드러운)
740,부모님이 필요하다고 해서 주문했는데 괜찮다고 하시네요.,21.10.24.,5,0,0,선택1: 교정및어금니 / 선택2: 어금니칫솔 / 선택3: 06-1)일반형(단단한)
741,부모님이 필요하다고 해서 주문했는데 괜찮다고 하시네요.,21.10.24.,5,0,0,선택1: 교정및어금니 / 선택2: 어금니칫솔 / 선택3: 06-2)돔형(단단한)
742,많이팔리는덴 이유가있네요 굿,21.10.07.,5,0,0,선택1: 성인칫솔 / 선택2: 광폭칫솔 / 선택3: 04-1)이중(탄력적인)
743,치과 전용이라 믿고 주문해봄,21.10.07.,5,0,0,선택1: 성인칫솔 / 선택2: 고급형칫솔 / 선택3: 02-1)이중모(탄력적인)
744,"광폭칫솔은 어금니끝까지 구석구석 안닦이네요. 이거 쓰다 같이 산 일반모로 바꿨어요~
아무튼 일반모가 저는 더 맞네요",21.10.12.,1,0,0,선택1: 성인칫솔 / 선택2: 광폭칫솔 / 선택3: 04-1)이중(탄력적인)
745,한달사용기잘쓰고 있어요~이거 외에는  다른칫솔못습니다.. 특흐 교정중엔  이칫솔이 촉오인듬해요~,21.09.24.,5,0,한달사용기,선택1: 교정및어금니 / 선택2: 교정칫솔 / 선택3: 05-2)슬림형(부드러운)
746,"좋은 칫솔 만났어요
당분간은 이칫솔로 갑니다^^",21.09.29.,4,0,0,선택1: 성인칫솔 / 선택2: 일반형칫솔 / 선택3: 01-3)올슬림모(부드러운)
747,재구매 만족하게 쓰고있어요.,21.10.07.,5,0,0,선택1: 어린이칫솔 / 선택2: 기린칫솔 / 선택3: 08-2)기린이중(7세-11세)
748,재구매 만족하게 쓰고있어요.,21.10.07.,5,0,0,선택1: 성인칫솔 / 선택2: 고급형칫솔 / 선택3: 02-1)이중모(탄력적인)
749,가격도 괜츈 배송도 빠르고 품질도좋거,21.10.07.,5,0,0,선택1: 성인칫솔 / 선택2: 고급형칫솔 / 선택3: 02-1)이중모(탄력적인)
750,"이 칫솔로만 써요!!
잘 닦이고, 좋아요!! 짱짱",21.10.02.,5,0,0,선택1: 성인칫솔 / 선택2: 일반형칫솔 / 선택3: 01-2)이중모(탄력적인)
751,"세심하게 잘 닦여요
당분간은 이걸로 쭉~~",21.09.29.,4,0,0,선택1: 성인칫솔 / 선택2: 고급형칫솔 / 선택3: 02-1)이중모(탄력적인)
752,한달사용기항상사용해요~~~~,21.11.01.,5,0,한달사용기,선택1: 교정및어금니 / 선택2: 교정칫솔 / 선택3: 05-1)일반형(단단한)
753,한달사용기재구매항상사용햐요~~~~~,21.11.01.,5,재구매,한달사용기,선택1: 교정및어금니 / 선택2: 어금니칫솔 / 선택3: 06-2)돔형(단단한)
754,"광폭칫솔 처음 써봐요. 
좋길 바래봅니다 ㅎ",21.09.29.,5,0,0,선택1: 성인칫솔 / 선택2: 광폭칫솔 / 선택3: 04-1)이중(탄력적인)
755,재구매3년전부터 칫솔 쓰기 시작했는데 이제 다른 칫솔은 못쓰겠어요ㅎㅎ좋아요,21.10.16.,5,재구매,0,선택1: 성인칫솔 / 선택2: 일반형칫솔 / 선택3: 01-2)이중모(탄력적인)
756,"가성비 아주 좋어요
온가족이 이 칫솔만 씁니다",21.10.02.,5,0,0,선택1: 성인칫솔 / 선택2: 광폭칫솔 / 선택3: 04-1)이중(탄력적인)
757,어린이꺼 써보소 좋아서 시켰어요,21.10.02.,5,0,0,선택1: 성인칫솔 / 선택2: 일반형칫솔 / 선택3: 01-2)이중모(탄력적인)
758,여러가지 사서 써보다가 이게 제일 괜찮아서 자주 교체해서 쓸려고 10개 샀습니다.,21.09.26.,5,0,0,선택1: 성인칫솔 / 선택2: 일반형칫솔 / 선택3: 01-2)이중모(탄력적인)
759,칫솔 좋으네요 굿!!,21.10.07.,5,0,0,선택1: 성인칫솔 / 선택2: 2-3줄모 / 선택3: 03-1)두줄모(단단한)
760,부모님이 필요하다고 해서 주문했는데 괜찮다고 하시네요~,21.10.18.,4,0,0,선택1: 교정및어금니 / 선택2: 어금니칫솔 / 선택3: 06-3)슬림형(부드러운)
761,칫솔 유목민이었는데 세심하게 잘 닦이네요,21.09.29.,4,0,0,선택1: 성인칫솔 / 선택2: 고급형칫솔 / 선택3: 02-2)올슬림모(부드러운)
762,재구매재구매에요~ 역시나 좋아요,21.09.28.,5,재구매,0,선택1: 성인칫솔 / 선택2: 고급형칫솔 / 선택3: 02-1)이중모(탄력적인)
763,재구매항상 잘 사용하고 있습니다,21.10.02.,5,재구매,0,선택1: 성인칫솔 / 선택2: 고급형칫솔 / 선택3: 02-2)올슬림모(부드러운)
764,한달사용기상품평이 좋아서 사봤는데 너무 만족스러워요.,21.09.29.,5,0,한달사용기,선택1: 성인칫솔 / 선택2: 광폭칫솔 / 선택3: 04-1)이중(탄력적인)
765,2번째 구입 배송빨라요,21.10.03.,5,0,0,선택1: 교정및어금니 / 선택2: 어금니칫솔 / 선택3: 06-1)일반형(단단한)
766,재구매항상 만족하며  사용합니다!!!,21.10.02.,5,재구매,0,선택1: 어린이칫솔 / 선택2: 기린칫솔 / 선택3: 08-2)기린이중(7세-11세)
767,한달사용기굿 좋아요.다음에 재구매할게요.,21.10.15.,5,0,한달사용기,선택1: 성인칫솔 / 선택2: 고급형칫솔 / 선택3: 02-1)이중모(탄력적인)
768,칫솔은 이상품만 써요~ 다른 사람들은 모르겟으나 제치아에도 딱맞고 치과에서 주던 칫솔과도 유사해요~ 닦임도 좀 더 낫고 잇몸에도 지장이 없어요,21.09.11.,5,0,0,선택1: 성인칫솔 / 선택2: 고급형칫솔 / 선택3: 02-4)미소숯올(부드러운)
769,좋아요 좋은 가격에 잘 산거 같아요,21.09.29.,5,0,0,선택1: 성인칫솔 / 선택2: 광폭칫솔 / 선택3: 04-2)올슬림모(부드러운)
770,한달사용기보들 보들 너무 부드러운 치솔 모 에요 좋아요!,21.10.18.,5,0,한달사용기,선택1: 성인칫솔 / 선택2: 일반형칫솔 / 선택3: 01-2)이중모(탄력적인)
771,교정용샀는데 받아보고 솔부분이 작아서 잘안닦일까봐 걱정했는데 써보니 괜찮네요 만족합니나,21.09.17.,5,0,0,선택1: 교정및어금니 / 선택2: 교정칫솔 / 선택3: 05-3)고급슬림형(부드러운)
772,한달사용기칫솔모가 부드럽고 잘 닦여요. 교정 처음부터 사용했으면 더 좋았을텐데 하는 아쉬움이 드네요~ 많이 파세요,21.10.02.,5,0,한달사용기,선택1: 교정및어금니 / 선택2: 교정칫솔 / 선택3: 05-3)고급슬림형(부드러운)
773,한달사용기부드럽고 좋아요.잘쓰고 있어요.,21.10.15.,5,0,한달사용기,선택1: 성인칫솔 / 선택2: 광폭칫솔 / 선택3: 04-1)이중(탄력적인)
774,가성비 좋은 상품입니다,21.10.19.,4,0,0,선택1: 성인칫솔 / 선택2: 일반형칫솔 / 선택3: 01-2)이중모(탄력적인)
775,재구매재 구매입니다.아주아주 좋아요.,21.09.17.,5,재구매,0,선택1: 성인칫솔 / 선택2: 고급형칫솔 / 선택3: 02-1)이중모(탄력적인)
776,좋아요 치아관리하려고샀어요,21.09.28.,5,0,0,선택1: 교정및어금니 / 선택2: 어금니칫솔 / 선택3: 06-2)돔형(단단한)
777,좋아요 치아관리하려고샀어요,21.09.28.,5,0,0,선택1: 어린이칫솔 / 선택2: 유아칫솔 / 선택3: 07-1)유아(15개월-36개월)
778,좋아요 치아관리하려고샀어요,21.09.28.,5,0,0,선택1: 성인칫솔 / 선택2: 광폭칫솔 / 선택3: 04-2)올슬림모(부드러운)
779,매번 여기에서만 삽니다~! 이번엔 검정 노랑 흰색 솔별로 샀어요~ 근데 나무 친환경 제품도 나왓으면 좋겟네요 ㅠㅠ,21.09.11.,5,0,0,선택1: 성인칫솔 / 선택2: 고급형칫솔 / 선택3: 02-3)미소금올(부드러운)
780,너무 부드러워서 닦는 느낌이 잘 안나네요.,21.09.24.,4,0,0,선택1: 성인칫솔 / 선택2: 초미세모 / 선택3: 0)초미세모(매우부드러운)
781,치과칫솔이라고해서 믿고 구매했어요.,21.09.24.,4,0,0,선택1: 성인칫솔 / 선택2: 고급형칫솔 / 선택3: 02-2)올슬림모(부드러운)
782,이번이 세번짼가 네번째 재구매에요 한번써보고 좋아서 정착했어요 어금니는 돔형보다 뾰족한게 더 맘에들어요 교정 유지장치 치아 안쪽에 붙인거 닦는데 좋아요,21.09.04.,5,0,0,선택1: 교정및어금니 / 선택2: 어금니칫솔 / 선택3: 06-1)일반형(단단한)
783,잘 배송되었어요. 어금니까지 잘 닦아볼게요,21.09.14.,4,0,0,선택1: 교정및어금니 / 선택2: 어금니칫솔 / 선택3: 06-1)일반형(단단한)
784,치과의사가 추천하는거라고해서 주문했어요,21.10.12.,5,0,0,선택1: 성인칫솔 / 선택2: 일반형칫솔 / 선택3: 01-2)이중모(탄력적인)
785,재구매치과에서 임플판트치료후 주는칫솔이랑같아서 재구매하게되었는데 아주 좋아요.,21.09.17.,5,재구매,0,선택1: 성인칫솔 / 선택2: 고급형칫솔 / 선택3: 02-2)올슬림모(부드러운)
786,한달사용기정말 좋아요.가격도 좋아요.,21.10.15.,5,0,한달사용기,선택1: 성인칫솔 / 선택2: 고급형칫솔 / 선택3: 02-3)미소금올(부드러운)
787,재구매사용하기 편하고 좋아요,21.09.25.,5,재구매,0,선택1: 교정및어금니 / 선택2: 교정칫솔 / 선택3: 05-2)슬림형(부드러운)
788,손에 딱 잡혀서 좋다고하네요.,21.09.24.,4,0,0,선택1: 어린이칫솔 / 선택2: 너구리칫솔 / 선택3: 09-2)너구리이중(7세-11세)
789,재구매1년 넘게 사용하고 있어요,21.09.25.,5,재구매,0,선택1: 성인칫솔 / 선택2: 일반형칫솔 / 선택3: 01-3)올슬림모(부드러운)
790,재구매고급모쓰다가 일반모 샀는데 .. 다음엔 고급으로 바꿔야겠어요. 잘 쓰고 있어요,21.10.04.,5,재구매,0,선택1: 교정및어금니 / 선택2: 교정칫솔 / 선택3: 05-1)일반형(단단한)
791,쟁여두면서 쓰기 좋아용!👍🏻,21.09.26.,5,0,0,선택1: 성인칫솔 / 선택2: 일반형칫솔 / 선택3: 01-2)이중모(탄력적인)
792,두번째 주문이에요 빠르고 조아요~!,21.10.14.,4,0,0,선택1: 성인칫솔 / 선택2: 광폭칫솔 / 선택3: 04-1)이중(탄력적인)
793,한달사용기부드럽고 좋더라구요,21.10.15.,5,0,한달사용기,선택1: 성인칫솔 / 선택2: 광폭칫솔 / 선택3: 04-2)올슬림모(부드러운)
794,한달사용기잘 사용하고 있어요,21.10.15.,5,0,한달사용기,선택1: 성인칫솔 / 선택2: 고급형칫솔 / 선택3: 02-2)올슬림모(부드러운)
795,아이가 이 칫솔이 제일 좋다네요.,21.09.24.,4,0,0,선택1: 어린이칫솔 / 선택2: 기린칫솔 / 선택3: 08-2)기린이중(7세-11세)
796,여느 브랜드 칫솔보다 으뜸입니다,21.10.12.,5,0,0,선택1: 성인칫솔 / 선택2: 일반형칫솔 / 선택3: 01-1)일반모(단단모)
797,"한달사용기잘쓰고있어요.
다만, 손잡이 부분이 얇아서 양치할떼 손이 좀 불편해요;;",21.09.13.,4,0,한달사용기,선택1: 성인칫솔 / 선택2: 일반형칫솔 / 선택3: 01-2)이중모(탄력적인)
798,재구매1년째 사용하고 있어요 ~~,21.09.25.,5,재구매,0,선택1: 성인칫솔 / 선택2: 일반형칫솔 / 선택3: 01-2)이중모(탄력적인)
799,"첫 구매입니다
 배송이 하루 만에 와서 너무 놀랬습니다 배송이 정말 빠르군요 좋아요 일반형이랑 고급형 두 가지로 구매해 봤습니다 고급형이 그리 까 고급형이 그립감이 좋아요 미끄러지지 않아요 모는 비슷한 거 같애요 모타입을 구 뭐 타입을 구별해서 구매할 수 있어서 좋아요 잇몸이 안 좋은 사람은 슬림 모으면 좋을 거 같애요 저는 좀 단단한 스타일을 좋아합니다 깨끗하게 닦이네요 만족합니다 제 구매 의사 있습니다 감사합니다",21.08.19.,5,0,0,선택1: 성인칫솔 / 선택2: 고급형칫솔 / 선택3: 02-2)올슬림모(부드러운)
800,한달사용기재구매좋아요~~~~~~~~~~,21.10.03.,5,재구매,한달사용기,선택1: 교정및어금니 / 선택2: 어금니칫솔 / 선택3: 06-1)일반형(단단한)
801,"3번을 샀는데....저는 잇몸이 약해서 다음에는 2번을 
구입할것 같네요. 일반인 기준 3번이 보통입니다.",21.10.01.,5,0,0,선택1: 성인칫솔 / 선택2: 일반형칫솔 / 선택3: 01-3)올슬림모(부드러운)
802,한달사용기재구매좋아요~~~~~~~~~~~,21.10.03.,5,재구매,한달사용기,선택1: 교정및어금니 / 선택2: 교정칫솔 / 선택3: 05-1)일반형(단단한)
803,제잇몸에 좋은칫솔이있어서감사합니다^^ 재구매입니다,21.10.03.,5,0,0,선택1: 성인칫솔 / 선택2: 초미세모 / 선택3: 0)초미세모(매우부드러운)
804,재구매사용하기 좋아요 ~,21.09.25.,5,재구매,0,선택1: 교정및어금니 / 선택2: 어금니칫솔 / 선택3: 06-2)돔형(단단한)
805,"재구매항상쓰던제품~
4년째 쓰고잇어요",21.09.22.,5,재구매,0,선택1: 성인칫솔 / 선택2: 고급형칫솔 / 선택3: 02-1)이중모(탄력적인)
806,부드럽게 잘 닦이고 배송이 빨라요,21.10.10.,4,0,0,선택1: 성인칫솔 / 선택2: 고급형칫솔 / 선택3: 02-1)이중모(탄력적인)
807,아주 좋습니다! 자주애용해요,21.09.16.,5,0,0,선택1: 성인칫솔 / 선택2: 일반형칫솔 / 선택3: 01-1)일반모(단단모)
808,"상품만족합니다 아직 사용전인데  미세모가 좋은것같아요 
이가 약해서 미세모가 좋을것같아요",21.10.31.,5,0,0,선택1: 성인칫솔 / 선택2: 일반형칫솔 / 선택3: 01-3)올슬림모(부드러운)
809,재구매아주좋아요 잘쓰고있어요,21.09.17.,5,재구매,0,선택1: 성인칫솔 / 선택2: 고급형칫솔 / 선택3: 02-1)이중모(탄력적인)
810,적당히 부드럽고 적당히 세정력 있어서 다른 칫솔 안쓰고 이것만 써요.,21.09.14.,4,0,0,선택1: 성인칫솔 / 선택2: 일반형칫솔 / 선택3: 01-2)이중모(탄력적인)
811,재구매지속적으로 구매해 이용하고 있습니다. 많이 파세요,21.09.15.,5,재구매,0,선택1: 성인칫솔 / 선택2: 고급형칫솔 / 선택3: 02-1)이중모(탄력적인)
812,매번 쓰던거라 또 주문했는데 역시 좋습니다~~,21.09.17.,5,0,0,선택1: 교정및어금니 / 선택2: 교정칫솔 / 선택3: 05-1)일반형(단단한)
813,교정해서 교정용칫솔 두번째 구매해요 ㅎㅎ 사용하기 편하고 좋아요 ~!!,21.10.01.,5,0,0,선택1: 교정및어금니 / 선택2: 교정칫솔 / 선택3: 05-2)슬림형(부드러운)
814,잘받앗어요 잘받앗어요,21.10.12.,5,0,0,선택1: 성인칫솔 / 선택2: 광폭칫솔 / 선택3: 04-1)이중(탄력적인)
815,잘받앗어요 잘받앗어요,21.10.12.,5,0,0,선택1: 성인칫솔 / 선택2: 2-3줄모 / 선택3: 03-2)비타민올(세줄모)
816,잘받앗어요 잘받앗어요,21.10.12.,5,0,0,선택1: 성인칫솔 / 선택2: 광폭칫솔 / 선택3: 04-2)올슬림모(부드러운)
817,잘받앗어요 잘받앗어요,21.10.12.,5,0,0,선택1: 성인칫솔 / 선택2: 2-3줄모 / 선택3: 03-1)두줄모(단단한)
818,잘받앗어요 잘받앗어요,21.10.12.,5,0,0,선택1: 성인칫솔 / 선택2: 고급형칫솔 / 선택3: 02-2)올슬림모(부드러운)
819,잘받앗어요 잘받앗어요,21.10.12.,5,0,0,선택1: 성인칫솔 / 선택2: 고급형칫솔 / 선택3: 02-1)이중모(탄력적인)
820,잘받앗어요 잘받앗어요,21.10.12.,5,0,0,선택1: 성인칫솔 / 선택2: 일반형칫솔 / 선택3: 01-3)올슬림모(부드러운)
821,잘받앗어요 잘받앗어요,21.10.12.,5,0,0,선택1: 성인칫솔 / 선택2: 일반형칫솔 / 선택3: 01-2)이중모(탄력적인)
822,한달사용기늘 쓰던 칫솔이예요 저렴하게 샀어요,21.09.17.,5,0,한달사용기,선택1: 성인칫솔 / 선택2: 일반형칫솔 / 선택3: 01-1)일반모(단단모)
823,"어른아이 쓰기에 좋아요. 다른 칫솔보다 자주교체해야하지만, 좋습니다.",21.09.07.,4,0,0,선택1: 성인칫솔 / 선택2: 일반형칫솔 / 선택3: 01-2)이중모(탄력적인)
824,올슬림모 이중슬림모 반반으로 항상 구매해요 딱히 차이점은 잘 모르겠어요 그냥 그렇게 구매하고싶어서 ㅋㅋ,21.09.04.,5,0,0,선택1: 성인칫솔 / 선택2: 일반형칫솔 / 선택3: 01-2)이중모(탄력적인)
825,고양이 양치용으로 샀어요. 아주좋아요,21.09.13.,5,0,0,선택1: 성인칫솔 / 선택2: 고급형칫솔 / 선택3: 02-4)미소숯올(부드러운)
826,잘받았습니다 감사합니다,21.10.09.,5,0,0,선택1: 성인칫솔 / 선택2: 초미세모 / 선택3: 0)초미세모(매우부드러운)
827,진짜 광폭이라 속시원히 잘 닦여지는 기분이예요.,21.09.14.,4,0,0,선택1: 성인칫솔 / 선택2: 광폭칫솔 / 선택3: 04-1)이중(탄력적인)
828,한달사용기너무좋네용  잘쓸게용,21.10.11.,5,0,한달사용기,선택1: 교정및어금니 / 선택2: 어금니칫솔 / 선택3: 06-3)슬림형(부드러운)
829,"재구매입니다. 
시중에파는 비싸기만하고 별 장점없는 칫솔보다 
여기 칫솔이 훨씬좋네요~",21.09.29.,5,0,0,선택1: 성인칫솔 / 선택2: 초미세모 / 선택3: 0)초미세모(매우부드러운)
830,"일반형이랑 모는 똑같아 보이는데
손잡이 부분이 다른게 양치질할 때 영향이 있나봐요 더 잘 닦이는 기분",21.09.05.,5,0,0,선택1: 성인칫솔 / 선택2: 고급형칫솔 / 선택3: 02-1)이중모(탄력적인)
831,재구매만족합니다만족합니다,21.10.07.,4,재구매,0,선택1: 성인칫솔 / 선택2: 고급형칫솔 / 선택3: 02-3)미소금올(부드러운)
832,"항상여기서시켜요
강도도 괜찮고 칫솔모 크기도 좋아요",21.09.08.,5,0,0,선택1: 성인칫솔 / 선택2: 고급형칫솔 / 선택3: 02-1)이중모(탄력적인)
833,너무 미세하고 좋아요,21.10.08.,5,0,0,선택1: 성인칫솔 / 선택2: 고급형칫솔 / 선택3: 02-1)이중모(탄력적인)
834,항상 구매하는 제품이예요~,21.10.07.,5,0,0,선택1: 어린이칫솔 / 선택2: 기린칫솔 / 선택3: 08-2)기린이중(7세-11세)
835,항상 구매하는 제품이예요~,21.10.07.,5,0,0,선택1: 성인칫솔 / 선택2: 광폭칫솔 / 선택3: 04-2)올슬림모(부드러운)
836,항상 구매하는 제품이예요~,21.10.07.,5,0,0,선택1: 교정및어금니 / 선택2: 교정칫솔 / 선택3: 05-2)슬림형(부드러운)
837,배송빠르고 괜찮아요,21.09.17.,3,0,0,선택1: 성인칫솔 / 선택2: 고급형칫솔 / 선택3: 02-1)이중모(탄력적인)
838,배송빠르고 괜찮네요,21.09.17.,3,0,0,선택1: 성인칫솔 / 선택2: 고급형칫솔 / 선택3: 02-4)미소숯올(부드러운)
839,재구매항상 잘쓰고 있습니다,21.09.16.,5,재구매,0,선택1: 성인칫솔 / 선택2: 고급형칫솔 / 선택3: 02-1)이중모(탄력적인)
840,"재구매했습니다 ! 칫솔모가 부드럽고 좋아요 ~ 
사은품도 꼼꼼하게 챙겨주셔서 감사합니다 또 구매하러 올게요 ㅎㅎ",21.08.30.,5,0,0,선택1: 성인칫솔 / 선택2: 초미세모 / 선택3: 0)초미세모(매우부드러운)
841,"칫솔은 항상 여기서 사요.
재구매합니다.",21.09.08.,5,0,0,선택1: 성인칫솔 / 선택2: 고급형칫솔 / 선택3: 02-1)이중모(탄력적인)
842,고급형이랑 모는 똑같은 것 같은데 손잡이만 다른 듯 근데 그립감이 고급형이 나은 듯,21.09.08.,4,0,0,선택1: 성인칫솔 / 선택2: 일반형칫솔 / 선택3: 01-2)이중모(탄력적인)
843,"배송빠르고 품질도 좋아요.
재구매합니다",21.09.07.,5,0,0,선택1: 어린이칫솔 / 선택2: 기린칫솔 / 선택3: 08-2)기린이중(7세-11세)
844,한달사용기좋아요. 잘쓰고있어요,21.09.13.,5,0,한달사용기,선택1: 어린이칫솔 / 선택2: 기린칫솔 / 선택3: 08-2)기린이중(7세-11세)
845,군더더기 없이 깔끔한 칫솔이라 좋습니다! 가격부담이 없어 자주자주 갈아쓰니 위생적으로 사용할수 있고요!!,21.09.18.,5,0,0,선택1: 성인칫솔 / 선택2: 일반형칫솔 / 선택3: 01-2)이중모(탄력적인)
846,고양이 양치용인데 좋아요,21.09.13.,5,0,0,선택1: 성인칫솔 / 선택2: 광폭칫솔 / 선택3: 04-1)이중(탄력적인)
847,부드럽고 잘닦여요 잇몸에 무리안가서 계속 재구매해요,21.09.04.,5,0,0,선택1: 성인칫솔 / 선택2: 일반형칫솔 / 선택3: 01-3)올슬림모(부드러운)
848,좋아요좋아요좋아요좋아요,21.10.29.,5,0,0,선택1: 성인칫솔 / 선택2: 고급형칫솔 / 선택3: 02-2)올슬림모(부드러운)
849,좋아요좋아요좋아요좋아요,21.10.28.,5,0,0,선택1: 성인칫솔 / 선택2: 고급형칫솔 / 선택3: 02-1)이중모(탄력적인)
850,재구매했습니다 치과용 칫솔이여서 그런지 몰라도 칫솔모가 마음에 들어 좋더라구요 ! 굿굿,21.08.30.,5,0,0,선택1: 성인칫솔 / 선택2: 일반형칫솔 / 선택3: 01-3)올슬림모(부드러운)
851,칫솔이 부드럽고 좋아요 배송도 빨라요ㅎㅎ,21.09.07.,5,0,0,선택1: 교정및어금니 / 선택2: 교정칫솔 / 선택3: 05-2)슬림형(부드러운)
852,고양이 양치용으로 2버ㄴ째 구매에요,21.09.13.,5,0,0,선택1: 교정및어금니 / 선택2: 어금니칫솔 / 선택3: 06-3)슬림형(부드러운)
853,부드럽고 조아요! 완전,21.10.04.,5,0,0,선택1: 성인칫솔 / 선택2: 초미세모 / 선택3: 0)초미세모(매우부드러운)
854,그립감도 좋고 잘닦여요.장점이자 단점잀ㄷ있는데 넓은대신 어금니 구석은 닦기 힘듦어요,21.08.29.,4,0,0,선택1: 성인칫솔 / 선택2: 광폭칫솔 / 선택3: 04-2)올슬림모(부드러운)
855,좋아요~ 올해는 이걸로  끗읏,21.08.24.,5,0,0,선택1: 교정및어금니 / 선택2: 교정칫솔 / 선택3: 05-3)고급슬림형(부드러운)
856,재구매좋아요.좋아요재구매 예약,21.10.04.,5,재구매,0,선택1: 교정및어금니 / 선택2: 어금니칫솔 / 선택3: 06-2)돔형(단단한)
857,재구매좋아요.좋아요.재구매각,21.10.04.,5,재구매,0,선택1: 성인칫솔 / 선택2: 고급형칫솔 / 선택3: 02-2)올슬림모(부드러운)
858,재구매좋아요.좋아요.재구매각,21.10.04.,5,재구매,0,선택1: 어린이칫솔 / 선택2: 기린칫솔 / 선택3: 08-2)기린이중(7세-11세)
859,신랑이 부드러운모를 원해서 주문했는데 확실히 그전 칫솔보다 닦고 난 뒤 개운하다고 합니다.,21.09.01.,5,0,0,선택1: 성인칫솔 / 선택2: 고급형칫솔 / 선택3: 02-2)올슬림모(부드러운)
860,칫솔 여기꺼 알고부턴 여기꺼만 써요,21.09.12.,5,0,0,선택1: 성인칫솔 / 선택2: 고급형칫솔 / 선택3: 02-3)미소금올(부드러운)
861,재구매거의 50개째 쓰는중..,21.09.16.,5,재구매,0,선택1: 성인칫솔 / 선택2: 일반형칫솔 / 선택3: 01-2)이중모(탄력적인)
862,재구매칫솔 떨어지기전에 미리 주문하게 되었네요. ㅎ,21.09.08.,5,재구매,0,선택1: 성인칫솔 / 선택2: 고급형칫솔 / 선택3: 02-2)올슬림모(부드러운)
863,재구매저번에  한번 써보고 괜찮아서  재주문해요.,21.09.08.,5,재구매,0,선택1: 성인칫솔 / 선택2: 광폭칫솔 / 선택3: 04-2)올슬림모(부드러운)
864,"불고기를 백종원님이 콜라에 끓여 조렸는데 아이들과 잘 먹었습니다.
다짐육은 조금 질겨 떡갈비를 만들었는데 질긴면이 잇어요.
잘 먹었습니다.",21.08.23.,4,0,0,선택1: 성인칫솔 / 선택2: 일반형칫솔 / 선택3: 01-2)이중모(탄력적인)
865,"재구매매번 사용하고 있어요
아주 좋아요",21.09.10.,5,재구매,0,선택1: 교정및어금니 / 선택2: 교정칫솔 / 선택3: 05-2)슬림형(부드러운)
866,배송은 많이 늦었지만 잘쓰겠습니다,21.09.08.,4,0,0,선택1: 성인칫솔 / 선택2: 일반형칫솔 / 선택3: 01-3)올슬림모(부드러운)
867,칫솔 귀여워요 너구리 ㅋ,21.09.11.,5,0,0,선택1: 어린이칫솔 / 선택2: 너구리칫솔 / 선택3: 09-1)너구리올(24개월-6세)
868,"가격대비 칫솔모,손잡이(고급형)도 납작하지않고 그립감 괜찮습니다.
한가지 아쉬운점은
성인칫솔모, 길이감이 짧아서 아쉽습니다",21.08.29.,4,0,0,선택1: 성인칫솔 / 선택2: 고급형칫솔 / 선택3: 02-2)올슬림모(부드러운)
869,어린이집 칫솔용으로 샀는데 코로나 때문에 식후 양치를 못하네요ㅜㅠ,21.09.23.,5,0,0,선택1: 어린이칫솔 / 선택2: 기린칫솔 / 선택3: 08-1)기린올(24개월-6세)
870,재구매잘 쓰고 있어요..,21.10.04.,4,재구매,0,선택1: 교정및어금니 / 선택2: 어금니칫솔 / 선택3: 06-1)일반형(단단한)
871,배송은 느렸지만 잘쓸께요,21.09.09.,4,0,0,선택1: 성인칫솔 / 선택2: 일반형칫솔 / 선택3: 01-2)이중모(탄력적인)
872,"재구매교정 치아이고 잇몸이 약해서 칫솔을 정말 신중하게 고르는데 저희 가족은 이제 미소덴탈에 정착합니다.
잇몸에 상처도 안나고 그렇다고 힘이 없는 마냥 부드러운 모가 아니라 닦고 나서 개운해요.
단점이라면 칫솔모 케이스가 아깝다 정도?ㅎ
남편은 탄탄한 모를 좋아해서 광폭 이중써요~",21.08.31.,5,재구매,0,선택1: 성인칫솔 / 선택2: 광폭칫솔 / 선택3: 04-2)올슬림모(부드러운)
873,배송이 매우 빠릅니다,21.09.30.,5,0,0,선택1: 성인칫솔 / 선택2: 일반형칫솔 / 선택3: 01-2)이중모(탄력적인)
874,좀 거칠어요 나쁘진않아요,21.09.06.,4,0,0,선택1: 교정및어금니 / 선택2: 어금니칫솔 / 선택3: 06-1)일반형(단단한)
875,재구매항상 두종류를 구매하는데  고급형이중모가 잘 닦이는듯 하네요 개취에요,21.08.31.,5,재구매,0,선택1: 성인칫솔 / 선택2: 고급형칫솔 / 선택3: 02-1)이중모(탄력적인)
876,솔이 부드러워서 이것만 쓰게 되네요 재구매예요,21.08.30.,5,0,0,선택1: 성인칫솔 / 선택2: 고급형칫솔 / 선택3: 02-1)이중모(탄력적인)
877,한달사용기재구매교정칫솔 구매해서 잘 사용하고 있어요.,21.09.26.,5,재구매,한달사용기,선택1: 교정및어금니 / 선택2: 교정칫솔 / 선택3: 05-3)고급슬림형(부드러운)
878,재구매이번건 좀 대충만드신것같은,21.09.01.,3,재구매,0,선택1: 교정및어금니 / 선택2: 어금니칫솔 / 선택3: 06-1)일반형(단단한)
879,재구매맨날쓰는 칫솔이에요 잘닦여요,21.09.27.,5,재구매,0,선택1: 성인칫솔 / 선택2: 일반형칫솔 / 선택3: 01-3)올슬림모(부드러운)
880,부드럽고 사용하기 좋습니다,21.09.28.,5,0,0,선택1: 성인칫솔 / 선택2: 초미세모 / 선택3: 0)초미세모(매우부드러운)
881,재구매빠른배송 만족합니다 항상 사용하고 있습니다,21.09.04.,5,재구매,0,선택1: 성인칫솔 / 선택2: 고급형칫솔 / 선택3: 02-1)이중모(탄력적인)
882,한달사용기칫솔 너무좋아요 재구입,21.09.28.,5,0,한달사용기,선택1: 어린이칫솔 / 선택2: 유아칫솔 / 선택3: 07-1)유아(15개월-36개월)
883,재구매만족합니다만족합니다,21.09.28.,5,재구매,0,선택1: 성인칫솔 / 선택2: 고급형칫솔 / 선택3: 02-2)올슬림모(부드러운)
884,강한 칫솔모 좋아요. 치석 제거에 괜찮은 듯 싶어요,21.09.20.,5,0,0,선택1: 성인칫솔 / 선택2: 일반형칫솔 / 선택3: 01-1)일반모(단단모)
885,한달사용기칫솔 매번 여기서 사요,21.09.28.,5,0,한달사용기,선택1: 어린이칫솔 / 선택2: 기린칫솔 / 선택3: 08-1)기린올(24개월-6세)
886,아직사용 안했지만 좋겠죠.,21.09.28.,4,0,0,선택1: 어린이칫솔 / 선택2: 기린칫솔 / 선택3: 08-2)기린이중(7세-11세)
887,재구매아이가 쓰기 좋아요~자주 바꿔주는게 좋은것 같아요,21.08.29.,5,재구매,0,선택1: 어린이칫솔 / 선택2: 너구리칫솔 / 선택3: 09-1)너구리올(24개월-6세)
888,재구매칫솔은 쟁겨놔야줘  ㅋ,21.09.08.,5,재구매,0,선택1: 성인칫솔 / 선택2: 고급형칫솔 / 선택3: 02-4)미소숯올(부드러운)
889,칫솔탄력도 있고 미세모도좋아요,21.09.24.,4,0,0,선택1: 성인칫솔 / 선택2: 일반형칫솔 / 선택3: 01-2)이중모(탄력적인)
890,재구매아이가 쓰기 좋아요 자주 바꿔줍니다,21.08.29.,5,재구매,0,선택1: 어린이칫솔 / 선택2: 기린칫솔 / 선택3: 08-1)기린올(24개월-6세)
891,나쁘진않지만 거칠어요,21.09.06.,4,0,0,선택1: 교정및어금니 / 선택2: 어금니칫솔 / 선택3: 06-2)돔형(단단한)
892,나쁘지않지만 거칠어요,21.09.06.,4,0,0,선택1: 교정및어금니 / 선택2: 어금니칫솔 / 선택3: 06-3)슬림형(부드러운)
893,뾰족해서 사용하기 좋아요,21.09.05.,5,0,0,선택1: 교정및어금니 / 선택2: 어금니칫솔 / 선택3: 06-1)일반형(단단한)
894,배송 품질 모두 만족스럽습니다~~~,21.09.05.,5,0,0,선택1: 교정및어금니 / 선택2: 교정칫솔 / 선택3: 05-2)슬림형(부드러운)
895,"재구매잘 이용하고 있어요
가성비 굿~",21.09.05.,5,재구매,0,선택1: 교정및어금니 / 선택2: 교정칫솔 / 선택3: 05-2)슬림형(부드러운)
896,솔이 부드럽고 작아서 구석구석 닦기 좋아요 재구매합니다,21.08.30.,5,0,0,선택1: 성인칫솔 / 선택2: 고급형칫솔 / 선택3: 02-2)올슬림모(부드러운)
897,한달사용기부드럽고 가성비 좋아요,21.09.25.,5,0,한달사용기,선택1: 성인칫솔 / 선택2: 고급형칫솔 / 선택3: 02-1)이중모(탄력적인)
898,재구매저희가족은 이칫솔만 사용해요,21.09.03.,5,재구매,0,선택1: 성인칫솔 / 선택2: 초미세모 / 선택3: 0)초미세모(매우부드러운)
899,재구매아이가 잘 쓰고있어요,21.09.05.,5,재구매,0,선택1: 교정및어금니 / 선택2: 교정칫솔 / 선택3: 05-1)일반형(단단한)
900,어금니칫솔이 있어서 구매해봤어요~~처음이라 잘안되지만 꾸준히 사용하면 좋을거 같아요,21.08.21.,5,0,0,선택1: 교정및어금니 / 선택2: 어금니칫솔 / 선택3: 06-2)돔형(단단한)
901,이 칫솔이 좋아서 계속쓰고 있습니다. 계속 좋은 칫솔 부탁드려요,21.08.27.,5,0,0,선택1: 성인칫솔 / 선택2: 고급형칫솔 / 선택3: 02-2)올슬림모(부드러운)
902,빠른 배송 참 좋아요,21.09.25.,5,0,0,선택1: 어린이칫솔 / 선택2: 기린칫솔 / 선택3: 08-2)기린이중(7세-11세)
903,빠른 배송 참 좋아요,21.09.25.,5,0,0,선택1: 성인칫솔 / 선택2: 광폭칫솔 / 선택3: 04-1)이중(탄력적인)
904,재주문만 여러번했습니다^^,21.09.04.,5,0,0,선택1: 성인칫솔 / 선택2: 광폭칫솔 / 선택3: 04-2)올슬림모(부드러운)
905,"매번 주문해 사용 합니다!
추천요~~
업체가 이사하느라 배송은 늦엇지만
급한거아니라 기다려받앗어요
음~~ 이사로 분주해 갯수 정확지않을수있는데
정확히보내줫네요.
그만함 저는 만족한답니다",21.08.12.,5,0,0,선택1: 성인칫솔 / 선택2: 일반형칫솔 / 선택3: 01-2)이중모(탄력적인)
906,강모만 쓰다가 치아 사이가 잘  안닦이는거 같아 바꿨는데~~ 너무 좋네요~ 구석구석 잘 닦이고 적당히 힘도 있고 부드럽고~  다 쓰면 더 사야겠어요~,21.08.16.,5,0,0,선택1: 성인칫솔 / 선택2: 고급형칫솔 / 선택3: 02-1)이중모(탄력적인)
907,재구매빠른배송 만족합니다,21.09.04.,5,재구매,0,선택1: 어린이칫솔 / 선택2: 유아칫솔 / 선택3: 07-1)유아(15개월-36개월)
908,재구매빠른배송 만족합니다,21.09.04.,5,재구매,0,선택1: 교정및어금니 / 선택2: 교정칫솔 / 선택3: 05-3)고급슬림형(부드러운)
909,재주문만 여러번했어요^^,21.09.04.,5,0,0,선택1: 교정및어금니 / 선택2: 어금니칫솔 / 선택3: 06-1)일반형(단단한)
910,한달사용기항상  사용하던거라 재주문항시하고있습니다,21.09.19.,5,0,한달사용기,선택1: 성인칫솔 / 선택2: 고급형칫솔 / 선택3: 02-1)이중모(탄력적인)
911,재주문 여러번합니다^^,21.09.04.,5,0,0,선택1: 성인칫솔 / 선택2: 일반형칫솔 / 선택3: 01-3)올슬림모(부드러운)
912,좋아서 계속 주문중입니다!,21.09.02.,5,0,0,선택1: 성인칫솔 / 선택2: 고급형칫솔 / 선택3: 02-2)올슬림모(부드러운)
913,재구매빠른배송에 혀클리너 감사요,21.08.31.,5,재구매,0,선택1: 성인칫솔 / 선택2: 일반형칫솔 / 선택3: 01-2)이중모(탄력적인)
914,"재구매한번살때마다 2만원이상 사게 되네요
칫솔모가 마음에 쏙 듭니다",21.09.10.,5,재구매,0,선택1: 성인칫솔 / 선택2: 일반형칫솔 / 선택3: 01-1)일반모(단단모)
915,재구매이번건 대충만드신것같은,21.09.01.,3,재구매,0,선택1: 교정및어금니 / 선택2: 교정칫솔 / 선택3: 05-1)일반형(단단한)
916,좋아요 배송도 빠르고 가격도 저렴하고,21.09.15.,5,0,0,선택1: 교정및어금니 / 선택2: 교정칫솔 / 선택3: 05-1)일반형(단단한)
917,"한달사용기너무좋아요! 잘사용하고있어요
사랑니를 발치했었는데 어금니 뒤쪽 사용할때 편리해요.",21.08.19.,5,0,한달사용기,선택1: 교정및어금니 / 선택2: 어금니칫솔 / 선택3: 06-2)돔형(단단한)
918,이거쓰다가 다른거 못씀 개좋음,21.09.19.,5,0,0,선택1: 성인칫솔 / 선택2: 고급형칫솔 / 선택3: 02-4)미소숯올(부드러운)
919,광폭은 첨써보는데 좋아요,21.08.30.,5,0,0,선택1: 성인칫솔 / 선택2: 광폭칫솔 / 선택3: 04-1)이중(탄력적인)
920,매번 주문하는 제품입니다.다른건 못쓰겠어요.,21.08.22.,5,0,0,선택1: 성인칫솔 / 선택2: 일반형칫솔 / 선택3: 01-2)이중모(탄력적인)
921,"재구매믿고 사용하는 제품입니다~
앞으로도 쭈욱 사용할거구요 ㅎ",21.09.16.,5,재구매,0,선택1: 성인칫솔 / 선택2: 고급형칫솔 / 선택3: 02-4)미소숯올(부드러운)
922,재구매아이들 성장해서 너구리 칫솔로 바꾸어 봤는데 아이들이 좋아하네요..품질 좋아요,21.08.19.,5,재구매,0,선택1: 어린이칫솔 / 선택2: 너구리칫솔 / 선택3: 09-2)너구리이중(7세-11세)
923,"재구매요새 칫솔은 여기꺼밖에 안사요
싸고 좋습니다",21.09.10.,5,재구매,0,선택1: 어린이칫솔 / 선택2: 기린칫솔 / 선택3: 08-2)기린이중(7세-11세)
924,한달사용기넘 만족해요 시원하게 양치되고 좋네요,21.08.23.,5,0,한달사용기,선택1: 성인칫솔 / 선택2: 일반형칫솔 / 선택3: 01-2)이중모(탄력적인)
925,사용전이지만 평이 좋고 아이들상품 자체가 좋아서 기대하고 있습니다,21.08.21.,5,0,0,선택1: 성인칫솔 / 선택2: 일반형칫솔 / 선택3: 01-2)이중모(탄력적인)
926,감사합니다~~~~~~~~~~,21.09.26.,5,0,0,선택1: 성인칫솔 / 선택2: 고급형칫솔 / 선택3: 02-2)올슬림모(부드러운)
927,한달사용기항상 쓰던거라  항상 만족합니다,21.09.19.,5,0,한달사용기,선택1: 성인칫솔 / 선택2: 고급형칫솔 / 선택3: 02-2)올슬림모(부드러운)
928,"한달사용기예전에치과에서 썼던기억있어서 시켰는데
만족해요",21.08.23.,5,0,한달사용기,선택1: 성인칫솔 / 선택2: 일반형칫솔 / 선택3: 01-3)올슬림모(부드러운)
929,한달사용기꾸준히 사용하고 있습니다 다음에 또 구매,21.09.14.,5,0,한달사용기,선택1: 성인칫솔 / 선택2: 일반형칫솔 / 선택3: 01-2)이중모(탄력적인)
930,완전좋아요 탄력있고 가늘고 깨끗이 구석구석 닦입니다,21.09.07.,5,0,0,선택1: 성인칫솔 / 선택2: 고급형칫솔 / 선택3: 02-1)이중모(탄력적인)
931,배송빠르고  만족합니다,21.09.17.,4,0,0,선택1: 성인칫솔 / 선택2: 고급형칫솔 / 선택3: 02-2)올슬림모(부드러운)
932,"한달사용기칫솔모가 다른것 보다 오래가고
양치가 잘 되는듯 합니다",21.08.23.,5,0,한달사용기,선택1: 어린이칫솔 / 선택2: 기린칫솔 / 선택3: 08-2)기린이중(7세-11세)
933,가격도 저렴하고 배송도 빨라서 좋아요,21.09.15.,5,0,0,선택1: 어린이칫솔 / 선택2: 너구리칫솔 / 선택3: 09-2)너구리이중(7세-11세)
934,"일반모쓰다가 다른걸로 구매해봤어요
항상 재구매하고 있어요 좋아요",21.09.10.,4,0,0,선택1: 성인칫솔 / 선택2: 고급형칫솔 / 선택3: 02-1)이중모(탄력적인)
935,"호기심에 시켜봤어요
어떻게 사용하는지 몰라서 검색하고 사용했어요
교정 중이면 유용합니다
사용법이 나와있으면 좋을거 같아요",21.08.09.,5,0,0,선택1: 성인칫솔 / 선택2: 2-3줄모 / 선택3: 03-1)두줄모(단단한)
936,배송 빠르고 아직 사용전이지만 아이들꺼 사면서 같이 구매해봤어ㅛ,21.08.21.,5,0,0,선택1: 성인칫솔 / 선택2: 일반형칫솔 / 선택3: 01-1)일반모(단단모)
937,어금니칫솔 양치어려운부분까지 꼼꼼히 닦을수있어요. 교정시 칫실사용후 한번더 닦으니 깔끔하네요,21.08.10.,5,0,0,선택1: 교정및어금니 / 선택2: 어금니칫솔 / 선택3: 06-3)슬림형(부드러운)
938,한달사용기항상쓰던 칫솔인데 아이교정용 좋고  그런데 일반모가  솔이 더 강해진거같아요 ㅜㅜ,21.09.06.,3,0,한달사용기,선택1: 교정및어금니 / 선택2: 어금니칫솔 / 선택3: 06-1)일반형(단단한)
939,교정인한테는 필수인 칫솔이라 주기적으로 구매해요~~,21.08.22.,4,0,0,선택1: 교정및어금니 / 선택2: 교정칫솔 / 선택3: 05-3)고급슬림형(부드러운)
940,아직 사용전이지만 평이좋아 기대하고 있어요,21.08.21.,5,0,0,선택1: 성인칫솔 / 선택2: 광폭칫솔 / 선택3: 04-1)이중(탄력적인)
941,가격과배송 만족해요,21.08.26.,5,0,0,선택1: 성인칫솔 / 선택2: 일반형칫솔 / 선택3: 01-2)이중모(탄력적인)
942,배송이 빨랐고 타입별로 구매할 수 있어서 만족스럽습니다,21.08.19.,5,0,0,선택1: 성인칫솔 / 선택2: 고급형칫솔 / 선택3: 02-1)이중모(탄력적인)
943,괞찮아요~~~~~~~~,21.10.10.,3,0,0,선택1: 성인칫솔 / 선택2: 고급형칫솔 / 선택3: 02-1)이중모(탄력적인)
944,재구매제품 너무 좋아요 ㅎ,21.09.16.,5,재구매,0,선택1: 성인칫솔 / 선택2: 고급형칫솔 / 선택3: 02-3)미소금올(부드러운)
945,한달사용기칫솔은 여기거만 사용해요 진짜 부드럽고 너무 좋아요,21.09.03.,5,0,한달사용기,선택1: 성인칫솔 / 선택2: 고급형칫솔 / 선택3: 02-2)올슬림모(부드러운)
946,재구매항상 요기서 주문합니다!!!^^,21.09.15.,5,재구매,0,선택1: 성인칫솔 / 선택2: 초미세모 / 선택3: 0)초미세모(매우부드러운)
947,한달사용기늘 사용하는 거에요,21.09.13.,5,0,한달사용기,선택1: 성인칫솔 / 선택2: 고급형칫솔 / 선택3: 02-4)미소숯올(부드러운)
948,한달사용기늘 사용하는 거에요,21.09.13.,5,0,한달사용기,선택1: 성인칫솔 / 선택2: 고급형칫솔 / 선택3: 02-3)미소금올(부드러운)
949,단단하기가 원하던 칫솔이라서 너무 좋네요.,21.08.19.,5,0,0,선택1: 성인칫솔 / 선택2: 일반형칫솔 / 선택3: 01-2)이중모(탄력적인)
950,재구매칫솔 사용해보고 너무  좋아서 재구매했어요..,21.08.19.,5,재구매,0,선택1: 어린이칫솔 / 선택2: 유아칫솔 / 선택3: 07-1)유아(15개월-36개월)
951,요거 좋아서 전에 20갠가 사서 다쓰고 이번에 또샀어요!!^^가격 저렴하니까 적당히쓰고 제때 바꿔서 쓰고있어요:),21.08.09.,5,0,0,선택1: 성인칫솔 / 선택2: 일반형칫솔 / 선택3: 01-3)올슬림모(부드러운)
952,"재구매싸고 좋아요
마트에 하나에 3500원짜리보다 좋습니다",21.09.10.,5,재구매,0,선택1: 어린이칫솔 / 선택2: 기린칫솔 / 선택3: 08-1)기린올(24개월-6세)
953,재구매지난번에도 여기서 주문했는데 만족해요,21.09.08.,5,재구매,0,선택1: 성인칫솔 / 선택2: 고급형칫솔 / 선택3: 02-1)이중모(탄력적인)
954,항상 재구매해서 쓰고있어요  잘쓸께요,21.09.10.,4,0,0,선택1: 어린이칫솔 / 선택2: 기린칫솔 / 선택3: 08-2)기린이중(7세-11세)
955,"제가 그동안 써온 교정 칫솔 중 제일 좋은 제품인 것 같아요! 부드럽게 잘 닦이고, 저렴한 가격에 잘 샀어요!!",21.08.27.,5,0,0,선택1: 교정및어금니 / 선택2: 교정칫솔 / 선택3: 05-3)고급슬림형(부드러운)
956,한달사용기재구매칫솔모도 좋고 잘 닦이는거 같아서 만족해서 매번 주문합니다~^^,21.09.05.,4,재구매,한달사용기,선택1: 성인칫솔 / 선택2: 고급형칫솔 / 선택3: 02-1)이중모(탄력적인)
957,재구매배송 엄청 빨랐어요. 교정용 칫솔 저렴히 잘 샀어요. 일반 칫솔도 써보고 괜찮으면 재구매 할게요.,21.08.27.,4,재구매,0,선택1: 성인칫솔 / 선택2: 고급형칫솔 / 선택3: 02-1)이중모(탄력적인)
958,재구매배송 엄청 빨랐어요. 교정용 칫솔 저렴히 잘 샀어요. 일반 칫솔도 써보고 괜찮으면 재구매 할게요.,21.08.27.,4,재구매,0,선택1: 성인칫솔 / 선택2: 초미세모 / 선택3: 0)초미세모(매우부드러운)
959,재구매배송 엄청 빨랐어요. 교정용 칫솔 저렴히 잘 샀어요. 일반 칫솔도 써보고 괜찮으면 재구매 할게요.,21.08.27.,4,재구매,0,선택1: 교정및어금니 / 선택2: 교정칫솔 / 선택3: 05-2)슬림형(부드러운)
960,재구매배송 엄청 빨랐어요. 교정용 칫솔 저렴히 잘 샀어요. 일반 칫솔도 써보고 괜찮으면 재구매 할게요.,21.08.27.,4,재구매,0,선택1: 교정및어금니 / 선택2: 교정칫솔 / 선택3: 05-1)일반형(단단한)
961,배송 겁나 빨라요 사은품도 잘받았습니다,21.08.11.,5,0,0,선택1: 성인칫솔 / 선택2: 일반형칫솔 / 선택3: 01-3)올슬림모(부드러운)
962,"재구매양치 잘 하고 있어요 많이 아프지않고 잘 닦여요
여기서만 칫솔 구매 해서 쓰고있어요
넘 만족합니당",21.08.26.,5,재구매,0,선택1: 성인칫솔 / 선택2: 고급형칫솔 / 선택3: 02-2)올슬림모(부드러운)
963,빠른배송 감사합니다.,21.08.21.,5,0,0,선택1: 어린이칫솔 / 선택2: 기린칫솔 / 선택3: 08-2)기린이중(7세-11세)
964,빠른배송 감사합니다.,21.08.21.,5,0,0,선택1: 어린이칫솔 / 선택2: 너구리칫솔 / 선택3: 09-2)너구리이중(7세-11세)
965,저렴하게 잘 구매했스비다,21.08.19.,5,0,0,선택1: 교정및어금니 / 선택2: 교정칫솔 / 선택3: 05-2)슬림형(부드러운)
966,한달사용기역시 치아 에나멜층 손상을 막으려면 부드러운 칫솔이 최고예요. 싸기도 하고 부드러워서 여기것만 쓰고 있어요,21.08.23.,5,0,한달사용기,선택1: 성인칫솔 / 선택2: 일반형칫솔 / 선택3: 01-3)올슬림모(부드러운)
967,아버지가 칫솔이 마음에 든다고 하셔서 여러개 시켰어요! 배송 빠르고 좋아요,21.08.07.,5,0,0,선택1: 성인칫솔 / 선택2: 고급형칫솔 / 선택3: 02-1)이중모(탄력적인)
968,첫 구매 인데 가격 대비 만족스럽습니다 앞으로도 재구매 의사 있구요 여러 가지 선택해서 골랐을 수 있어서 더 만족스럽네요 감사합니다,21.08.21.,5,0,0,선택1: 성인칫솔 / 선택2: 일반형칫솔 / 선택3: 01-2)이중모(탄력적인)
969,한달사용기어금니칫솔 강추요  칫솔질잘돼요,21.09.06.,5,0,한달사용기,선택1: 성인칫솔 / 선택2: 일반형칫솔 / 선택3: 01-2)이중모(탄력적인)
970,진짜좋아요ㅎㅎ 보자매자좋음,21.09.04.,5,0,0,선택1: 성인칫솔 / 선택2: 2-3줄모 / 선택3: 03-2)비타민올(세줄모)
971,재구매만족합니다 ~~~~~~~~~,21.08.26.,5,재구매,0,선택1: 성인칫솔 / 선택2: 초미세모 / 선택3: 0)초미세모(매우부드러운)
972,"너무너무 오래걸렸네요
잘 쓸게요",21.08.15.,4,0,0,선택1: 성인칫솔 / 선택2: 고급형칫솔 / 선택3: 02-1)이중모(탄력적인)
973,재구매저렴하고 사용감도 편하고 좋아요,21.08.16.,4,재구매,0,선택1: 성인칫솔 / 선택2: 초미세모 / 선택3: 0)초미세모(매우부드러운)
974,재구매저렴하고 사용감도 편하고 좋아요,21.08.16.,4,재구매,0,선택1: 성인칫솔 / 선택2: 일반형칫솔 / 선택3: 01-3)올슬림모(부드러운)
975,재구매저렴하고 사용감도 편하고 좋아요,21.08.16.,4,재구매,0,선택1: 성인칫솔 / 선택2: 고급형칫솔 / 선택3: 02-3)미소금올(부드러운)
976,재구매저렴하고 사용감도 편하고 좋아요,21.08.16.,4,재구매,0,선택1: 성인칫솔 / 선택2: 고급형칫솔 / 선택3: 02-4)미소숯올(부드러운)
977,"배송 빠르네요
좋아요
칫솔",21.09.10.,5,0,0,선택1: 성인칫솔 / 선택2: 2-3줄모 / 선택3: 03-2)비타민올(세줄모)
978,잘 선택한것같습니다.,21.08.19.,5,0,0,선택1: 성인칫솔 / 선택2: 일반형칫솔 / 선택3: 01-2)이중모(탄력적인)
979,"항상 써 왔던 제품~
코로나로 코스트코를 못가서 인터넷으로 처음 시켰는데... 다음에 또 주문해야겠어요~~ㅋ
인터넷 쇼핑! 완죤 편하고 좋네요",21.07.30.,5,0,0,선택1: 성인칫솔 / 선택2: 고급형칫솔 / 선택3: 02-1)이중모(탄력적인)
980,항상 사용하던거라주문합니다 배송빠르게 잘받았습니다,21.08.11.,5,0,0,선택1: 성인칫솔 / 선택2: 고급형칫솔 / 선택3: 02-1)이중모(탄력적인)
981,한달사용기재구매좋아요. 재무매의사 있습니다.,21.09.02.,4,재구매,한달사용기,0
982,한달사용기일반형칫솔모가 더 강해진 느낌이라 별하나뺐어요 ㅜㅡㄴ,21.09.06.,3,0,한달사용기,선택1: 성인칫솔 / 선택2: 일반형칫솔 / 선택3: 01-1)일반모(단단모)
983,재구매가족 모두 칫솔은 항상 여기서 사요~~,21.08.15.,5,재구매,0,선택1: 성인칫솔 / 선택2: 일반형칫솔 / 선택3: 01-2)이중모(탄력적인)
984,재구매세번째  구매에요 또 살거구요,21.08.10.,4,재구매,0,선택1: 교정및어금니 / 선택2: 교정칫솔 / 선택3: 05-2)슬림형(부드러운)
985,재구매항사 구매하는 제품인데 교정칫솔로 좋아요,21.09.02.,5,재구매,0,0
986,두번째 구매예요~~~잘 쓸께요~~^^,21.08.13.,5,0,0,선택1: 성인칫솔 / 선택2: 일반형칫솔 / 선택3: 01-2)이중모(탄력적인)
987,모가 부드럽고 탄력있어요. 칫솔 헤드가 작아서 닦기 편하고 개별로 플라스틱 뚜껑이 있어 여행시 편리합니다.,21.08.20.,5,0,0,선택1: 성인칫솔 / 선택2: 고급형칫솔 / 선택3: 02-2)올슬림모(부드러운)
988,재구매아이가 교정중이여서 계속 재구매하고있네요 좋아요,21.09.01.,5,재구매,0,0
989,잘샀어요 ㅋㅋㅋ 잘샀어요,21.09.10.,5,0,0,선택1: 성인칫솔 / 선택2: 2-3줄모 / 선택3: 03-1)두줄모(단단한)
990,잘샀어요 ㅋㅋㅋ 잘샀어요,21.09.10.,5,0,0,선택1: 어린이칫솔 / 선택2: 기린칫솔 / 선택3: 08-2)기린이중(7세-11세)
991,잘샀어요 ㅋㅋㅋ 잘샀어요,21.09.10.,5,0,0,선택1: 교정및어금니 / 선택2: 교정칫솔 / 선택3: 05-1)일반형(단단한)
992,기본 스타일입니다.허리 라인이 살짝 들어가고 엉덩이 살짝 덮는 스탈인데 소재도 좋네요,21.08.27.,5,0,0,선택1: 어린이칫솔 / 선택2: 기린칫솔 / 선택3: 08-2)기린이중(7세-11세)
993,"교정칫솔 치과에서는 4000원인데
좋은 물건 저렴하게 잘 쓰고 있습니다",21.08.10.,5,0,0,선택1: 교정및어금니 / 선택2: 교정칫솔 / 선택3: 05-2)슬림형(부드러운)
994,내가 원하던 치솔입니다,21.09.05.,5,0,0,선택1: 성인칫솔 / 선택2: 고급형칫솔 / 선택3: 02-2)올슬림모(부드러운)
995,항상 쓰던거라 주문합니다 부드럽고 좋아요,21.08.11.,5,0,0,선택1: 성인칫솔 / 선택2: 고급형칫솔 / 선택3: 02-2)올슬림모(부드러운)
996,재구매좋아요^^  어금니 닦을때 세정력이 좋아요^^,21.08.11.,5,재구매,0,선택1: 교정및어금니 / 선택2: 어금니칫솔 / 선택3: 06-1)일반형(단단한)
997,재구매좋아요^^  어금니 닦을때 세정력이 좋아요^^,21.08.11.,5,재구매,0,선택1: 교정및어금니 / 선택2: 어금니칫솔 / 선택3: 06-2)돔형(단단한)
998,잘쓸께용 여러종류굿,21.09.04.,5,0,0,선택1: 교정및어금니 / 선택2: 어금니칫솔 / 선택3: 06-1)일반형(단단한)
999,두번째 구매예요~~  잘 닦이는거 같아요~~^^,21.08.13.,5,0,0,선택1: 어린이칫솔 / 선택2: 기린칫솔 / 선택3: 08-2)기린이중(7세-11세)
1000,한달사용기좋아요!! 교정중인데 하나도 불편함없이 잘 사용하고잇습니다,21.08.03.,4,0,한달사용기,선택1: 교정및어금니 / 선택2: 교정칫솔 / 선택3: 05-1)일반형(단단한)
1001,칫솔모가부드러워 잇몸에 자극이 덜한고같숩니다,21.08.29.,4,0,0,선택1: 어린이칫솔 / 선택2: 기린칫솔 / 선택3: 08-2)기린이중(7세-11세)
1002,재구매칫솔은 항상 여기서 사요~~~~~,21.08.15.,5,재구매,0,선택1: 교정및어금니 / 선택2: 어금니칫솔 / 선택3: 06-1)일반형(단단한)
1003,재구매늘 주문해서 사용합니다. 모가 부드럽고 좋아요,21.08.04.,5,재구매,0,선택1: 성인칫솔 / 선택2: 일반형칫솔 / 선택3: 01-2)이중모(탄력적인)
1004,성인칫솔도 시켜봣는데 신랑이 괜찮아하네요,21.08.29.,5,0,0,선택1: 성인칫솔 / 선택2: 고급형칫솔 / 선택3: 02-2)올슬림모(부드러운)
1005,재구매배송도  빠르고 좋아요,21.09.03.,5,재구매,0,0
1006,부드러운 치솔모가 기분좋게 양치하게 하네요~^^~ 더운날 빠르게 배송해주시니 감사합니다,21.07.29.,5,0,0,선택1: 성인칫솔 / 선택2: 일반형칫솔 / 선택3: 01-2)이중모(탄력적인)
1007,2년째 칫솔은 여기서만 구매합니다. 배송도 하루만에 엄청 빨리와요~,21.08.21.,5,0,0,선택1: 성인칫솔 / 선택2: 일반형칫솔 / 선택3: 01-2)이중모(탄력적인)
1008,재구매좋아요~~~~~~~,21.09.11.,5,재구매,0,선택1: 성인칫솔 / 선택2: 일반형칫솔 / 선택3: 01-2)이중모(탄력적인)
1009,배송 빠르고 저렴해요. 서비스로 받은 혀클리너도 좋네요,21.07.20.,5,0,0,선택1: 교정및어금니 / 선택2: 교정칫솔 / 선택3: 05-2)슬림형(부드러운)
1010,"늘 사용하는 제품 이라
언제나 좋아요 
 몇년째 사용하네요 
 온 식구가 다들 좋다고 해요",21.08.20.,5,0,0,선택1: 성인칫솔 / 선택2: 일반형칫솔 / 선택3: 01-2)이중모(탄력적인)
1011,"치과에서 준 칫솔보다 부드러워서 좋아요
편해요",21.08.09.,5,0,0,선택1: 교정및어금니 / 선택2: 교정칫솔 / 선택3: 05-2)슬림형(부드러운)
1012,"5번째 재구매, 교정기에 쓰기 편해요",21.08.10.,5,0,0,선택1: 교정및어금니 / 선택2: 교정칫솔 / 선택3: 05-2)슬림형(부드러운)
1013,고급형이 조금더 좋다헤서 시켰어요,21.08.29.,5,0,0,선택1: 성인칫솔 / 선택2: 고급형칫솔 / 선택3: 02-1)이중모(탄력적인)
1014,진짜유용하게잘쓸듯ㅇ,21.09.04.,5,0,0,선택1: 교정및어금니 / 선택2: 어금니칫솔 / 선택3: 06-3)슬림형(부드러운)
1015,너무좋아용 만족만족,21.09.04.,5,0,0,선택1: 성인칫솔 / 선택2: 2-3줄모 / 선택3: 03-1)두줄모(단단한)
1016,칫솔모가 부드럽고 작아 구석까지 잘되는듯해요ㅔ,21.08.29.,5,0,0,선택1: 어린이칫솔 / 선택2: 기린칫솔 / 선택3: 08-1)기린올(24개월-6세)
1017,재구매항상 여기서만 사요,21.09.01.,5,재구매,0,선택1: 교정및어금니 / 선택2: 교정칫솔 / 선택3: 05-1)일반형(단단한)
1018,재구매항상 여기서만 사요,21.09.01.,5,재구매,0,선택1: 교정및어금니 / 선택2: 어금니칫솔 / 선택3: 06-2)돔형(단단한)
1019,재구매고급형은 첨 써보는데 일반모보다 좀더 탄탄한 느낌이예요~,21.08.04.,4,재구매,0,선택1: 성인칫솔 / 선택2: 고급형칫솔 / 선택3: 02-2)올슬림모(부드러운)
1020,재구매하필 휴가때 주문을 해놔서 엄청 오래 기다리다 받았어요 너무 좋은걸 알기에 ~ 기다릴수 있었습니다 오늘 상쾌하게 양치하니 너무 시원해요 ! 번창하세요 !!,21.08.10.,5,재구매,0,선택1: 성인칫솔 / 선택2: 광폭칫솔 / 선택3: 04-2)올슬림모(부드러운)
1021,좋아요 항상 구매해서 씁이다,21.08.29.,5,0,0,선택1: 성인칫솔 / 선택2: 일반형칫솔 / 선택3: 01-2)이중모(탄력적인)
1022,매번 쓰고 있는 제품이라 재주문 했습니다,21.08.27.,5,0,0,선택1: 성인칫솔 / 선택2: 일반형칫솔 / 선택3: 01-2)이중모(탄력적인)
1023,재구매어금니 칫솔은 처음 써보는데 깨끗이 닦이면 좋겠어요,21.08.04.,4,재구매,0,선택1: 교정및어금니 / 선택2: 어금니칫솔 / 선택3: 06-1)일반형(단단한)
1024,엄마가 이 칫솔을 좋아하셔서 주문했어요.,21.08.27.,5,0,0,선택1: 성인칫솔 / 선택2: 초미세모 / 선택3: 0)초미세모(매우부드러운)
1025,한달사용기칫솔모가 구두솔 같아요. 저는 너무 칫솔모가 너무 쎄네요 ㅠㅠ,21.08.23.,5,0,한달사용기,선택1: 성인칫솔 / 선택2: 일반형칫솔 / 선택3: 01-1)일반모(단단모)
1026,항상 시켜요 좋아여 서비스도감사해여,21.08.02.,5,0,0,선택1: 성인칫솔 / 선택2: 고급형칫솔 / 선택3: 02-1)이중모(탄력적인)
1027,좋은상품 감사합니다 번창하세요,21.08.27.,5,0,0,선택1: 성인칫솔 / 선택2: 초미세모 / 선택3: 0)초미세모(매우부드러운)
1028,계속해서 재구매해서 사용하고 있어요,21.08.28.,5,0,0,선택1: 성인칫솔 / 선택2: 일반형칫솔 / 선택3: 01-2)이중모(탄력적인)
1029,재구매일반모보다 잘 닦인다고해서 구매해봅니다,21.08.04.,4,재구매,0,선택1: 성인칫솔 / 선택2: 고급형칫솔 / 선택3: 02-1)이중모(탄력적인)
1030,한달사용기재구매교정할 때 여기서만 칫솔 샀네요 가성비로 최고입니다 진짜,21.08.17.,5,재구매,한달사용기,선택1: 교정및어금니 / 선택2: 교정칫솔 / 선택3: 05-1)일반형(단단한)
1031,치과추천 상품이어서 주문해봐요~,21.08.26.,5,0,0,선택1: 성인칫솔 / 선택2: 일반형칫솔 / 선택3: 01-2)이중모(탄력적인)
1032,재구매이중슬림모보다 부드러워서 많이 써요,21.08.04.,5,재구매,0,선택1: 성인칫솔 / 선택2: 일반형칫솔 / 선택3: 01-3)올슬림모(부드러운)
1033,매번 쓰고 있는 제품입니다,21.08.27.,5,0,0,선택1: 성인칫솔 / 선택2: 일반형칫솔 / 선택3: 01-2)이중모(탄력적인)
1034,재구매잇몸이 약해서 가렵고 잘 부어요ㅜ 근데 이거쓰면서 치간칫솔 쓰니까 개운하고 잇몸도 안가려워요 일반이중슬림모랑 헤드가 같다고하셨는데 달라요 이중모 길이가 달라요 고급칫솔이 더잘닦여요,21.07.09.,5,재구매,0,선택1: 성인칫솔 / 선택2: 고급형칫솔 / 선택3: 02-1)이중모(탄력적인)
1035,다써서 재주문 했어요. 적당한것같아요. 비싸지도 않고..,21.07.29.,4,0,0,선택1: 성인칫솔 / 선택2: 일반형칫솔 / 선택3: 01-3)올슬림모(부드러운)
1036,만족합니다. 만족합니다.,21.08.30.,5,0,0,선택1: 성인칫솔 / 선택2: 고급형칫솔 / 선택3: 02-1)이중모(탄력적인)
1037,"칫솔은 여기에서 항상 주문해서 씁니다
아주 좋아요 감사합니다 :)",21.08.21.,5,0,0,선택1: 성인칫솔 / 선택2: 2-3줄모 / 선택3: 03-2)비타민올(세줄모)
1038,아이들꺼 사면서 평이 좋아서 같이 주문했는데 받아보니 엄청 부드러워요,21.07.29.,4,0,0,선택1: 성인칫솔 / 선택2: 고급형칫솔 / 선택3: 02-1)이중모(탄력적인)
1039,항사사용해요~벌써2년넘게 사용하고있어요~,21.08.19.,5,0,0,선택1: 성인칫솔 / 선택2: 고급형칫솔 / 선택3: 02-1)이중모(탄력적인)
1040,초등학생 고학년이 쓰기 딱이에요ㅎ,21.08.24.,5,0,0,선택1: 성인칫솔 / 선택2: 일반형칫솔 / 선택3: 01-3)올슬림모(부드러운)
1041,한달사용기저렴하고 배송 빠르도 좋아요. 칫솔도 잘 닦여요.,21.07.29.,5,0,한달사용기,선택1: 성인칫솔 / 선택2: 고급형칫솔 / 선택3: 02-1)이중모(탄력적인)
1042,한달사용기언제나 여기서만 시켜요.잘 닦입니다.,21.07.29.,5,0,한달사용기,선택1: 성인칫솔 / 선택2: 고급형칫솔 / 선택3: 02-4)미소숯올(부드러운)
1043,한달사용기항상 칫솔 떨어지면 구매 하게 되네요  아이와  어른 모두  좋은 칫솔을 사용할수 있어 아주 좋습니다~~^^,21.07.21.,5,0,한달사용기,선택1: 성인칫솔 / 선택2: 일반형칫솔 / 선택3: 01-2)이중모(탄력적인)
1044,재구매교정중이라 잘 사용하고 있엉ㆍ0,21.08.26.,5,재구매,0,선택1: 교정및어금니 / 선택2: 어금니칫솔 / 선택3: 06-1)일반형(단단한)
1045,한달사용기칫솔 완전 만족합니다.잘 닦여요.,21.07.29.,5,0,한달사용기,선택1: 교정및어금니 / 선택2: 어금니칫솔 / 선택3: 06-2)돔형(단단한)
1046,매번 사용하고 있습니다 만족합니다.,21.08.22.,5,0,0,선택1: 교정및어금니 / 선택2: 어금니칫솔 / 선택3: 06-2)돔형(단단한)
1047,빠른 배송 감사합니다~! 이 칫솔만 사용해서 또 구매했습니다~,21.07.24.,5,0,0,선택1: 성인칫솔 / 선택2: 고급형칫솔 / 선택3: 02-1)이중모(탄력적인)
1048,"한달사용기미세모좋아요 아주
일반모도 좋지만
미세모가 아주 자극없이 좋아요
적극추천",21.08.19.,5,0,한달사용기,선택1: 성인칫솔 / 선택2: 일반형칫솔 / 선택3: 01-2)이중모(탄력적인)
1049,재구매고급만 쓰다가 사봤는데 일반은 별로네요 고급이중슬림모랑 일반이중슬림모랑 헤드가 같다고하셨는데 달라요 이중모 길이가 달라요 고급칫솔이 더잘닦여요,21.07.09.,5,재구매,0,선택1: 성인칫솔 / 선택2: 일반형칫솔 / 선택3: 01-2)이중모(탄력적인)
1050,"마트에 어금니 칫솔이 없어져서 인터넷으로 구매합니다.
앞으로 계속 구매하겠습니다",21.08.11.,5,0,0,선택1: 성인칫솔 / 선택2: 초미세모 / 선택3: 0)초미세모(매우부드러운)
1051,재구매아주  부드럽고 가격대비  좋습니다,21.08.21.,4,재구매,0,선택1: 성인칫솔 / 선택2: 초미세모 / 선택3: 0)초미세모(매우부드러운)
1052,재구매빠른 박송 감사합ㄴ댄,21.08.26.,5,재구매,0,선택1: 교정및어금니 / 선택2: 어금니칫솔 / 선택3: 06-3)슬림형(부드러운)
1053,기본형쓰다가 고급형으로 구매했는데 배송도 빠르고 저렴한가격에 쟁여놓고 사용하고있어요,21.07.22.,5,0,0,선택1: 교정및어금니 / 선택2: 교정칫솔 / 선택3: 05-3)고급슬림형(부드러운)
1054,재구매항상 쓰는데 만족합니다,21.08.22.,5,재구매,0,선택1: 성인칫솔 / 선택2: 일반형칫솔 / 선택3: 01-1)일반모(단단모)
1055,모도얇고좋아요~~~,21.08.05.,5,0,0,선택1: 어린이칫솔 / 선택2: 기린칫솔 / 선택3: 08-2)기린이중(7세-11세)
1056,재구매좋아요~ 저렴해서 부담없이 바꾸고 이도 잘 닦이는 편이에요~^^,21.07.22.,5,재구매,0,선택1: 성인칫솔 / 선택2: 일반형칫솔 / 선택3: 01-3)올슬림모(부드러운)
1057,한달사용기재구매가성비 칫솔로 최고입니다 진짜 또 이용할게요,21.08.17.,5,재구매,한달사용기,선택1: 교정및어금니 / 선택2: 교정칫솔 / 선택3: 05-3)고급슬림형(부드러운)
1058,미세모라 아이들 치아사이 잘 닦아주려고구매했어요  잘사용하고있어요 개수도대박 일년넘게사용할거같아요,21.08.04.,4,0,0,선택1: 어린이칫솔 / 선택2: 기린칫솔 / 선택3: 08-2)기린이중(7세-11세)
1059,예전부터 구매해서 쓰다가 너무 좋아서 다른건 못쓰겠더라구요 그래서 또 여러개 쟁여놨어요 앞으로 이것만 쭉 쓸거예요 부드럽고 너무 좋아요,21.07.11.,5,0,0,선택1: 성인칫솔 / 선택2: 고급형칫솔 / 선택3: 02-2)올슬림모(부드러운)
1060,한달사용기자주 하지는못했지만 안할때보다 훨씬 개운하긴해요 교정중이라서  살살닦고있어요,21.07.17.,4,0,한달사용기,선택1: 교정및어금니 / 선택2: 어금니칫솔 / 선택3: 06-1)일반형(단단한)
1061,"완죤 부드러워요
국산꺼라 믿고샀어요",21.07.30.,5,0,0,선택1: 성인칫솔 / 선택2: 광폭칫솔 / 선택3: 04-2)올슬림모(부드러운)
1062,"완죤 부드럽고 좋아요
별 5개
적극 추천요",21.07.30.,5,0,0,선택1: 성인칫솔 / 선택2: 광폭칫솔 / 선택3: 04-1)이중(탄력적인)
1063,아직 안써봐서 모르겠어요,21.08.19.,4,0,0,선택1: 성인칫솔 / 선택2: 고급형칫솔 / 선택3: 02-3)미소금올(부드러운)
1064,짱짱하고 좋아요~ 국산이라 믿음갑니다!,21.08.12.,5,0,0,선택1: 어린이칫솔 / 선택2: 기린칫솔 / 선택3: 08-2)기린이중(7세-11세)
1065,"별 5
꼭 사셔요
후회없습니자",21.07.30.,5,0,0,선택1: 어린이칫솔 / 선택2: 기린칫솔 / 선택3: 08-2)기린이중(7세-11세)
1066,치아관리 열심히 할게요,21.08.18.,5,0,0,선택1: 교정및어금니 / 선택2: 어금니칫솔 / 선택3: 06-2)돔형(단단한)
1067,원래 쓰던 칫솔이 가격이 많이 올라서 새로운 칫솔 찾다가 주문했는데 별로네요,21.08.11.,3,0,0,선택1: 성인칫솔 / 선택2: 고급형칫솔 / 선택3: 02-2)올슬림모(부드러운)
1068,"한달사용기치과에서만 사서 사용하다가 저렴해서 몇개더 추가로 주문했어요
일반형이라 좀 단단하지만 너무 슬림형만 사용하늠것보단 번갈아가며 사용하혀고 주문했는데 잘닦이는편이네요",21.07.06.,4,0,한달사용기,선택1: 교정및어금니 / 선택2: 교정칫솔 / 선택3: 05-1)일반형(단단한)
1069,한달사용기너무 잘 닦이고 좋아요,21.07.29.,5,0,한달사용기,선택1: 어린이칫솔 / 선택2: 기린칫솔 / 선택3: 08-2)기린이중(7세-11세)
1070,재구매아주 잘 사용하고 있어요 좋아요,21.07.28.,5,재구매,0,선택1: 성인칫솔 / 선택2: 고급형칫솔 / 선택3: 02-1)이중모(탄력적인)
1071,"한달사용기아이꺼만 사다 어른칫솔도 사봤는데 괜찮네요 
미세모고 잘닦여요",21.07.21.,4,0,한달사용기,선택1: 성인칫솔 / 선택2: 고급형칫솔 / 선택3: 02-1)이중모(탄력적인)
1072,"재구매너무 딱딱한걸 구입했나봐요
미세모는 너무힘이없어서 이걸로 구입했는데
잇몸다나가겠어요
너무딱딱해요ㅜㅜ",21.07.13.,3,재구매,0,선택1: 성인칫솔 / 선택2: 일반형칫솔 / 선택3: 01-1)일반모(단단모)
1073,재구매쓰던거라 새거처럼 확실하지 않지만 V자 굴곡이 체감 되네요,21.07.21.,5,재구매,0,선택1: 교정및어금니 / 선택2: 교정칫솔 / 선택3: 05-3)고급슬림형(부드러운)
1074,좋아요~~~~~~~~,21.08.05.,5,0,0,선택1: 성인칫솔 / 선택2: 초미세모 / 선택3: 0)초미세모(매우부드러운)
1075,좋아요~~~~~~~~,21.08.05.,5,0,0,선택1: 성인칫솔 / 선택2: 고급형칫솔 / 선택3: 02-2)올슬림모(부드러운)
1076,항상 구매해서 사용하는 칫솔 필수템,21.07.24.,5,0,0,선택1: 성인칫솔 / 선택2: 고급형칫솔 / 선택3: 02-2)올슬림모(부드러운)
1077,한달사용기잘사용하고있어요~좋아요,21.07.23.,5,0,한달사용기,선택1: 성인칫솔 / 선택2: 고급형칫솔 / 선택3: 02-1)이중모(탄력적인)
1078,"한달사용기부담없이 사용하기 딱입니다.
재구매 생각있습니다.",21.08.12.,5,0,한달사용기,선택1: 어린이칫솔 / 선택2: 유아칫솔 / 선택3: 07-1)유아(15개월-36개월)
1079,"배송 빠르고 좋아요
기존에 쓰던게 품절이라 첨 시켜봤는데
좋아요",21.07.21.,5,0,0,선택1: 성인칫솔 / 선택2: 광폭칫솔 / 선택3: 04-2)올슬림모(부드러운)
1080,"별 5개
적극 추천",21.07.30.,5,0,0,선택1: 성인칫솔 / 선택2: 고급형칫솔 / 선택3: 02-2)올슬림모(부드러운)
1081,아이들이 쓰기 적당한 사이즈에요.,21.08.14.,5,0,0,선택1: 성인칫솔 / 선택2: 일반형칫솔 / 선택3: 01-2)이중모(탄력적인)
1082,배송진짜빠르고서비스도조아요,21.08.13.,5,0,0,선택1: 성인칫솔 / 선택2: 고급형칫솔 / 선택3: 02-1)이중모(탄력적인)
1083,"한달사용기일반용보다는 부드러워서 잘 닦고있어요
애둘이 교정을 하다보니 칫솔값도 만만치않게 들가네요 여기서 저렴히사서 사용합니다",21.07.06.,4,0,한달사용기,선택1: 교정및어금니 / 선택2: 어금니칫솔 / 선택3: 06-3)슬림형(부드러운)
1084,재구매1년넘게 사용하고 있어요  구석구석 신경써서 양치 할수 있어서 좋아요,21.07.13.,5,재구매,0,선택1: 교정및어금니 / 선택2: 어금니칫솔 / 선택3: 06-3)슬림형(부드러운)
1085,"항상 쓰는 제품입니다.
자주 교체해야 하는 품목인 칫솔은 가성비 좋은게 최고입니다.",21.07.12.,5,0,0,선택1: 성인칫솔 / 선택2: 광폭칫솔 / 선택3: 04-1)이중(탄력적인)
1086,한달사용기늘 사용하던 칫솔이에요~~ 잘사용하고있어요,21.07.23.,5,0,한달사용기,선택1: 성인칫솔 / 선택2: 일반형칫솔 / 선택3: 01-2)이중모(탄력적인)
1087,재구매좋아요 감사합니다 굿굿굿,21.08.14.,5,재구매,0,선택1: 성인칫솔 / 선택2: 고급형칫솔 / 선택3: 02-2)올슬림모(부드러운)
1088,배송빠르고 부드럽고 좋아요,21.07.17.,5,0,0,선택1: 성인칫솔 / 선택2: 고급형칫솔 / 선택3: 02-1)이중모(탄력적인)
1089,양질의 칫솔을 저렴하게 사용하고 있습니다,21.08.10.,5,0,0,선택1: 교정및어금니 / 선택2: 교정칫솔 / 선택3: 05-3)고급슬림형(부드러운)
1090,"재구매앞으로 고급형만 구입할꺼예요
일반형하고 차원이틀리게 힘도적당히 있고 구석구석잘돼요",21.07.13.,5,재구매,0,선택1: 성인칫솔 / 선택2: 고급형칫솔 / 선택3: 02-1)이중모(탄력적인)
1091,"털빠짐없고
기존 쓰던거라 좋아요
마니파세요~~~",21.08.04.,4,0,0,선택1: 성인칫솔 / 선택2: 광폭칫솔 / 선택3: 04-1)이중(탄력적인)
1092,늘 사용하는 칫솔입니다. 잇몸이 약해 부드러운 칫솔모를 찾다가 합리적 가격에 만족한 상품입니다.,21.07.28.,5,0,0,선택1: 성인칫솔 / 선택2: 광폭칫솔 / 선택3: 04-2)올슬림모(부드러운)
1093,"재구매아이들은 몇년째 기린칫솔만사용해요
최고예요",21.07.13.,5,재구매,0,선택1: 어린이칫솔 / 선택2: 기린칫솔 / 선택3: 08-2)기린이중(7세-11세)
1094,"한달사용기슬림형이라 좀더 부드럽네요
처음에는 사용하줄 몰라서 좀 어색했는데 이젠 잘 닦어요 3일에 한번정도 닦고있어요",21.07.06.,4,0,한달사용기,선택1: 교정및어금니 / 선택2: 교정칫솔 / 선택3: 05-2)슬림형(부드러운)
1095,형태와 기능 만족합니다.,21.07.23.,5,0,0,선택1: 성인칫솔 / 선택2: 고급형칫솔 / 선택3: 02-2)올슬림모(부드러운)
1096,국산이라 믿음갑니다,21.08.12.,5,0,0,선택1: 어린이칫솔 / 선택2: 유아칫솔 / 선택3: 07-1)유아(15개월-36개월)
1097,배송도 빨랐고 제품도 좋아요,21.08.12.,5,0,0,선택1: 어린이칫솔 / 선택2: 기린칫솔 / 선택3: 08-1)기린올(24개월-6세)
1098,배송도 빠르고 선물도 주시고 감사합니다.,21.07.20.,5,0,0,선택1: 성인칫솔 / 선택2: 광폭칫솔 / 선택3: 04-2)올슬림모(부드러운)
1099,재구매좋아서 계속 재구매하고 있어요^^,21.08.10.,5,재구매,0,선택1: 성인칫솔 / 선택2: 고급형칫솔 / 선택3: 02-3)미소금올(부드러운)
1100,포장이 깔끔하고 배송도 빨라요!,21.07.20.,5,0,0,선택1: 교정및어금니 / 선택2: 어금니칫솔 / 선택3: 06-1)일반형(단단한)
1101,포장이 깔끔하고 배송도 빨라요!,21.07.20.,5,0,0,선택1: 교정및어금니 / 선택2: 어금니칫솔 / 선택3: 06-2)돔형(단단한)
1102,"아이들꺼랑 같이 샀어요
마니파세요~~~",21.08.04.,4,0,0,선택1: 성인칫솔 / 선택2: 고급형칫솔 / 선택3: 02-1)이중모(탄력적인)
1103,재구매항상쓰는거 좋아요 좋아요~^^,21.09.02.,4,재구매,0,선택1: 어린이칫솔 / 선택2: 유아칫솔 / 선택3: 07-1)유아(15개월-36개월)
1104,재구매항상쓰는거 좋아요 좋아요~^^,21.09.02.,4,재구매,0,선택1: 성인칫솔 / 선택2: 일반형칫솔 / 선택3: 01-2)이중모(탄력적인)
1105,"어금니 칫솔은 좀 연한모로  살걸 그랬나봐요
제품은 만족합니다",21.08.04.,5,0,0,선택1: 성인칫솔 / 선택2: 일반형칫솔 / 선택3: 01-1)일반모(단단모)
1106,배송도 빠르고 선물도 감사합니다,21.07.20.,5,0,0,선택1: 성인칫솔 / 선택2: 고급형칫솔 / 선택3: 02-1)이중모(탄력적인)
1107,배송도 빠르고 선물도 감사합니다,21.07.20.,5,0,0,선택1: 성인칫솔 / 선택2: 일반형칫솔 / 선택3: 01-2)이중모(탄력적인)
1108,배송도 빠르고 선물도 감사합니다,21.07.20.,5,0,0,선택1: 성인칫솔 / 선택2: 일반형칫솔 / 선택3: 01-1)일반모(단단모)
1109,한달사용기좋아요 잘닦이고 담에 또 구매할께요,21.07.19.,5,0,한달사용기,선택1: 어린이칫솔 / 선택2: 유아칫솔 / 선택3: 07-1)유아(15개월-36개월)
1110,가격도 좋고 솔의 탄력도 좋아요,21.07.20.,5,0,0,선택1: 성인칫솔 / 선택2: 고급형칫솔 / 선택3: 02-1)이중모(탄력적인)
1111,재구매항상 구매하는 상품이에요 ㅎ 지인들  선물도 주고  추천 해주고 있어요,21.07.09.,5,재구매,0,선택1: 교정및어금니 / 선택2: 어금니칫솔 / 선택3: 06-2)돔형(단단한)
1112,"개별 커버가 있어서 좋고 모가 부드럽네요. 저렴하게 교정용, 성인칫솔 구매해서 만족합니다. 혀클리너랑 치실 일회용 서비스도 주셨어요. 감사합니다. 잘 쓸게요~^^",21.06.29.,4,0,0,선택1: 성인칫솔 / 선택2: 초미세모 / 선택3: 0)초미세모(매우부드러운)
1113,재구매배송도 빠르고 좋아요,21.07.20.,5,재구매,0,선택1: 성인칫솔 / 선택2: 고급형칫솔 / 선택3: 02-2)올슬림모(부드러운)
1114,미세모라서 세밀하게잘닦여요 개수대비긍액도좋아요,21.08.04.,4,0,0,선택1: 성인칫솔 / 선택2: 광폭칫솔 / 선택3: 04-2)올슬림모(부드러운)
1115,재구매좋아요 좋아요 좋아요,21.09.02.,5,재구매,0,선택1: 성인칫솔 / 선택2: 고급형칫솔 / 선택3: 02-2)올슬림모(부드러운)
1116,"시간을 오래투자해서 구석구석 잘 닦으려고 종류대로 주문했어요
식구들이 전부 교정에 임플란트에 치과다니느라 정신이없네요
생각보다 단단하고 익숙하지않아서 아주 천천히 맛사지한다면서 사용중입니다",21.06.25.,4,0,0,선택1: 교정및어금니 / 선택2: 어금니칫솔 / 선택3: 06-1)일반형(단단한)
1117,항상 잘 사용하고있습니다~,21.07.19.,5,0,0,선택1: 성인칫솔 / 선택2: 일반형칫솔 / 선택3: 01-2)이중모(탄력적인)
1118,저번에 한번 구매했었는데 시중에 파는것보다 이 제품이 어금니가 더 잘 닦이고 좋아서 다시 구매합니다.,21.07.30.,4,0,0,선택1: 성인칫솔 / 선택2: 고급형칫솔 / 선택3: 02-2)올슬림모(부드러운)
1119,한달사용기재구매좋아요 좋아요~^^,21.09.02.,4,재구매,한달사용기,선택1: 교정및어금니 / 선택2: 어금니칫솔 / 선택3: 06-1)일반형(단단한)
1120,한달사용기재구매좋아요 좋아요~^^,21.09.02.,4,재구매,한달사용기,선택1: 교정및어금니 / 선택2: 어금니칫솔 / 선택3: 06-2)돔형(단단한)
1121,아이꺼까지 넉넉하게 주문했어요,21.07.16.,5,0,0,선택1: 어린이칫솔 / 선택2: 너구리칫솔 / 선택3: 09-1)너구리올(24개월-6세)
1122,늘사용하는거라서 너무 좋아요,21.07.16.,5,0,0,선택1: 성인칫솔 / 선택2: 고급형칫솔 / 선택3: 02-2)올슬림모(부드러운)
1123,"재구매올슬림모 고급형5개 일반형5개를 
주문했는데 고급형4개 일반형6개를 보내주셨어요
확인 잘하고 보내주세요",21.07.28.,2,재구매,0,선택1: 성인칫솔 / 선택2: 고급형칫솔 / 선택3: 02-2)올슬림모(부드러운)
1124,항상 주문해서 잘 쓰고 있어요,21.07.16.,5,0,0,선택1: 어린이칫솔 / 선택2: 기린칫솔 / 선택3: 08-1)기린올(24개월-6세)
1125,"한달사용기손잡이가 맘에 듭니다
일반형보다 길고 도톰해서 손가락이 덜 아프네요
천천히 오래 닦아야해서~",21.07.06.,5,0,한달사용기,선택1: 교정및어금니 / 선택2: 교정칫솔 / 선택3: 05-3)고급슬림형(부드러운)
1126,재구매친구 추천으로 썼는데 너무 좋아요 전  단골 됐어요 ~~,21.07.09.,5,재구매,0,선택1: 성인칫솔 / 선택2: 일반형칫솔 / 선택3: 01-1)일반모(단단모)
1127,"여기것만 써요.
가격도 만족",21.07.12.,5,0,0,선택1: 성인칫솔 / 선택2: 고급형칫솔 / 선택3: 02-1)이중모(탄력적인)
1128,개충격이네요 ㅇㅇ; 사랑니 닦고 냄새맡았다가 기절할뻔 했습니다 당장 어금니칫솔 쓰세요 ㅇㅕ러분 쾌감 오집니다 새로태어난기분,21.07.06.,5,0,0,선택1: 교정및어금니 / 선택2: 어금니칫솔 / 선택3: 06-3)슬림형(부드러운)
1129,한달사용기좋아요 또 구매할께요,21.07.19.,5,0,한달사용기,선택1: 성인칫솔 / 선택2: 고급형칫솔 / 선택3: 02-1)이중모(탄력적인)
1130,극세모고 좋네요 10개 주문해야하는데 잘못해서1갸주문했네요,21.07.12.,5,0,0,선택1: 어린이칫솔 / 선택2: 너구리칫솔 / 선택3: 09-1)너구리올(24개월-6세)
1131,재구매부들부들 해서 사용해도 무리 없어요,21.07.13.,5,재구매,0,선택1: 성인칫솔 / 선택2: 일반형칫솔 / 선택3: 01-3)올슬림모(부드러운)
1132,"매번주문해서 사용하고 있어요
좋아요",21.08.04.,5,0,0,선택1: 어린이칫솔 / 선택2: 기린칫솔 / 선택3: 08-1)기린올(24개월-6세)
1133,이거 괜찮아요. 다같이 써요,21.07.12.,5,0,0,선택1: 교정및어금니 / 선택2: 어금니칫솔 / 선택3: 06-2)돔형(단단한)
1134,기능성 칫솔로서 만족해요,21.07.14.,4,0,0,선택1: 교정및어금니 / 선택2: 교정칫솔 / 선택3: 05-1)일반형(단단한)
1135,배송 빠르고 좋아요,21.07.16.,5,0,0,선택1: 성인칫솔 / 선택2: 고급형칫솔 / 선택3: 02-3)미소금올(부드러운)
1136,배송 빠르고 좋아요,21.07.16.,5,0,0,선택1: 성인칫솔 / 선택2: 고급형칫솔 / 선택3: 02-4)미소숯올(부드러운)
1137,배송 빠르고 좋아요,21.07.16.,5,0,0,선택1: 성인칫솔 / 선택2: 고급형칫솔 / 선택3: 02-2)올슬림모(부드러운)
1138,부드럽고좋아요잘닦여요,21.08.06.,5,0,0,선택1: 성인칫솔 / 선택2: 일반형칫솔 / 선택3: 01-2)이중모(탄력적인)
1139,부드럽고좋아요잘닦여요,21.08.06.,5,0,0,선택1: 어린이칫솔 / 선택2: 기린칫솔 / 선택3: 08-2)기린이중(7세-11세)
1140,싸게 잘 샀어요 마트에서 사는곳 보다 나은거 같아요,21.07.05.,5,0,0,선택1: 성인칫솔 / 선택2: 일반형칫솔 / 선택3: 01-2)이중모(탄력적인)
1141,사용해보니 부드럽고 잘닦여요. 굿입니다.,21.06.22.,5,0,0,선택1: 성인칫솔 / 선택2: 고급형칫솔 / 선택3: 02-2)올슬림모(부드러운)
1142,칫솔모 크기가 적당해서 좋아요,21.07.12.,5,0,0,선택1: 어린이칫솔 / 선택2: 기린칫솔 / 선택3: 08-2)기린이중(7세-11세)
1143,재구매1년넘게 사용하고 있어요,21.07.13.,5,재구매,0,선택1: 교정및어금니 / 선택2: 교정칫솔 / 선택3: 05-2)슬림형(부드러운)
1144,너무 좋아요..잘 사용할게요,21.07.10.,5,0,0,선택1: 교정및어금니 / 선택2: 어금니칫솔 / 선택3: 06-1)일반형(단단한)
1145,빠른 배송 너무 감사해요,21.07.12.,5,0,0,선택1: 성인칫솔 / 선택2: 일반형칫솔 / 선택3: 01-3)올슬림모(부드러운)
1146,"전에도 쓰고있던 제품이에요.
치과추천이라 잘 쓰고있어요.",21.07.07.,5,0,0,선택1: 성인칫솔 / 선택2: 일반형칫솔 / 선택3: 01-2)이중모(탄력적인)
1147,"재구매잘쓰고있어여..
배송도 빨라요~
자주  이용할께요.많이 파세요^^",21.07.23.,5,재구매,0,선택1: 교정및어금니 / 선택2: 어금니칫솔 / 선택3: 06-3)슬림형(부드러운)
1148,한달사용기만족합니다 만족합니다 만족합니다,21.08.24.,5,0,한달사용기,선택1: 교정및어금니 / 선택2: 교정칫솔 / 선택3: 05-3)고급슬림형(부드러운)
1149,재구매여러번 구매해서 쓰는데 좋습니다 많이 파세요,21.07.07.,5,재구매,0,선택1: 성인칫솔 / 선택2: 고급형칫솔 / 선택3: 02-1)이중모(탄력적인)
1150,"재구매배송빠름 , 상품 괜찮음",21.08.02.,3,재구매,0,0
1151,"재구매늘 이중슬림모 구매했는데요~적당하게 제거도 되고 아프지도 않아 저렴한 가격에 온가족이 쓰네요
이중슬림모 가까이 찍어봤네요",21.06.24.,5,재구매,0,선택1: 성인칫솔 / 선택2: 일반형칫솔 / 선택3: 01-2)이중모(탄력적인)
1152,광폭의 느낌이 궁금해서 구매해봤는데 만족합니다,21.07.06.,5,0,0,선택1: 성인칫솔 / 선택2: 광폭칫솔 / 선택3: 04-1)이중(탄력적인)
1153,중학생 아이도 만족하며 사용중입ㄴㅣ다,21.08.03.,5,0,0,선택1: 성인칫솔 / 선택2: 고급형칫솔 / 선택3: 02-1)이중모(탄력적인)
1154,"늘사용하던 칫솔입니다
아이가 커서 이번엔 너구리칫솔로 바꿔 주었더니 
양치질 할때 신나게 합니다",21.06.30.,5,0,0,선택1: 어린이칫솔 / 선택2: 너구리칫솔 / 선택3: 09-2)너구리이중(7세-11세)
1155,"조금 더  비싸게  가격을 받으시더라도...
쓸수있는 제품을 판매하셨음 합니다 ㅜㅜ
쓸때마다 칫솔모가 서너개씻 빠지면 ㅜㅜ
.......도저히....답이안나와서....:;;;;;",21.06.30.,3,0,0,선택1: 교정및어금니 / 선택2: 교정칫솔 / 선택3: 05-1)일반형(단단한)
1156,늘 요것만 써요. 추천,21.07.12.,5,0,0,선택1: 성인칫솔 / 선택2: 광폭칫솔 / 선택3: 04-1)이중(탄력적인)
1157,"재구매늘 만족하며  사용하고 있어요~~
아이들도  사용후  젤 개운하다고 얘기하네요~~",21.07.20.,5,재구매,0,선택1: 성인칫솔 / 선택2: 고급형칫솔 / 선택3: 02-3)미소금올(부드러운)
1158,한달사용기조아요조아요조아요조아요,21.08.23.,5,0,한달사용기,선택1: 교정및어금니 / 선택2: 교정칫솔 / 선택3: 05-2)슬림형(부드러운)
1159,재구매칫솔은 항상 여기서 구매합니다 ~~,21.07.09.,5,재구매,0,선택1: 성인칫솔 / 선택2: 광폭칫솔 / 선택3: 04-1)이중(탄력적인)
1160,재구매너무 너무 잘 사용하고 있어요   또 주문 할게요 ~~,21.07.09.,5,재구매,0,선택1: 성인칫솔 / 선택2: 일반형칫솔 / 선택3: 01-2)이중모(탄력적인)
1161,재구매항상 사용하는 제품입니다,21.07.09.,5,재구매,0,선택1: 교정및어금니 / 선택2: 어금니칫솔 / 선택3: 06-1)일반형(단단한)
1162,칫솔이 적당히 부드러워서 좋아용 잘쓸게욥,21.07.05.,5,0,0,선택1: 성인칫솔 / 선택2: 2-3줄모 / 선택3: 03-2)비타민올(세줄모)
1163,"한달사용기아주좋아요
부드럽고 아주좋습니다
탄성이 좋아요
적극추천",21.08.19.,5,0,한달사용기,선택1: 성인칫솔 / 선택2: 일반형칫솔 / 선택3: 01-1)일반모(단단모)
1164,"애들 쓰려고 주문했어요.
만족하고 잘 쓰고 있어요",21.07.01.,5,0,0,선택1: 성인칫솔 / 선택2: 고급형칫솔 / 선택3: 02-2)올슬림모(부드러운)
1165,여러번 구매했습니다,21.07.09.,5,0,0,선택1: 성인칫솔 / 선택2: 일반형칫솔 / 선택3: 01-2)이중모(탄력적인)
1166,"매번구매합니다!  부드럽고 좋아요
배송빠릅니다.",21.06.30.,5,0,0,선택1: 어린이칫솔 / 선택2: 기린칫솔 / 선택3: 08-1)기린올(24개월-6세)
1167,칫솔머리가 커서  구석구석 쉽게  칫솔질이 되네요 끝어금니뒷쪽과 아랫니 안쪽을 수월하게  할 수 있어서  좋아요  색깔도 이뻐요 다음에도  재구매예정,21.06.17.,5,0,0,선택1: 성인칫솔 / 선택2: 광폭칫솔 / 선택3: 04-1)이중(탄력적인)
1168,재구매칫솔이 부드럽고 좋아요,21.07.08.,5,재구매,0,선택1: 성인칫솔 / 선택2: 고급형칫솔 / 선택3: 02-2)올슬림모(부드러운)
1169,"쓰고있던 제품이에요~
만족해요~",21.07.07.,5,0,0,선택1: 어린이칫솔 / 선택2: 기린칫솔 / 선택3: 08-2)기린이중(7세-11세)
1170,"재구매했어요 
가성비 좋은 제품 입니다 
사은품으로 혀클리너도주셨네요
감사합니다",21.06.23.,5,0,0,선택1: 성인칫솔 / 선택2: 일반형칫솔 / 선택3: 01-1)일반모(단단모)
1171,배송도빠르고 치솔 아주 좋아요.,21.06.22.,5,0,0,선택1: 성인칫솔 / 선택2: 고급형칫솔 / 선택3: 02-1)이중모(탄력적인)
1172,"잘 쓰고있어요.
칫솔이 부드럽고 좋아요",21.07.01.,5,0,0,선택1: 어린이칫솔 / 선택2: 기린칫솔 / 선택3: 08-2)기린이중(7세-11세)
1173,배송도 빠르고 잘 닦여서 좋아요,21.07.25.,5,0,0,선택1: 성인칫솔 / 선택2: 일반형칫솔 / 선택3: 01-2)이중모(탄력적인)
1174,매번구매합니다!  부드럽고 좋아요,21.06.30.,5,0,0,선택1: 어린이칫솔 / 선택2: 기린칫솔 / 선택3: 08-2)기린이중(7세-11세)
1175,"아이가 좋아해요
아직 닦기 전이지만요",21.06.30.,5,0,0,선택1: 어린이칫솔 / 선택2: 기린칫솔 / 선택3: 08-2)기린이중(7세-11세)
1176,"항상 쓰는 아이들 칫솔
좋아요",21.07.25.,5,0,0,선택1: 어린이칫솔 / 선택2: 기린칫솔 / 선택3: 08-2)기린이중(7세-11세)
1177,와이드 칫솔 좋은거 같아요,21.07.25.,5,0,0,선택1: 성인칫솔 / 선택2: 광폭칫솔 / 선택3: 04-1)이중(탄력적인)
1178,"한달사용기잇몸이 약해서 부드러운칫솔을 원햇는데.
생각보다 안부드럽네요
조금더 부드러웠으면좋겟어요
잇몸 잘못 닦아서 아프더라고요",21.06.23.,4,0,한달사용기,선택1: 성인칫솔 / 선택2: 광폭칫솔 / 선택3: 04-2)올슬림모(부드러운)
1179,재구매애들 양치해줄때 꼭필요해요. 진작알았어야하는데ㅜㅜ,21.07.16.,5,재구매,0,선택1: 교정및어금니 / 선택2: 어금니칫솔 / 선택3: 06-1)일반형(단단한)
1180,배송받자마자 후기남겨요 각각 포장되어 덮개까지 있어 휴대하기도 편할듯하고 가격도 좋고 사은품으로 혀클리너까지 보내줘서 넘 좋아요,21.06.15.,4,0,0,선택1: 성인칫솔 / 선택2: 일반형칫솔 / 선택3: 01-2)이중모(탄력적인)
1181,일본 에비스 칫솔을 사용중인데 비슷합니다,21.06.30.,5,0,0,선택1: 성인칫솔 / 선택2: 광폭칫솔 / 선택3: 04-1)이중(탄력적인)
1182,초등고학년 아이가 사용하기에 적당합니다,21.06.30.,5,0,0,선택1: 성인칫솔 / 선택2: 일반형칫솔 / 선택3: 01-3)올슬림모(부드러운)
1183,잘받았습니다 추천합니다 👍,21.07.24.,5,0,0,선택1: 성인칫솔 / 선택2: 초미세모 / 선택3: 0)초미세모(매우부드러운)
1184,잘받았습니다 추천합니다 👍,21.07.24.,5,0,0,선택1: 성인칫솔 / 선택2: 일반형칫솔 / 선택3: 01-2)이중모(탄력적인)
1185,교정중인데 칫솔 너무 편하게 잘 쓰고 있어용!,21.06.30.,5,0,0,선택1: 교정및어금니 / 선택2: 어금니칫솔 / 선택3: 06-2)돔형(단단한)
1186,교정중인데 칫솔 너무 편하게 잘 쓰고 있어용!,21.06.30.,5,0,0,선택1: 교정및어금니 / 선택2: 교정칫솔 / 선택3: 05-3)고급슬림형(부드러운)
1187,교정중인데 칫솔 너무 편하게 잘 쓰고 있어용!,21.06.30.,5,0,0,선택1: 교정및어금니 / 선택2: 교정칫솔 / 선택3: 05-2)슬림형(부드러운)
1188,교정중인데 칫솔 너무 편하게 잘 쓰고 있어용!,21.06.30.,5,0,0,선택1: 교정및어금니 / 선택2: 교정칫솔 / 선택3: 05-1)일반형(단단한)
1189,한달사용기재구매부드러운 치솔인데 세정력은 좀,21.07.22.,2,재구매,한달사용기,선택1: 성인칫솔 / 선택2: 초미세모 / 선택3: 0)초미세모(매우부드러운)
1190,아주 굿입니다. 만족합니다.,21.06.22.,5,0,0,선택1: 성인칫솔 / 선택2: 고급형칫솔 / 선택3: 02-4)미소숯올(부드러운)
1191,"교정중인 딸아이 일반 칫솔 사용해서 그런건지 양치가 제대로 안된건지 충치가 생겼다고 ㅠㅠ
급 주문했는데 어금니 칫솔까지 더 주문하려구요~ 
아직 사용전이라 칫솔모 후기는 나중에~
챙겨 보내준 혀클리너, 치실 잘 쓸게요~",21.06.09.,5,0,0,선택1: 교정및어금니 / 선택2: 교정칫솔 / 선택3: 05-1)일반형(단단한)
1192,헤드가 작고 이중모라서 꼼꼼히 닦기 좋아요.. 혀클리너도 좋아요 꼭쓰세요 칫솔로 구역질 해가면서 닦는것보다 훨좋음,21.07.06.,5,0,0,선택1: 성인칫솔 / 선택2: 일반형칫솔 / 선택3: 01-2)이중모(탄력적인)
1193,두번째 구매했어요  칫실 없었을때  치아사이에 낀 게 칫솔질 만으로도  잘 빠지는걸 보고 잘샀다고 생각했어요,21.06.17.,5,0,0,선택1: 어린이칫솔 / 선택2: 기린칫솔 / 선택3: 08-2)기린이중(7세-11세)
1194,교정용 칫솔 잘쓰고있어요!!!싸고 좋아요ㅠㅠ앞으로 100개는 더사야될거같아요..!!,21.06.22.,5,0,0,선택1: 교정및어금니 / 선택2: 교정칫솔 / 선택3: 05-2)슬림형(부드러운)
1195,"아이가 좋아합니다
잘 닼인다고 하네요",21.06.30.,5,0,0,선택1: 어린이칫솔 / 선택2: 너구리칫솔 / 선택3: 09-2)너구리이중(7세-11세)
1196,"재구매교정 후 쭈~~사용
좋아요",21.07.05.,5,재구매,0,선택1: 교정및어금니 / 선택2: 어금니칫솔 / 선택3: 06-1)일반형(단단한)
1197,재구매앞으료도 계속 사용~~,21.07.05.,5,재구매,0,선택1: 교정및어금니 / 선택2: 어금니칫솔 / 선택3: 06-2)돔형(단단한)
1198,"한달사용기항상쓰는 어금니 칫솔 만족해요
안쓰면 찝찝하더라고요",21.06.23.,5,0,한달사용기,선택1: 교정및어금니 / 선택2: 어금니칫솔 / 선택3: 06-1)일반형(단단한)
1199,한달사용기써보면 써 볼수록 좋으네요,21.07.24.,5,0,한달사용기,선택1: 성인칫솔 / 선택2: 광폭칫솔 / 선택3: 04-1)이중(탄력적인)
1200,형태와 기능 만족합니다.,21.07.23.,5,0,0,선택1: 성인칫솔 / 선택2: 고급형칫솔 / 선택3: 02-1)이중모(탄력적인)
1201,"신랑이 괜찬다고해요
신경써서 닦고있어요",21.06.25.,5,0,0,선택1: 교정및어금니 / 선택2: 어금니칫솔 / 선택3: 06-3)슬림형(부드러운)
1202,포장 잘해주셨고 배송도 무지빠르고 써보고 좋으면 계속 주문하려구요,21.07.14.,5,0,0,선택1: 교정및어금니 / 선택2: 어금니칫솔 / 선택3: 06-1)일반형(단단한)
1203,좋은제품 감사합니다.  다 사용하면 또 주문할게요^^,21.07.13.,5,0,0,선택1: 성인칫솔 / 선택2: 광폭칫솔 / 선택3: 04-1)이중(탄력적인)
1204,좋은제품 감사합니다.  다 사용하면 또 주문할게요^^,21.07.13.,5,0,0,선택1: 성인칫솔 / 선택2: 광폭칫솔 / 선택3: 04-2)올슬림모(부드러운)
1205,좋은제품 감사합니다.  다 사용하면 또 주문할게요^^,21.07.13.,5,0,0,선택1: 성인칫솔 / 선택2: 고급형칫솔 / 선택3: 02-1)이중모(탄력적인)
1206,좋은제품 감사합니다.  다 사용하면 또 주문할게요^^,21.07.13.,5,0,0,선택1: 성인칫솔 / 선택2: 고급형칫솔 / 선택3: 02-2)올슬림모(부드러운)
1207,좋은제품 감사합니다.  다 사용하면 또 주문할게요^^,21.07.13.,5,0,0,선택1: 성인칫솔 / 선택2: 고급형칫솔 / 선택3: 02-3)미소금올(부드러운)
1208,좋은제품 감사합니다.  다 사용하면 또 주문할게요^^,21.07.13.,5,0,0,선택1: 성인칫솔 / 선택2: 고급형칫솔 / 선택3: 02-4)미소숯올(부드러운)
1209,교정중인데 여기가 싸서 많이사요,21.07.20.,5,0,0,선택1: 교정및어금니 / 선택2: 교정칫솔 / 선택3: 05-1)일반형(단단한)
1210,한달사용기숯칫솔 너무 좋다고 하시더라고요 저희 어머니께서ㅠ병원제작 칫솔이라 믿고 잘쓰고 있습니다ㅠ다음에는 많이 사놔야겠어요,21.06.13.,5,0,한달사용기,선택1: 성인칫솔 / 선택2: 고급형칫솔 / 선택3: 02-4)미소숯올(부드러운)
1211,재구매무난무난... 이뻐용 잘 쓸게요,21.07.24.,5,재구매,0,선택1: 교정및어금니 / 선택2: 어금니칫솔 / 선택3: 06-3)슬림형(부드러운)
1212,"재구매했어요 
가성비 좋은 제품 입니다",21.06.23.,5,0,0,선택1: 성인칫솔 / 선택2: 광폭칫솔 / 선택3: 04-1)이중(탄력적인)
1213,"재구매했어요 
가성비 좋은 제품 입니다",21.06.23.,5,0,0,선택1: 성인칫솔 / 선택2: 일반형칫솔 / 선택3: 01-2)이중모(탄력적인)
1214,아이가좋아해요 부드럽고 배송빠릅니다,21.07.13.,5,0,0,선택1: 성인칫솔 / 선택2: 초미세모 / 선택3: 0)초미세모(매우부드러운)
1215,치과칫솔 구입 좋습니다. 가격 저렴하고 쓰기 편합니다. 배송도 빨라서 좋아요. 다쓰면 또 구입해야죠.,21.06.15.,5,0,0,선택1: 성인칫솔 / 선택2: 고급형칫솔 / 선택3: 02-2)올슬림모(부드러운)
1216,혀클리너 사은품 감사합니다 가성비 좋다는 후기보고 믿고 구입했어요 꾸준히 잘 사용해볼게요,21.06.15.,4,0,0,선택1: 어린이칫솔 / 선택2: 기린칫솔 / 선택3: 08-2)기린이중(7세-11세)
1217,"교정중인 딸아이 일반 칫솔 사용해서 그런건지 양치가 제대로 안된건지 충치가 생겼다고 ㅠㅠ
급 주문했는데 어금니 칫솔까지 더 주문하려구요~ 
아직 사용전이라 칫솔모 후기는 나중에~",21.06.09.,5,0,0,선택1: 교정및어금니 / 선택2: 교정칫솔 / 선택3: 05-1)일반형(단단한)
1218,"교정중인 딸아이 일반 칫솔 사용해서 그런건지 양치가 제대로 안된건지 충치가 생겼다고 ㅠㅠ
급 주문했는데 어금니 칫솔까지 더 주문하려구요~ 
아직 사용전이라 칫솔모 후기는 나중에~",21.06.09.,5,0,0,선택1: 교정및어금니 / 선택2: 교정칫솔 / 선택3: 05-2)슬림형(부드러운)
1219,고급형 칫솔 구입했어요. 쓰기 편합니다. 계속 좋은 상품 많이 만들어주세요. 다음에도 또 구입할게요.,21.06.15.,5,0,0,선택1: 성인칫솔 / 선택2: 고급형칫솔 / 선택3: 02-1)이중모(탄력적인)
1220,"한달사용기그립감도좋고 애들도 잘 사용하고좋아요
계속 구매할 예정입니다",21.06.23.,5,0,한달사용기,선택1: 어린이칫솔 / 선택2: 기린칫솔 / 선택3: 08-2)기린이중(7세-11세)
1221,좋아요 좋아요 좋아요,21.08.13.,5,0,0,선택1: 성인칫솔 / 선택2: 일반형칫솔 / 선택3: 01-3)올슬림모(부드러운)
1222,편해요저렴하고좋아요,21.07.18.,5,0,0,선택1: 어린이칫솔 / 선택2: 너구리칫솔 / 선택3: 09-1)너구리올(24개월-6세)
1223,첨 써 보는데 애가 편하게 사용했음 좋겠네요,21.06.25.,5,0,0,선택1: 어린이칫솔 / 선택2: 기린칫솔 / 선택3: 08-1)기린올(24개월-6세)
1224,사랑리 닦으려고 샀는데 부드럽고 좋네요,21.07.16.,5,0,0,선택1: 교정및어금니 / 선택2: 어금니칫솔 / 선택3: 06-2)돔형(단단한)
1225,늘  재구매해서  쓰고있어요,21.07.18.,5,0,0,선택1: 성인칫솔 / 선택2: 일반형칫솔 / 선택3: 01-1)일반모(단단모)
1226,다른데서 구매한거보다 숱이 적어요ㅠㅠ,21.06.26.,3,0,0,선택1: 교정및어금니 / 선택2: 어금니칫솔 / 선택3: 06-2)돔형(단단한)
1227,다른데서 구매한거보다 숱이적어요ㅠㅠ,21.06.26.,3,0,0,선택1: 교정및어금니 / 선택2: 어금니칫솔 / 선택3: 06-1)일반형(단단한)
1228,"칫솔은 늘 이곳에서 구매합니다ㅎ
좋아요! 칫솔 자주 갈아줘야 좋더라구요ㅎ
잘 사용할게여",21.06.15.,5,0,0,선택1: 성인칫솔 / 선택2: 일반형칫솔 / 선택3: 01-2)이중모(탄력적인)
1229,미세모답게 부드럽고 적당히 힘도있고 괜찮ㄴ네요,21.06.26.,4,0,0,선택1: 교정및어금니 / 선택2: 교정칫솔 / 선택3: 05-2)슬림형(부드러운)
1230,큰애꺼 써 보고 좋아서 처음 주문해 봤어요~,21.06.25.,5,0,0,선택1: 어린이칫솔 / 선택2: 유아칫솔 / 선택3: 07-1)유아(15개월-36개월)
1231,칫솔모도 적당해서 쓰기좋아요,21.07.17.,5,0,0,선택1: 성인칫솔 / 선택2: 일반형칫솔 / 선택3: 01-2)이중모(탄력적인)
1232,"예전구매해서잘쓰고
재구매입니다~
가격대비무난해요~",21.06.23.,5,0,0,선택1: 성인칫솔 / 선택2: 고급형칫솔 / 선택3: 02-1)이중모(탄력적인)
1233,병원용이니 한번 써보고 좋으면 계속 쓰게요,21.07.14.,5,0,0,선택1: 성인칫솔 / 선택2: 고급형칫솔 / 선택3: 02-1)이중모(탄력적인)
1234,부드러워서 좋아요. 여기 거 계속 쓰고 있어요.,21.06.21.,5,0,0,선택1: 성인칫솔 / 선택2: 일반형칫솔 / 선택3: 01-3)올슬림모(부드러운)
1235,잘받았습니다   추천합니다,21.07.17.,5,0,0,선택1: 교정및어금니 / 선택2: 어금니칫솔 / 선택3: 06-3)슬림형(부드러운)
1236,가장맘에들고편해요좋아요,21.07.18.,5,0,0,선택1: 성인칫솔 / 선택2: 고급형칫솔 / 선택3: 02-1)이중모(탄력적인)
1237,우리가족모두칫솔입니다,21.06.26.,5,0,0,선택1: 어린이칫솔 / 선택2: 유아칫솔 / 선택3: 07-1)유아(15개월-36개월)
1238,우리가족모두쓰는칫솔,21.06.26.,5,0,0,선택1: 성인칫솔 / 선택2: 고급형칫솔 / 선택3: 02-1)이중모(탄력적인)
1239,사은품으로 혀클리너 보내줘서 감사합니다 사용해보고 좋으면 앞으로도 꾸준히 구입할게요,21.06.15.,4,0,0,선택1: 성인칫솔 / 선택2: 고급형칫솔 / 선택3: 02-1)이중모(탄력적인)
1240,재구매잘받았습니다 맘에들어요,21.07.16.,5,재구매,0,선택1: 교정및어금니 / 선택2: 교정칫솔 / 선택3: 05-3)고급슬림형(부드러운)
1241,생각했던것보다 사용감이 조아요. 칫솔모도 좋고요,21.07.07.,5,0,0,선택1: 어린이칫솔 / 선택2: 기린칫솔 / 선택3: 08-1)기린올(24개월-6세)
1242,재구매치아 사이사이에 사용하기 좋아요~,21.07.14.,5,재구매,0,선택1: 교정및어금니 / 선택2: 어금니칫솔 / 선택3: 06-3)슬림형(부드러운)
1243,재구매치아 사이사이에 사용하기 좋아요~,21.07.14.,5,재구매,0,선택1: 교정및어금니 / 선택2: 어금니칫솔 / 선택3: 06-1)일반형(단단한)
1244,"재구매했어요
잘쓰고있습니다",21.06.19.,5,0,0,선택1: 성인칫솔 / 선택2: 일반형칫솔 / 선택3: 01-3)올슬림모(부드러운)
1245,치과에서 받아서 써보고 필요해서 쟁여놨습니다,21.07.11.,4,0,0,선택1: 교정및어금니 / 선택2: 어금니칫솔 / 선택3: 06-2)돔형(단단한)
1246,병원용이니 믿고 써볼께요,21.07.14.,5,0,0,선택1: 성인칫솔 / 선택2: 고급형칫솔 / 선택3: 02-4)미소숯올(부드러운)
1247,칫솔도 잘닦이고~  같이 구매한 칫솔살균기도 너무 잘 쓰고 있어요♡  칫솔 다 쓰면 또 구매하러올게요^^,21.07.03.,5,0,0,선택1: 성인칫솔 / 선택2: 일반형칫솔 / 선택3: 01-2)이중모(탄력적인)
1248,치실을 하고 어금니 칫솔로 닦으면 치아가 깨끗해져서 좋아요. 재구매 했습니다,21.07.01.,5,0,0,선택1: 교정및어금니 / 선택2: 어금니칫솔 / 선택3: 06-1)일반형(단단한)
1249,아이칫솔 사다가 성인것도 종류별로 주문했어요,21.06.19.,5,0,0,선택1: 성인칫솔 / 선택2: 일반형칫솔 / 선택3: 01-2)이중모(탄력적인)
1250,"아주 부드럽고 사용하기
좋아요",21.06.23.,5,0,0,선택1: 성인칫솔 / 선택2: 고급형칫솔 / 선택3: 02-1)이중모(탄력적인)
1251,아이꺼 사는김에 어른것도 종류별로 샀어요,21.06.19.,5,0,0,선택1: 성인칫솔 / 선택2: 일반형칫솔 / 선택3: 01-3)올슬림모(부드러운)
1252,아이꺼 사는김에 어른것도 종류별로 샀어요,21.06.19.,5,0,0,선택1: 성인칫솔 / 선택2: 광폭칫솔 / 선택3: 04-1)이중(탄력적인)
1253,아이꺼 사는김에 어른것도 종류별로 샀어요,21.06.19.,5,0,0,선택1: 성인칫솔 / 선택2: 일반형칫솔 / 선택3: 01-1)일반모(단단모)
1254,아이꺼 사는김에 어른것도 종류별로 샀어요,21.06.19.,5,0,0,선택1: 성인칫솔 / 선택2: 2-3줄모 / 선택3: 03-2)비타민올(세줄모)
1255,아이꺼 사는김에 어른것도 종류별로 샀어요,21.06.19.,5,0,0,선택1: 성인칫솔 / 선택2: 2-3줄모 / 선택3: 03-1)두줄모(단단한)
1256,이것저것써봣는데가장ㅍㄴ해요,21.07.18.,5,0,0,선택1: 성인칫솔 / 선택2: 일반형칫솔 / 선택3: 01-2)이중모(탄력적인)
1257,상품과 배송 모두 만족합니다,21.06.22.,5,0,0,선택1: 성인칫솔 / 선택2: 일반형칫솔 / 선택3: 01-2)이중모(탄력적인)
1258,잘쓸께요 감사해욯 ㅎ,21.07.10.,5,0,0,선택1: 교정및어금니 / 선택2: 어금니칫솔 / 선택3: 06-1)일반형(단단한)
1259,한달사용기좋아요 잘쓰고 있습니다. ㅎ,21.07.08.,5,0,한달사용기,선택1: 성인칫솔 / 선택2: 광폭칫솔 / 선택3: 04-1)이중(탄력적인)
1260,한달사용기좋아요 잘쓰고 있습니다. ㅎ,21.07.08.,5,0,한달사용기,선택1: 성인칫솔 / 선택2: 고급형칫솔 / 선택3: 02-1)이중모(탄력적인)
1261,생각했던것보다 칫솔모도 탄력있고 조아요,21.07.07.,4,0,0,선택1: 성인칫솔 / 선택2: 고급형칫솔 / 선택3: 02-1)이중모(탄력적인)
1262,꼼꼼하게 치아를 관리할 수 있습니다.,21.07.09.,5,0,0,선택1: 교정및어금니 / 선택2: 어금니칫솔 / 선택3: 06-2)돔형(단단한)
1263,아이가 교정중이라서 구매했어요 치과에서 받은것과 비슷하네요   잘쓸께요,21.06.08.,5,0,0,선택1: 교정및어금니 / 선택2: 교정칫솔 / 선택3: 05-2)슬림형(부드러운)
1264,칫솔모가 탄력이 있고 좋아요,21.07.09.,5,0,0,선택1: 성인칫솔 / 선택2: 고급형칫솔 / 선택3: 02-1)이중모(탄력적인)
1265,재구매어제시켰는데 오늘 왔어요 쵝오빠른배송,21.07.02.,5,재구매,0,선택1: 어린이칫솔 / 선택2: 너구리칫솔 / 선택3: 09-2)너구리이중(7세-11세)
1266,재구매어제시켰는데 오늘 왔어요 쵝오빠른배송,21.07.02.,5,재구매,0,선택1: 어린이칫솔 / 선택2: 기린칫솔 / 선택3: 08-2)기린이중(7세-11세)
1267,재구매어제시켰는데 오늘 왔어요 쵝오빠른배송,21.07.02.,5,재구매,0,선택1: 성인칫솔 / 선택2: 고급형칫솔 / 선택3: 02-1)이중모(탄력적인)
1268,재구매어제시켰는데 오늘 왔어요 쵝오빠른배송,21.07.02.,5,재구매,0,선택1: 성인칫솔 / 선택2: 일반형칫솔 / 선택3: 01-3)올슬림모(부드러운)
1269,재구매어제시켰는데 오늘 왔어요 쵝오빠른배송,21.07.02.,5,재구매,0,선택1: 성인칫솔 / 선택2: 일반형칫솔 / 선택3: 01-2)이중모(탄력적인)
1270,한달사용기아이가 교정하면서 쓰고 있어요.,21.07.09.,5,0,한달사용기,선택1: 교정및어금니 / 선택2: 교정칫솔 / 선택3: 05-3)고급슬림형(부드러운)
1271,한달사용기재구매만족합니다 ~~~~~,21.07.16.,5,재구매,한달사용기,선택1: 성인칫솔 / 선택2: 일반형칫솔 / 선택3: 01-1)일반모(단단모)
1272,재구매칫솔모도 좋고 만족해서 또 주문합니다~^^,21.07.07.,5,재구매,0,선택1: 성인칫솔 / 선택2: 고급형칫솔 / 선택3: 02-1)이중모(탄력적인)
1273,계속사용중이에요.저렴하게 사서 자주 교체하고 있어요.,21.06.01.,4,0,0,선택1: 교정및어금니 / 선택2: 교정칫솔 / 선택3: 05-1)일반형(단단한)
1274,배송도 빠르고 서비스도 많이 주시고 넘 좋아용,21.06.15.,5,0,0,선택1: 교정및어금니 / 선택2: 어금니칫솔 / 선택3: 06-2)돔형(단단한)
1275,교정 시작할 때부터 칫솔은 여기서만 구매했어요. 가격도 그렇고 만족합니다.,21.06.05.,5,0,0,선택1: 성인칫솔 / 선택2: 2-3줄모 / 선택3: 03-1)두줄모(단단한)
1276,항상 사용하는 제품..할 말이 없음.,21.07.08.,5,0,0,선택1: 성인칫솔 / 선택2: 일반형칫솔 / 선택3: 01-2)이중모(탄력적인)
1277,재구매항상 구매하는 상품이에요 ~~,21.07.09.,5,재구매,0,선택1: 어린이칫솔 / 선택2: 기린칫솔 / 선택3: 08-2)기린이중(7세-11세)
1278,초등학교2학년 아이가 쓰고 있어요. 칫솔모가 풍성에서 좋아요,21.06.29.,5,0,0,선택1: 성인칫솔 / 선택2: 일반형칫솔 / 선택3: 01-2)이중모(탄력적인)
1279,아이들 쓰기에 적당한 크기이고 늘 쓰던 제품이라 재구매합니다,21.07.01.,5,0,0,선택1: 어린이칫솔 / 선택2: 기린칫솔 / 선택3: 08-2)기린이중(7세-11세)
1280,한달사용기심플하고 모가 고급이라 양치하고 느낌이 개운하네요,21.06.13.,5,0,한달사용기,선택1: 성인칫솔 / 선택2: 광폭칫솔 / 선택3: 04-2)올슬림모(부드러운)
1281,넓고 부드럽고 좋네요..,21.07.09.,4,0,0,선택1: 성인칫솔 / 선택2: 광폭칫솔 / 선택3: 04-2)올슬림모(부드러운)
1282,재구매초미세모 칫솔 3개가   솔이 딱딱하고  칫솔질 할 때 잇몸이  상해서  치과에 다녀야  했어요~~항상 구매해서  썼는데 이번에는  초미세모 칫솔모가  딱딱하고 이빨도 안 닦이고 잇몸도 아프네요~,21.06.16.,1,재구매,0,선택1: 성인칫솔 / 선택2: 초미세모 / 선택3: 0)초미세모(매우부드러운)
1283,좋네요..잘쓸께요..,21.07.09.,4,0,0,선택1: 성인칫솔 / 선택2: 광폭칫솔 / 선택3: 04-1)이중(탄력적인)
1284,"벌써 3번째 구매에요
교정 4년차라ㅠㅠ 이게 마지막이겠지 하고 다시 사네요ㅋㅋ 가격 좋고 품질 괜찮습니다 많이 파세요~",21.05.30.,5,0,0,선택1: 교정및어금니 / 선택2: 교정칫솔 / 선택3: 05-3)고급슬림형(부드러운)
1285,"벌써 3번째 구매에요
교정 4년차라ㅠㅠ 이게 마지막이겠지 하고 다시 사네요ㅋㅋ 가격 좋고 품질 괜찮습니다 많이 파세요~",21.05.30.,5,0,0,선택1: 교정및어금니 / 선택2: 교정칫솔 / 선택3: 05-1)일반형(단단한)
1286,"벌써 3번째 구매에요
교정 4년차라ㅠㅠ 이게 마지막이겠지 하고 다시 사네요ㅋㅋ 가격 좋고 품질 괜찮습니다 많이 파세요~",21.05.30.,5,0,0,선택1: 성인칫솔 / 선택2: 2-3줄모 / 선택3: 03-1)두줄모(단단한)
1287,"택배 파업인데, 생각보다 빨리 와서 너무 좋았어요. 상품도 치과에서 샀던 상품과 동일하고 좋습니다.",21.06.21.,5,0,0,선택1: 교정및어금니 / 선택2: 어금니칫솔 / 선택3: 06-3)슬림형(부드러운)
1288,"배송은 아주 빠릅니다~
아직 사용전입니다~",21.07.03.,3,0,0,선택1: 성인칫솔 / 선택2: 고급형칫솔 / 선택3: 02-4)미소숯올(부드러운)
1289,"배송은 아주 빠릅니다~
품질은 아직 사용전이라 ᆢ",21.07.03.,4,0,0,선택1: 성인칫솔 / 선택2: 광폭칫솔 / 선택3: 04-2)올슬림모(부드러운)
1290,"쓰기 적합하고 식구들 쓰기 좋아요
다시 재구매했습니다",21.07.01.,5,0,0,선택1: 성인칫솔 / 선택2: 고급형칫솔 / 선택3: 02-1)이중모(탄력적인)
1291,재구매좋다 재구매각이다 달리즈아!~ ㅋㅋㅋ,21.07.06.,5,재구매,0,선택1: 성인칫솔 / 선택2: 고급형칫솔 / 선택3: 02-1)이중모(탄력적인)
1292,재구매항상 이제품만 써요,21.07.06.,5,재구매,0,선택1: 교정및어금니 / 선택2: 어금니칫솔 / 선택3: 06-1)일반형(단단한)
1293,재구매늘 쓰는 칫솔입니다. 감사욤,21.07.05.,5,재구매,0,선택1: 교정및어금니 / 선택2: 어금니칫솔 / 선택3: 06-3)슬림형(부드러운)
1294,"어금니 칫솔 구매하다가 신박해서 구매해봤어요
탄탄하니 좋네요",21.05.21.,5,0,0,선택1: 성인칫솔 / 선택2: 2-3줄모 / 선택3: 03-1)두줄모(단단한)
1295,칫솔은 여기서만 구매합니다 잘 사용할게요^^,21.07.01.,5,0,0,선택1: 성인칫솔 / 선택2: 일반형칫솔 / 선택3: 01-2)이중모(탄력적인)
1296,배송빠르고 좋아요 .,21.07.06.,5,0,0,선택1: 교정및어금니 / 선택2: 어금니칫솔 / 선택3: 06-1)일반형(단단한)
1297,"벌써 4,5번째 구매인거같아요..고급형 올슬림모가
딱 제 취향이에요~작아서 깊숙히 잘 닦이고 칫솔모도 탄력좋아요 디자인도 깔끔~!!",21.05.27.,5,0,0,선택1: 성인칫솔 / 선택2: 고급형칫솔 / 선택3: 02-2)올슬림모(부드러운)
1298,"잘받앗습니다ㅎㅎ
또필요하면구매할게용",21.06.27.,5,0,0,선택1: 교정및어금니 / 선택2: 교정칫솔 / 선택3: 05-2)슬림형(부드러운)
1299,만족합니다~~~^^,21.06.20.,4,0,0,선택1: 교정및어금니 / 선택2: 어금니칫솔 / 선택3: 06-3)슬림형(부드러운)
1300,한달사용기어금니칫솔 한번 사용한후로는 안쓸수가 없어서 계속 사용중이예요 이 사이사이 깨끗이 양치할수 있어서 넘 좋아요,21.06.01.,5,0,한달사용기,선택1: 교정및어금니 / 선택2: 어금니칫솔 / 선택3: 06-1)일반형(단단한)
1301,재구매빠른배송 감사합니다.,21.07.05.,5,재구매,0,선택1: 성인칫솔 / 선택2: 일반형칫솔 / 선택3: 01-3)올슬림모(부드러운)
1302,계속사용중이고 자주 교체해서 쓰기 부담없어요.,21.06.01.,3,0,0,선택1: 성인칫솔 / 선택2: 일반형칫솔 / 선택3: 01-1)일반모(단단모)
1303,"재구매좋아요
가성비도 좋아요",21.07.05.,5,재구매,0,선택1: 교정및어금니 / 선택2: 교정칫솔 / 선택3: 05-1)일반형(단단한)
1304,배송빠르네요 잘받았습니다,21.06.11.,4,0,0,선택1: 성인칫솔 / 선택2: 초미세모 / 선택3: 0)초미세모(매우부드러운)
1305,배송빨라요 잘받았습니다,21.06.11.,4,0,0,선택1: 성인칫솔 / 선택2: 고급형칫솔 / 선택3: 02-1)이중모(탄력적인)
1306,배송빨라요 잘받았습니다,21.06.11.,4,0,0,선택1: 성인칫솔 / 선택2: 고급형칫솔 / 선택3: 02-2)올슬림모(부드러운)
1307,배송빨라요 잘받았습니다,21.06.11.,4,0,0,선택1: 성인칫솔 / 선택2: 고급형칫솔 / 선택3: 02-3)미소금올(부드러운)
1308,배송빨라요 잘받았습니다,21.06.11.,4,0,0,선택1: 성인칫솔 / 선택2: 고급형칫솔 / 선택3: 02-4)미소숯올(부드러운)
1309,온가족이칫솔같이구매해서계속쓰고있습니다,21.06.07.,5,0,0,선택1: 어린이칫솔 / 선택2: 기린칫솔 / 선택3: 08-2)기린이중(7세-11세)
1310,부모님이 어금니 닦는거 티비에서 보시고 하나 구매해달라기에 구매했어요. 뭐가 좋을지 몰라서 종류별로 써보라고 해서 사드렸는데 괜찮다고 하시네요,21.06.11.,5,0,0,선택1: 교정및어금니 / 선택2: 어금니칫솔 / 선택3: 06-3)슬림형(부드러운)
1311,"솔이 단단하면서 부드러워요
너무 좋아요",21.06.10.,5,0,0,선택1: 성인칫솔 / 선택2: 일반형칫솔 / 선택3: 01-2)이중모(탄력적인)
1312,감사합니다 ㅎㅎ 오늘 받았는데  저렴하고  좋은제품입니다,21.06.01.,5,0,0,선택1: 성인칫솔 / 선택2: 고급형칫솔 / 선택3: 02-2)올슬림모(부드러운)
1313,식구들 색깔별로 쓰기 편합니다,21.06.09.,4,0,0,선택1: 성인칫솔 / 선택2: 일반형칫솔 / 선택3: 01-2)이중모(탄력적인)
1314,한달사용기부드럽고 최고예요 칫솔 보관할수 있게 플라스틱 통도 씌워져있어서 편리합니다,21.06.01.,5,0,한달사용기,선택1: 성인칫솔 / 선택2: 일반형칫솔 / 선택3: 01-2)이중모(탄력적인)
1315,재구매교정 시작하고 테스트겸 몇가지 주문해서 쓰고 있어요.빠른배송 감사해요,21.05.28.,5,재구매,0,선택1: 교정및어금니 / 선택2: 교정칫솔 / 선택3: 05-3)고급슬림형(부드러운)
1316,늘 쓰던 제품 재구매했어요,21.06.09.,4,0,0,선택1: 성인칫솔 / 선택2: 고급형칫솔 / 선택3: 02-1)이중모(탄력적인)
1317,저렴하게 잘 샀어요,21.06.10.,4,0,0,선택1: 교정및어금니 / 선택2: 교정칫솔 / 선택3: 05-2)슬림형(부드러운)
1318,재구매빨리 헤지긴 하는데 마무리로 이 칫솔 사용하면 개운하더라구요 잘 사용할게요,21.05.28.,5,재구매,0,선택1: 성인칫솔 / 선택2: 2-3줄모 / 선택3: 03-1)두줄모(단단한)
1319,"한달사용기쓸만 했습니다 칫솔마다 캡이 있을필요가 있을까 생각은
듭니다",21.06.22.,5,0,한달사용기,선택1: 성인칫솔 / 선택2: 초미세모 / 선택3: 0)초미세모(매우부드러운)
1320,미세모라 기존에 사용했던것보다 잘닦이는듯해요~,21.06.24.,5,0,0,선택1: 성인칫솔 / 선택2: 고급형칫솔 / 선택3: 02-2)올슬림모(부드러운)
1321,"아주좋아요
늘 쓰던 칫솔",21.06.29.,5,0,0,선택1: 성인칫솔 / 선택2: 고급형칫솔 / 선택3: 02-2)올슬림모(부드러운)
1322,치솔모 부드럽고 머리가 작아 여중생 잘맞겠어요,21.06.23.,5,0,0,선택1: 교정및어금니 / 선택2: 교정칫솔 / 선택3: 05-2)슬림형(부드러운)
1323,만족합니다 만족합니다,21.07.21.,5,0,0,선택1: 교정및어금니 / 선택2: 교정칫솔 / 선택3: 05-3)고급슬림형(부드러운)
1324,한달사용기교정치과에서 샀던 칫솔이랑 같네요..한달에 한번 교체해주고 좋습니다,21.05.25.,3,0,한달사용기,선택1: 교정및어금니 / 선택2: 교정칫솔 / 선택3: 05-1)일반형(단단한)
1325,"재구매항상 사용하고 있는 칫솔이에요~ 가격도 저렴하고 칫솔도 좋아요~^^ 
칫솔 살 때마다 보내주시는 일회용 치실이 좋아서 이번에 함께 구매했어요~ 치실이 사용할 때 찢겨지거나 끊어지지 않아서 좋아요~!! 
그런데 치실이 포장지가 찢어진 채로 와서 박스에  한 두개가 떨어져 있었어요..ㅠ 다시 비닐에 담아 사진찍었네요~ 포장해주시는 비닐이 조금 더 튼튼했으면 좋을 것 같아요~",21.05.06.,4,재구매,0,선택1: 성인칫솔 / 선택2: 일반형칫솔 / 선택3: 01-3)올슬림모(부드러운)
1326,조아요조아요조아요조아요,21.07.21.,5,0,0,선택1: 교정및어금니 / 선택2: 교정칫솔 / 선택3: 05-2)슬림형(부드러운)
1327,늘쓰는제품 좋아요 재구매 할께요,21.06.01.,5,0,0,선택1: 성인칫솔 / 선택2: 고급형칫솔 / 선택3: 02-2)올슬림모(부드러운)
1328,아이들 어금니에 이물질제거하는데는딱이네요,21.06.21.,5,0,0,선택1: 어린이칫솔 / 선택2: 너구리칫솔 / 선택3: 09-1)너구리올(24개월-6세)
1329,두줄은 첫구매 칫솔은 여러개로 쓰는게좋은듯요,21.06.01.,5,0,0,선택1: 성인칫솔 / 선택2: 2-3줄모 / 선택3: 03-2)비타민올(세줄모)
1330,"재구매치과진료후 양치를 꼼꼼히 잘해야겠다는 생각이들어서 광폭칫솔을 사용해 봤는데
정말 잇몸안아프게 일반칫솔보다 훨씬 잘닦이고 좋아요! 아빠한테도 추천해드렸는데 좋다고해서 재구매 합니다! 강추!",21.04.21.,5,재구매,0,선택1: 성인칫솔 / 선택2: 광폭칫솔 / 선택3: 04-1)이중(탄력적인)
1331,유아칫솔인데 어금니용으로 구매했네요,21.06.01.,5,0,0,선택1: 어린이칫솔 / 선택2: 유아칫솔 / 선택3: 07-1)유아(15개월-36개월)
1332,교정기 사이사이 잘 닦여요.,21.06.05.,5,0,0,선택1: 교정및어금니 / 선택2: 교정칫솔 / 선택3: 05-2)슬림형(부드러운)
1333,재구매치솔모가 부드러워요.배송 빠르넹ᆢ,21.06.19.,3,재구매,0,선택1: 성인칫솔 / 선택2: 고급형칫솔 / 선택3: 02-2)올슬림모(부드러운)
1334,한달사용기항상 쓰고 있는거 좋아요,21.06.04.,5,0,한달사용기,선택1: 성인칫솔 / 선택2: 고급형칫솔 / 선택3: 02-4)미소숯올(부드러운)
1335,재구매재주문했어요. 항상 쓰는 제품이네요. 좋아요.,21.06.19.,5,재구매,0,선택1: 교정및어금니 / 선택2: 교정칫솔 / 선택3: 05-1)일반형(단단한)
1336,"시중에 파는 칫솔의 단단함과는 차원이 틀린(?)
딴딴함 입니다ㅋㅋ
 치석 케어에는 좋을듯 합니다",21.05.21.,4,0,0,선택1: 성인칫솔 / 선택2: 일반형칫솔 / 선택3: 01-1)일반모(단단모)
1337,빠른배송!! 치과에서 보던 것과 같은 제품^^,21.06.22.,5,0,0,선택1: 성인칫솔 / 선택2: 고급형칫솔 / 선택3: 02-4)미소숯올(부드러운)
1338,빠른배송!! 치과에서 보던 것과 같은 제품^^,21.06.22.,5,0,0,선택1: 성인칫솔 / 선택2: 일반형칫솔 / 선택3: 01-3)올슬림모(부드러운)
1339,한달사용기집사람 교정때문에 구매해서  잘 사용하고 있어요,21.06.19.,5,0,한달사용기,선택1: 교정및어금니 / 선택2: 교정칫솔 / 선택3: 05-2)슬림형(부드러운)
1340,한달사용기재구매포장도 깔끔하게 잘 되어서 왔고 칫솔도 너무 좋아요 굿굿,21.06.20.,5,재구매,한달사용기,선택1: 교정및어금니 / 선택2: 교정칫솔 / 선택3: 05-2)슬림형(부드러운)
1341,"재구매부드러운게 확실히 잘 닦여요 
잘 사용할게요",21.05.28.,5,재구매,0,선택1: 교정및어금니 / 선택2: 교정칫솔 / 선택3: 05-2)슬림형(부드러운)
1342,항상써도 후회없는 칫솔 좋아요,21.06.01.,5,0,0,선택1: 성인칫솔 / 선택2: 고급형칫솔 / 선택3: 02-1)이중모(탄력적인)
1343,재구매잘 받았습니다.  품질 좋으네요 빠른 배송 감사합니다,21.05.29.,5,재구매,0,선택1: 성인칫솔 / 선택2: 고급형칫솔 / 선택3: 02-2)올슬림모(부드러운)
1344,"칫솔질이 잘되는걸 찾다가 친구 추천으로 샀는데 
아이도 좋아하고 잘 닦입니다",21.05.26.,5,0,0,선택1: 어린이칫솔 / 선택2: 기린칫솔 / 선택3: 08-1)기린올(24개월-6세)
1345,재구매정말 잘닦이고 좋아서 부모님것도 같이 사서 사용하고있어요.,21.05.07.,5,재구매,0,선택1: 성인칫솔 / 선택2: 초미세모 / 선택3: 0)초미세모(매우부드러운)
1346,늘 잘 쓰고 있어요,21.06.04.,5,0,0,선택1: 성인칫솔 / 선택2: 일반형칫솔 / 선택3: 01-1)일반모(단단모)
1347,재구매아기가 요것만 사용해요 감사합니다,21.05.24.,5,재구매,0,선택1: 성인칫솔 / 선택2: 고급형칫솔 / 선택3: 02-2)올슬림모(부드러운)
1348,잘 사용하고 있어요,21.06.03.,5,0,0,선택1: 성인칫솔 / 선택2: 일반형칫솔 / 선택3: 01-1)일반모(단단모)
1349,잘 사용하고 있어요,21.06.03.,5,0,0,선택1: 성인칫솔 / 선택2: 일반형칫솔 / 선택3: 01-2)이중모(탄력적인)
1350,잘 사용하고 있어요,21.06.03.,5,0,0,선택1: 교정및어금니 / 선택2: 어금니칫솔 / 선택3: 06-2)돔형(단단한)
1351,잘 사용하고 있어요,21.06.03.,5,0,0,선택1: 교정및어금니 / 선택2: 어금니칫솔 / 선택3: 06-1)일반형(단단한)
1352,교정칫솔 좋네요 굳,21.06.03.,5,0,0,선택1: 교정및어금니 / 선택2: 교정칫솔 / 선택3: 05-2)슬림형(부드러운)
1353,부드럽게 잘 닦여요,21.06.03.,5,0,0,선택1: 성인칫솔 / 선택2: 일반형칫솔 / 선택3: 01-3)올슬림모(부드러운)
1354,"사랑니 발치하고 이물감이 있어서 구매해봤어요
탄탄하니 좋네요^^",21.05.21.,5,0,0,선택1: 교정및어금니 / 선택2: 어금니칫솔 / 선택3: 06-1)일반형(단단한)
1355,늘 쓰던 제품이라 좋습니다.,21.06.22.,5,0,0,선택1: 교정및어금니 / 선택2: 교정칫솔 / 선택3: 05-2)슬림형(부드러운)
1356,미세모 칫솔 좋아요,21.06.03.,5,0,0,선택1: 성인칫솔 / 선택2: 고급형칫솔 / 선택3: 02-2)올슬림모(부드러운)
1357,한달사용기온가족이  다 만족한 칫솔은 처음이네요~~앞으로  여기서만  주문해야겠어요~,21.06.10.,5,0,한달사용기,선택1: 성인칫솔 / 선택2: 고급형칫솔 / 선택3: 02-3)미소금올(부드러운)
1358,가격이 가장 착하고 안전하게 우체국택배로 보내주셨습니다.,21.06.16.,5,0,0,선택1: 어린이칫솔 / 선택2: 유아칫솔 / 선택3: 07-1)유아(15개월-36개월)
1359,생각보다 딴딴해요..심? 가운데부분이 좀더 부드러운걸찾는데ㅜㅜ쉽지않네요,21.05.20.,4,0,0,선택1: 교정및어금니 / 선택2: 어금니칫솔 / 선택3: 06-3)슬림형(부드러운)
1360,배송도빠르고 늘쓰던거라 만족해요,21.06.19.,5,0,0,선택1: 성인칫솔 / 선택2: 일반형칫솔 / 선택3: 01-2)이중모(탄력적인)
1361,성인이 사용해도 좋아요,21.06.01.,5,0,0,선택1: 성인칫솔 / 선택2: 2-3줄모 / 선택3: 03-1)두줄모(단단한)
1362,아직사용전이긴한데잇몸이약해서미세모전동칫솔쓰는데회사에서쓰려고구매했어요,21.06.11.,5,0,0,선택1: 성인칫솔 / 선택2: 고급형칫솔 / 선택3: 02-4)미소숯올(부드러운)
1363,2년전부터 교정칫솔 샀는데..아직 안끝난 교정땜에 또샀네요ㅋㅋ 늘 사용하던거라 재구매했어요 관리도 잘되고 모도 부드러워요~서비스도 감사합니다^^,21.05.12.,5,0,0,선택1: 교정및어금니 / 선택2: 교정칫솔 / 선택3: 05-2)슬림형(부드러운)
1364,한달사용기재구매좋아오ㅛ조어라아어렁,21.05.30.,5,재구매,한달사용기,선택1: 교정및어금니 / 선택2: 교정칫솔 / 선택3: 05-3)고급슬림형(부드러운)
1365,무난쓰 무난쓰 잘 닦여요,21.06.03.,5,0,0,선택1: 교정및어금니 / 선택2: 교정칫솔 / 선택3: 05-1)일반형(단단한)
1366,한달사용기계속 잘 쓰고 있습니당 !!,21.06.02.,5,0,한달사용기,선택1: 성인칫솔 / 선택2: 초미세모 / 선택3: 0)초미세모(매우부드러운)
1367,재구매잇몸 약한  제가 사용해도 부드럽게 잘닦여요,21.05.07.,5,재구매,0,선택1: 성인칫솔 / 선택2: 광폭칫솔 / 선택3: 04-1)이중(탄력적인)
1368,한달사용기항상쓰는칫솔이예요좋아요,21.05.30.,5,0,한달사용기,선택1: 성인칫솔 / 선택2: 일반형칫솔 / 선택3: 01-2)이중모(탄력적인)
1369,재구매치아랑 잇몸 사이사이 잘닦이고 좋아요,21.05.07.,5,재구매,0,선택1: 교정및어금니 / 선택2: 어금니칫솔 / 선택3: 06-3)슬림형(부드러운)
1370,한달사용기재구매3년째 애용하고 있어요,21.05.31.,5,재구매,한달사용기,선택1: 어린이칫솔 / 선택2: 기린칫솔 / 선택3: 08-2)기린이중(7세-11세)
1371,재구매좋아요 좋아요~^^,21.07.14.,4,재구매,0,선택1: 교정및어금니 / 선택2: 어금니칫솔 / 선택3: 06-1)일반형(단단한)
1372,재구매좋아요 좋아요~^^,21.07.14.,4,재구매,0,선택1: 교정및어금니 / 선택2: 어금니칫솔 / 선택3: 06-2)돔형(단단한)
1373,재구매항상 쓰는 제품입니다. 좋아요.,21.06.19.,5,재구매,0,선택1: 성인칫솔 / 선택2: 일반형칫솔 / 선택3: 01-1)일반모(단단모)
1374,10년넘게  쓴 칫솔이 단종되어 최대한 비슷한 것 구매했는데 너무 만족합니다,21.06.11.,5,0,0,선택1: 성인칫솔 / 선택2: 일반형칫솔 / 선택3: 01-2)이중모(탄력적인)
1375,10년넘게  쓴 칫솔이 단종되어 최대한 비슷한 것 구매했는데 너무 만족합니다,21.06.11.,5,0,0,선택1: 성인칫솔 / 선택2: 고급형칫솔 / 선택3: 02-1)이중모(탄력적인)
1376,10년넘게  쓴 칫솔이 단종되어 최대한 비슷한 것 구매했는데 너무 만족합니다,21.06.11.,5,0,0,선택1: 성인칫솔 / 선택2: 2-3줄모 / 선택3: 03-1)두줄모(단단한)
1377,"오늘 받아서 처음 써봤는데 가볍고 좋네요?
메디안 잇몸칫솔 쓰다 그런가 
되게 시원한 칫솔질을 했습니다
재구매 의사 있어용",21.05.11.,5,0,0,선택1: 성인칫솔 / 선택2: 2-3줄모 / 선택3: 03-2)비타민올(세줄모)
1378,칫솔은 애들꺼 여기서만 사요,21.06.17.,5,0,0,선택1: 어린이칫솔 / 선택2: 기린칫솔 / 선택3: 08-2)기린이중(7세-11세)
1379,한달사용기칫솔 이거만 써요 짱좋은,21.05.24.,5,0,한달사용기,선택1: 성인칫솔 / 선택2: 초미세모 / 선택3: 0)초미세모(매우부드러운)
1380,한달사용기솔이 너무 맘에 들어요~~앞으로  여기서만 주문해야겠어요~~,21.06.10.,5,0,한달사용기,선택1: 교정및어금니 / 선택2: 어금니칫솔 / 선택3: 06-1)일반형(단단한)
1381,"너구리 모양이 귀엽네요
아이도 좋아합니다",21.05.26.,5,0,0,선택1: 어린이칫솔 / 선택2: 너구리칫솔 / 선택3: 09-1)너구리올(24개월-6세)
1382,어금니닦기불편했는데사이사이음식물끼인거빼기편하고좋아요,21.06.11.,5,0,0,선택1: 교정및어금니 / 선택2: 어금니칫솔 / 선택3: 06-3)슬림형(부드러운)
1383,세게 사용하면 빨리 뒤집에 지네요,21.05.13.,3,0,0,선택1: 성인칫솔 / 선택2: 광폭칫솔 / 선택3: 04-1)이중(탄력적인)
1384,국산이라 좋네요. 배송도 굿,21.05.24.,4,0,0,선택1: 성인칫솔 / 선택2: 광폭칫솔 / 선택3: 04-1)이중(탄력적인)
1385,"같이 구매한 일반형, 초미세모 기타 등등 중에
제일 만족스러운 제품입니다.",21.05.21.,5,0,0,선택1: 성인칫솔 / 선택2: 고급형칫솔 / 선택3: 02-1)이중모(탄력적인)
1386,칫솔 사이즈가 크지는 않지만 초등2학년아이한테는 괜찬고 가격부담도 없어서 자주 바꿔주고있어요,21.05.17.,5,0,0,선택1: 어린이칫솔 / 선택2: 기린칫솔 / 선택3: 08-2)기린이중(7세-11세)
1387,일반10개 고급10개 시켰는데 고급은 8개만 왔네요,21.05.25.,2,0,0,선택1: 성인칫솔 / 선택2: 고급형칫솔 / 선택3: 02-1)이중모(탄력적인)
1388,항상 잘 쓰고있는 칫솔입니다 재구매했어요!,21.05.24.,5,0,0,선택1: 성인칫솔 / 선택2: 초미세모 / 선택3: 0)초미세모(매우부드러운)
1389,항상 잘 쓰고있는 칫솔입니다 재구매했어요!,21.05.24.,5,0,0,선택1: 성인칫솔 / 선택2: 일반형칫솔 / 선택3: 01-2)이중모(탄력적인)
1390,항상 잘 쓰고있는 칫솔입니다 재구매했어요!,21.05.24.,5,0,0,선택1: 성인칫솔 / 선택2: 일반형칫솔 / 선택3: 01-3)올슬림모(부드러운)
1391,한달사용기좋은 제품...빠른배송 ...제품 잘 받앗습니다….오늘도 ... 수고하세요^^,21.06.10.,5,0,한달사용기,선택1: 성인칫솔 / 선택2: 일반형칫솔 / 선택3: 01-1)일반모(단단모)
1392,잘 받았습니다. 감사합니다.,21.06.17.,5,0,0,선택1: 성인칫솔 / 선택2: 초미세모 / 선택3: 0)초미세모(매우부드러운)
1393,"재구매애기칫솔은 좋아서 재구매했어요
성인용도 아동용도
괜찮을거같아서 주문해봅니다ㅎ",21.06.03.,5,재구매,0,선택1: 성인칫솔 / 선택2: 일반형칫솔 / 선택3: 01-2)이중모(탄력적인)
1394,재구매아기가 요것만 사용해요 감사합니다,21.05.24.,5,재구매,0,선택1: 어린이칫솔 / 선택2: 기린칫솔 / 선택3: 08-1)기린올(24개월-6세)
1395,"아직 사용전이예요~
잘 쓸게용~~",21.05.22.,5,0,0,선택1: 교정및어금니 / 선택2: 어금니칫솔 / 선택3: 06-3)슬림형(부드러운)
1396,칫솔 뚜껑케이스가 있어서 어디 여행시에 가지고가기도 편하고 괜찬은거같아요,21.05.17.,5,0,0,선택1: 성인칫솔 / 선택2: 일반형칫솔 / 선택3: 01-2)이중모(탄력적인)
1397,"한달사용기극미세모는 너무 부드러워 좋은데 덜닦이는?느낌도 조금있고, 미세모는 조금은 아픈듯 하고...조금 애매하긴 하지만 괜찮은거 같습니다~^^*",21.05.30.,3,0,한달사용기,선택1: 성인칫솔 / 선택2: 광폭칫솔 / 선택3: 04-2)올슬림모(부드러운)
1398,2년전부터 시작해서 벌써 4번째 구매했습니다. 분기별로 구매해서 이용중인데요. 치과에서 권하는 교정용칫솔보다 훨씬 저렴하고 품질도 좋아서 계속 사용중입니다.,21.05.04.,5,0,0,선택1: 성인칫솔 / 선택2: 2-3줄모 / 선택3: 03-1)두줄모(단단한)
1399,아직 사용전이예요 써보고 재주문할게용,21.05.22.,5,0,0,선택1: 성인칫솔 / 선택2: 광폭칫솔 / 선택3: 04-2)올슬림모(부드러운)
1400,잘쓰겠습니다 부드럽고좋아요,21.05.24.,5,0,0,선택1: 교정및어금니 / 선택2: 교정칫솔 / 선택3: 05-3)고급슬림형(부드러운)
1401,맘에들어오 다음에 또 살게요ㅔ,21.06.17.,5,0,0,선택1: 어린이칫솔 / 선택2: 유아칫솔 / 선택3: 07-1)유아(15개월-36개월)
1402,한달사용기재구매교정하는 사람 필쉐,21.06.16.,5,재구매,한달사용기,선택1: 교정및어금니 / 선택2: 교정칫솔 / 선택3: 05-2)슬림형(부드러운)
1403,한달사용기칫솔 여기거만써요 짱조음,21.05.24.,5,0,한달사용기,선택1: 성인칫솔 / 선택2: 일반형칫솔 / 선택3: 01-2)이중모(탄력적인)
1404,아직사용전이지만 빠른배송감사합니다,21.05.20.,5,0,0,선택1: 성인칫솔 / 선택2: 일반형칫솔 / 선택3: 01-1)일반모(단단모)
1405,한달사용기배송도빠르고 자주쓰는제품이라 좋습니다.,21.06.09.,5,0,한달사용기,선택1: 교정및어금니 / 선택2: 교정칫솔 / 선택3: 05-2)슬림형(부드러운)
1406,한달사용기배송도빠르고 자주쓰는제품이라 좋습니다.,21.06.09.,4,0,한달사용기,선택1: 어린이칫솔 / 선택2: 기린칫솔 / 선택3: 08-2)기린이중(7세-11세)
1407,한달사용기배송도빠르고 자주쓰는제품이라 좋습니다.,21.06.09.,3,0,한달사용기,선택1: 교정및어금니 / 선택2: 어금니칫솔 / 선택3: 06-1)일반형(단단한)
1408,"저는 잇몸이 약하고 치아교정을 해서 틈에 음식물이 잘 끼는데 이 칫솔이 그걸 다 해결해주네요.
제가 사랑니 발치를 안해서 칫솔모 크기나 모양에 예민한데 이 칫솔을 사용하고나서 안쪽에 상처난 적이 없어요.
가격도 저렴하고 품질도 좋고 최고에요!!!
다음에는 많이 사서 쟁여야겠어요~",21.05.14.,5,0,0,선택1: 성인칫솔 / 선택2: 광폭칫솔 / 선택3: 04-2)올슬림모(부드러운)
1409,"한달사용기재구매사용편하구 좋음 
잘쓰겠습니다",21.05.08.,5,재구매,한달사용기,선택1: 성인칫솔 / 선택2: 고급형칫솔 / 선택3: 02-1)이중모(탄력적인)
1410,사용해보고 좋아서 주문했어요,21.06.10.,5,0,0,선택1: 어린이칫솔 / 선택2: 너구리칫솔 / 선택3: 09-2)너구리이중(7세-11세)
1411,아직 안써봤지만 좋길 기대합니다,21.06.09.,4,0,0,선택1: 교정및어금니 / 선택2: 어금니칫솔 / 선택3: 06-3)슬림형(부드러운)
1412,빠르게 배송해주셔서 감사합니다,21.05.20.,5,0,0,선택1: 성인칫솔 / 선택2: 광폭칫솔 / 선택3: 04-1)이중(탄력적인)
1413,디자인도 깔끔하고 칫솔모로 딱좋은 강도로 만족합니다,21.05.17.,5,0,0,선택1: 성인칫솔 / 선택2: 고급형칫솔 / 선택3: 02-1)이중모(탄력적인)
1414,한달사용기다른거는 못 쓰겟어요~,21.06.12.,5,0,한달사용기,선택1: 성인칫솔 / 선택2: 광폭칫솔 / 선택3: 04-2)올슬림모(부드러운)
1415,한달사용기사용감도 좋고 부드럽고 좋습니다.,21.06.09.,5,0,한달사용기,선택1: 교정및어금니 / 선택2: 어금니칫솔 / 선택3: 06-2)돔형(단단한)
1416,부드럽고 좋네요 ㅎㅎㅎ,21.06.14.,5,0,0,선택1: 교정및어금니 / 선택2: 어금니칫솔 / 선택3: 06-1)일반형(단단한)
1417,여기에서 항상 구매하고 있어요 교정칫솔 일반형 쓰다가 이번엔 고급형 한번 주문해봤네요,21.06.01.,5,0,0,선택1: 교정및어금니 / 선택2: 교정칫솔 / 선택3: 05-3)고급슬림형(부드러운)
1418,"항상 사용하는 제품
사은품착오
10개이상 혀크린 1개라 20개면 2개 올거라 생각했는데 아니네요",21.05.13.,5,0,0,선택1: 성인칫솔 / 선택2: 고급형칫솔 / 선택3: 02-2)올슬림모(부드러운)
1419,한달사용기칫솔은 자주 바꿔주는게 좋다고해서 저렴한걸로 여러개 구매했어요. 가격 대비 넘 좋아요. 두번째 구매입니다. 10개 사서 다 쓰고 또 10개 구매했어요!! 한달에 한번씩 바꾸는데 칫솔모도 부드럽고 좋아용 다 쓰면 또 구매할게요!,21.04.26.,5,0,한달사용기,선택1: 성인칫솔 / 선택2: 일반형칫솔 / 선택3: 01-2)이중모(탄력적인)
1420,"좋아요
사용하기편햐요ㅎㅎ",21.06.10.,4,0,0,선택1: 교정및어금니 / 선택2: 어금니칫솔 / 선택3: 06-2)돔형(단단한)
1421,계속해서 잘 사용중이예요,21.05.18.,4,0,0,선택1: 성인칫솔 / 선택2: 일반형칫솔 / 선택3: 01-1)일반모(단단모)
1422,귀여워요~ 아이가 좋아하네요^^,21.05.16.,5,0,0,선택1: 어린이칫솔 / 선택2: 기린칫솔 / 선택3: 08-2)기린이중(7세-11세)
1423,좋아요 ~~~~~~~,21.06.17.,3,0,0,선택1: 어린이칫솔 / 선택2: 너구리칫솔 / 선택3: 09-1)너구리올(24개월-6세)
1424,좋아요 ~~~~~~~,21.06.17.,3,0,0,선택1: 성인칫솔 / 선택2: 일반형칫솔 / 선택3: 01-1)일반모(단단모)
1425,여기서만 구매하네요 가격도 괜찮고 전에 구매한거다 쓰고 재구매입니다,21.05.25.,5,0,0,선택1: 교정및어금니 / 선택2: 교정칫솔 / 선택3: 05-2)슬림형(부드러운)
1426,아직써보진안았지만좋을꺼같아여,21.06.04.,5,0,0,선택1: 성인칫솔 / 선택2: 2-3줄모 / 선택3: 03-1)두줄모(단단한)
1427,만족스럽게 잘 쓰고있습니다,21.05.16.,5,0,0,선택1: 성인칫솔 / 선택2: 일반형칫솔 / 선택3: 01-2)이중모(탄력적인)
1428,가볍게 쓰기 너무 좋아요 가성비 굿굿,21.05.11.,5,0,0,선택1: 교정및어금니 / 선택2: 어금니칫솔 / 선택3: 06-2)돔형(단단한)
1429,좋아요 부드럽ㆍ그 잘닦예요,21.05.14.,5,0,0,선택1: 성인칫솔 / 선택2: 광폭칫솔 / 선택3: 04-1)이중(탄력적인)
1430,늘쓰던 제품 좋아요!!!,21.06.09.,4,0,0,선택1: 어린이칫솔 / 선택2: 기린칫솔 / 선택3: 08-2)기린이중(7세-11세)
1431,원래 쓰던 제품 좋아서 재구매요^^,21.05.16.,5,0,0,선택1: 어린이칫솔 / 선택2: 너구리칫솔 / 선택3: 09-2)너구리이중(7세-11세)
1432,"사이품도 엄청 많이 챙겨주시고
항상 주문하는 곳이에용",21.05.11.,5,0,0,선택1: 성인칫솔 / 선택2: 일반형칫솔 / 선택3: 01-3)올슬림모(부드러운)
1433,전부터 사용하던거에요 저렴하고 사용하기에 좋은거같아요,21.05.07.,5,0,0,선택1: 교정및어금니 / 선택2: 교정칫솔 / 선택3: 05-1)일반형(단단한)
1434,늘 구매해서 사용하고 있어요,21.06.05.,5,0,0,선택1: 어린이칫솔 / 선택2: 기린칫솔 / 선택3: 08-2)기린이중(7세-11세)
1435,한달사용기재구매치솔 잘사용하구 있어요,21.05.03.,5,재구매,한달사용기,선택1: 어린이칫솔 / 선택2: 기린칫솔 / 선택3: 08-2)기린이중(7세-11세)
1436,좋아서 재구매해서 사용하고 있어요,21.06.03.,4,0,0,선택1: 성인칫솔 / 선택2: 일반형칫솔 / 선택3: 01-2)이중모(탄력적인)
1437,재구매쓰던거라 좋네요 매번구매함다,21.05.09.,4,재구매,0,선택1: 성인칫솔 / 선택2: 일반형칫솔 / 선택3: 01-1)일반모(단단모)
1438,괜찮은거 같아요!!!!,21.06.09.,4,0,0,선택1: 성인칫솔 / 선택2: 고급형칫솔 / 선택3: 02-2)올슬림모(부드러운)
1439,역쉬 인터넷 구매가 갑입니다,21.06.04.,5,0,0,선택1: 교정및어금니 / 선택2: 어금니칫솔 / 선택3: 06-3)슬림형(부드러운)
1440,부드럽게 잘 닦여서 좋아요,21.06.04.,5,0,0,선택1: 성인칫솔 / 선택2: 일반형칫솔 / 선택3: 01-3)올슬림모(부드러운)
1441,저한테 맞는 칫솔 찾느라 이것저것 주문해봤는데요 아직 사용은 안해봤찌만 좋으면 재구매할때 사용후기 남길께요,21.05.18.,3,0,0,선택1: 성인칫솔 / 선택2: 고급형칫솔 / 선택3: 02-2)올슬림모(부드러운)
1442,빠른 배솟.가성비 좋은 치솔,21.05.30.,5,0,0,선택1: 성인칫솔 / 선택2: 일반형칫솔 / 선택3: 01-2)이중모(탄력적인)
1443,좋아요 3번째 재구매 합니다,21.05.30.,5,0,0,선택1: 성인칫솔 / 선택2: 고급형칫솔 / 선택3: 02-1)이중모(탄력적인)
1444,칫솔이 아주 부드럽고 좋아용,21.06.03.,5,0,0,선택1: 교정및어금니 / 선택2: 교정칫솔 / 선택3: 05-3)고급슬림형(부드러운)
1445,항상 쓰는제품 여기가 가격이 싼거 같아서 구매했어요. 제품은 좋아요.,21.05.24.,5,0,0,선택1: 교정및어금니 / 선택2: 어금니칫솔 / 선택3: 06-2)돔형(단단한)
1446,항상 쓰는제품 여기가 가격이 싼거 같아서 구매했어요. 제품은 좋아요.,21.05.24.,5,0,0,선택1: 교정및어금니 / 선택2: 교정칫솔 / 선택3: 05-3)고급슬림형(부드러운)
1447,항상 쓰는제품 여기가 가격이 싼거 같아서 구매했어요. 제품은 좋아요.,21.05.24.,5,0,0,선택1: 성인칫솔 / 선택2: 광폭칫솔 / 선택3: 04-1)이중(탄력적인)
1448,늘 구매해서 사용해요.,21.06.05.,5,0,0,선택1: 성인칫솔 / 선택2: 고급형칫솔 / 선택3: 02-2)올슬림모(부드러운)
1449,치과에서 권하는 교정용칫솔보다 훨씬 저렴하고 품질도 좋아서 계속 사용중입니다.,21.05.04.,5,0,0,선택1: 교정및어금니 / 선택2: 어금니칫솔 / 선택3: 06-1)일반형(단단한)
1450,식구들용으로 여러개구매했는데 저렴한가격에 만족합니다~,21.05.07.,5,0,0,선택1: 교정및어금니 / 선택2: 어금니칫솔 / 선택3: 06-2)돔형(단단한)
1451,개인적으론 돔형보다 뾰족형이 낫네용,21.05.11.,5,0,0,선택1: 교정및어금니 / 선택2: 어금니칫솔 / 선택3: 06-1)일반형(단단한)
1452,"아이꺼 계속 쓰다가 어른꺼도 구매했어요
잘 닦입니다",21.05.04.,5,0,0,선택1: 성인칫솔 / 선택2: 일반형칫솔 / 선택3: 01-2)이중모(탄력적인)
1453,아이들 칫솔 좋아요,21.06.03.,4,0,0,선택1: 어린이칫솔 / 선택2: 기린칫솔 / 선택3: 08-2)기린이중(7세-11세)
1454,한달사용기단단하고 좋아요 감사합니다,21.06.01.,5,0,한달사용기,선택1: 성인칫솔 / 선택2: 일반형칫솔 / 선택3: 01-2)이중모(탄력적인)
1455,여러개 구매했는데 저렴하게 배송빠르고 만족합니다,21.05.07.,5,0,0,선택1: 성인칫솔 / 선택2: 일반형칫솔 / 선택3: 01-2)이중모(탄력적인)
1456,좋은 제품...빠른배송 ...제품 잘 받앗습니다….오늘도 ... 수고하세요^^,21.05.26.,5,0,0,선택1: 성인칫솔 / 선택2: 일반형칫솔 / 선택3: 01-1)일반모(단단모)
1457,부드럽고.만족합니다,21.06.03.,5,0,0,선택1: 성인칫솔 / 선택2: 고급형칫솔 / 선택3: 02-1)이중모(탄력적인)
1458,저렴하고 좋아요. 너무 좋아서 다시 구매 해요.,21.05.05.,5,0,0,선택1: 성인칫솔 / 선택2: 일반형칫솔 / 선택3: 01-2)이중모(탄력적인)
1459,저렴하고 좋아요. 너무 좋아서 다시 구매 해요.,21.05.05.,5,0,0,선택1: 어린이칫솔 / 선택2: 기린칫솔 / 선택3: 08-2)기린이중(7세-11세)
1460,잘 쓰고있습니다~~,21.05.15.,5,0,0,선택1: 성인칫솔 / 선택2: 일반형칫솔 / 선택3: 01-3)올슬림모(부드러운)
1461,정말좋아요~~~~~,21.06.07.,5,0,0,선택1: 성인칫솔 / 선택2: 일반형칫솔 / 선택3: 01-1)일반모(단단모)
1462,싸고 좋은것 같아요,21.06.01.,5,0,0,선택1: 성인칫솔 / 선택2: 일반형칫솔 / 선택3: 01-1)일반모(단단모)
1463,좋아요 또 시킬게요,21.05.14.,5,0,0,선택1: 성인칫솔 / 선택2: 고급형칫솔 / 선택3: 02-1)이중모(탄력적인)
1464,쓰다 떨어져서 재주문향ㅅ,21.06.02.,5,0,0,선택1: 성인칫솔 / 선택2: 고급형칫솔 / 선택3: 02-2)올슬림모(부드러운)
1465,배송 빠르고 늘사용,21.05.11.,5,0,0,선택1: 어린이칫솔 / 선택2: 너구리칫솔 / 선택3: 09-2)너구리이중(7세-11세)
1466,배송 빠르고 늘사용,21.05.11.,5,0,0,선택1: 성인칫솔 / 선택2: 광폭칫솔 / 선택3: 04-1)이중(탄력적인)
1467,배송 빠르고 늘사용,21.05.11.,5,0,0,선택1: 성인칫솔 / 선택2: 고급형칫솔 / 선택3: 02-1)이중모(탄력적인)
1468,배송 빠르고 늘사용,21.05.11.,5,0,0,선택1: 성인칫솔 / 선택2: 일반형칫솔 / 선택3: 01-2)이중모(탄력적인)
1469,아직 사용전이긴 한데,21.05.31.,5,0,0,선택1: 성인칫솔 / 선택2: 고급형칫솔 / 선택3: 02-1)이중모(탄력적인)
1470,배송도 빠르고 저럼하게 잘구매했어요~,21.05.07.,5,0,0,선택1: 성인칫솔 / 선택2: 광폭칫솔 / 선택3: 04-1)이중(탄력적인)
1471,한달사용기어금니 쪽에 따로 칫솔로 하니까 더 깨끗하게 닦이는거 같아서 앞으로도 계속 사용하려구요,21.04.29.,4,0,한달사용기,선택1: 교정및어금니 / 선택2: 어금니칫솔 / 선택3: 06-2)돔형(단단한)
1472,재구매만족합니다만족니다합,21.05.09.,5,재구매,0,선택1: 교정및어금니 / 선택2: 어금니칫솔 / 선택3: 06-1)일반형(단단한)
1473,재구매만족합니다만족합니다,21.05.09.,5,재구매,0,선택1: 성인칫솔 / 선택2: 고급형칫솔 / 선택3: 02-2)올슬림모(부드러운)
1474,재구매저번에도 구매했었는데 만족해서 또 사네요~,21.05.25.,5,재구매,0,선택1: 교정및어금니 / 선택2: 어금니칫솔 / 선택3: 06-3)슬림형(부드러운)
1475,늘 만족하며 쓰는 제품입니다^^,21.05.08.,5,0,0,선택1: 성인칫솔 / 선택2: 광폭칫솔 / 선택3: 04-1)이중(탄력적인)
1476,늘 만족하며 쓰는 제품입니다^^,21.05.08.,5,0,0,선택1: 성인칫솔 / 선택2: 광폭칫솔 / 선택3: 04-2)올슬림모(부드러운)
1477,늘 만족하며 쓰는 제품입니다^^,21.05.08.,5,0,0,선택1: 성인칫솔 / 선택2: 고급형칫솔 / 선택3: 02-4)미소숯올(부드러운)
1478,늘 만족하며 쓰는 제품입니다^^,21.05.08.,5,0,0,선택1: 성인칫솔 / 선택2: 일반형칫솔 / 선택3: 01-3)올슬림모(부드러운)
1479,늘 만족하며 쓰는 제품입니다^^,21.05.08.,5,0,0,선택1: 성인칫솔 / 선택2: 일반형칫솔 / 선택3: 01-2)이중모(탄력적인)
1480,늘 만족하며 쓰는 제품입니다^^,21.05.08.,5,0,0,선택1: 성인칫솔 / 선택2: 일반형칫솔 / 선택3: 01-1)일반모(단단모)
1481,재구매저번에 써보고 좋아서 또 구매했어요,21.05.05.,5,재구매,0,선택1: 성인칫솔 / 선택2: 고급형칫솔 / 선택3: 02-1)이중모(탄력적인)
1482,항상 쓰던거 다써서 재구매합니다,21.05.25.,5,0,0,선택1: 어린이칫솔 / 선택2: 유아칫솔 / 선택3: 07-1)유아(15개월-36개월)
1483,"조아요~~ 부드럽고 잘닦이구~♡
재구매각입니다^^",21.04.28.,5,0,0,선택1: 성인칫솔 / 선택2: 일반형칫솔 / 선택3: 01-2)이중모(탄력적인)
1484,칫솔은 항상 여기서만 구입해요. 좋아요,21.05.19.,5,0,0,선택1: 어린이칫솔 / 선택2: 유아칫솔 / 선택3: 07-1)유아(15개월-36개월)
1485,"아주 잘 닦입니다
재구매할께요",21.05.04.,5,0,0,선택1: 성인칫솔 / 선택2: 일반형칫솔 / 선택3: 01-3)올슬림모(부드러운)
1486,잘 사용하겠습니다 감사합니다,21.05.23.,5,0,0,선택1: 성인칫솔 / 선택2: 고급형칫솔 / 선택3: 02-1)이중모(탄력적인)
1487,"늘 애용하고있어요
가격도싸고 품질도 좋아요",21.05.02.,5,0,0,선택1: 어린이칫솔 / 선택2: 기린칫솔 / 선택3: 08-1)기린올(24개월-6세)
1488,칫솔모가 부드러운데도 양치도 깔끔하게  잘되서 좋아욥,21.04.29.,5,0,0,선택1: 성인칫솔 / 선택2: 일반형칫솔 / 선택3: 01-2)이중모(탄력적인)
1489,한달사용기어금니 쪽 칫솔로 하니까 더 깨끗하게 닦이네요,21.04.29.,4,0,한달사용기,선택1: 교정및어금니 / 선택2: 어금니칫솔 / 선택3: 06-1)일반형(단단한)
1490,항상 잘 쓰고 있어요!,21.05.26.,5,0,0,선택1: 성인칫솔 / 선택2: 일반형칫솔 / 선택3: 01-1)일반모(단단모)
1491,"항상 사용하는 칫솔이에요
개운하고 좋아요",21.04.30.,5,0,0,선택1: 성인칫솔 / 선택2: 일반형칫솔 / 선택3: 01-1)일반모(단단모)
1492,항상 잘 쓰고 있어요 좋아요!,21.05.26.,5,0,0,선택1: 교정및어금니 / 선택2: 교정칫솔 / 선택3: 05-1)일반형(단단한)
1493,한달사용기칫솔을 자주 바꾸는 편인데 가성비 괜찮아요,21.04.29.,3,0,한달사용기,선택1: 성인칫솔 / 선택2: 일반형칫솔 / 선택3: 01-2)이중모(탄력적인)
1494,칫솔모가 좋은 거 같아요,21.05.23.,5,0,0,선택1: 성인칫솔 / 선택2: 고급형칫솔 / 선택3: 02-1)이중모(탄력적인)
1495,잘 안닦이는 어금니에 최적화된 칫솔입니다.,21.04.29.,5,0,0,선택1: 교정및어금니 / 선택2: 어금니칫솔 / 선택3: 06-1)일반형(단단한)
1496,모가 너무 딱딱하지도 너무 부드럽지않고 딱 적당해요.,21.04.29.,5,0,0,선택1: 성인칫솔 / 선택2: 일반형칫솔 / 선택3: 01-2)이중모(탄력적인)
1497,"한달사용기칫솔이 거기서 거기^^ 
그래도 그중 가겍대비 관찮은 듯.. 
살람들이 많이 쓰는 건 이유가 있징~~",21.05.09.,4,0,한달사용기,선택1: 성인칫솔 / 선택2: 일반형칫솔 / 선택3: 01-2)이중모(탄력적인)
1498,부드럽고 사용하기 편해요,21.05.02.,5,0,0,선택1: 교정및어금니 / 선택2: 어금니칫솔 / 선택3: 06-3)슬림형(부드러운)
1499,처음 구매했는데 괜찮으면 다 사용하고 재구매할때 자세히 쓰겠습니다 많이파세요,21.05.13.,3,0,0,선택1: 성인칫솔 / 선택2: 초미세모 / 선택3: 0)초미세모(매우부드러운)
1500,한달사용기처음사보는거라 어떨지 사봤는데 생각보다 너무 좋아요!! 앞으로도 계속 사용할거 같네요~^,21.04.19.,5,0,한달사용기,선택1: 교정및어금니 / 선택2: 교정칫솔 / 선택3: 05-2)슬림형(부드러운)
1501,여러가지 주문했는데 박스에 적혀있지 않아서 뭐가뭔지 잘 모르겠어요 이점은 변경되면좋겠네요,21.05.07.,4,0,0,선택1: 성인칫솔 / 선택2: 고급형칫솔 / 선택3: 02-2)올슬림모(부드러운)
1502,항상 시키던 거에요 좋아요~,21.05.17.,5,0,0,선택1: 성인칫솔 / 선택2: 일반형칫솔 / 선택3: 01-2)이중모(탄력적인)
1503,"단골이예요
싸고좋아요",21.05.02.,5,0,0,선택1: 어린이칫솔 / 선택2: 기린칫솔 / 선택3: 08-2)기린이중(7세-11세)
1504,일반형보다 그립감이 더 좋습니다.,21.04.29.,5,0,0,선택1: 성인칫솔 / 선택2: 고급형칫솔 / 선택3: 02-1)이중모(탄력적인)
1505,재구매치과용 칫솔 알고 난 이후로는 이것만써요 좋아요,21.04.27.,3,재구매,0,선택1: 성인칫솔 / 선택2: 일반형칫솔 / 선택3: 01-1)일반모(단단모)
1506,아직 사용은 안해봤구요 많이파세요,21.05.18.,3,0,0,선택1: 교정및어금니 / 선택2: 어금니칫솔 / 선택3: 06-3)슬림형(부드러운)
1507,좋아요~번창하세요 ^^,21.04.28.,5,0,0,선택1: 성인칫솔 / 선택2: 고급형칫솔 / 선택3: 02-1)이중모(탄력적인)
1508,"한달사용기싼값은 좋은데 잘부러져요ㅜ
그래도 가성비 좋아요",21.04.22.,4,0,한달사용기,선택1: 교정및어금니 / 선택2: 교정칫솔 / 선택3: 05-3)고급슬림형(부드러운)
1509,재 구매 입니다 좋아서 부모님 사드렸는데 좋아 하시네요  사은품도 주시고 잘 쓰겠습니다,21.04.14.,5,0,0,선택1: 성인칫솔 / 선택2: 고급형칫솔 / 선택3: 02-2)올슬림모(부드러운)
1510,매번쓰고 있어오ㅡ 좋아요,21.05.02.,5,0,0,선택1: 교정및어금니 / 선택2: 어금니칫솔 / 선택3: 06-2)돔형(단단한)
1511,괜춘 괜춘 괜춘 괜춘,21.05.23.,5,0,0,선택1: 성인칫솔 / 선택2: 일반형칫솔 / 선택3: 01-1)일반모(단단모)
1512,언제나 만족하게 되는 좋은 제품 감사합니다,21.04.25.,5,0,0,선택1: 성인칫솔 / 선택2: 2-3줄모 / 선택3: 03-2)비타민올(세줄모)
1513,언제나 만족하게 되는 좋은 제품 감사합니다,21.04.25.,5,0,0,선택1: 성인칫솔 / 선택2: 고급형칫솔 / 선택3: 02-4)미소숯올(부드러운)
1514,저렴하고 편해요~~,21.05.02.,5,0,0,선택1: 교정및어금니 / 선택2: 교정칫솔 / 선택3: 05-2)슬림형(부드러운)
1515,좋아요.교정 칫솔 금방 헤지는데 부담도 없고 괜찮아서 다시 주문했어요.,21.05.07.,4,0,0,선택1: 성인칫솔 / 선택2: 2-3줄모 / 선택3: 03-2)비타민올(세줄모)
1516,"한달사용기온가족 칫솔은 이제 여기에 정착했습니다.
다른건 못쓰겠어요",21.05.07.,5,0,한달사용기,선택1: 성인칫솔 / 선택2: 광폭칫솔 / 선택3: 04-1)이중(탄력적인)
1517,"비싼 교정칫솔 못지 않아요.
가성비 좋고 매번 주문하고 있습니다.",21.05.07.,4,0,0,선택1: 교정및어금니 / 선택2: 어금니칫솔 / 선택3: 06-1)일반형(단단한)
1518,한달사용기잘못주문했어요 ㅠㅠ 아파서 못쓰고있어융,21.05.11.,3,0,한달사용기,선택1: 성인칫솔 / 선택2: 일반형칫솔 / 선택3: 01-1)일반형(단단모)
1519,재구매교정중인데 항상 여기꺼만 써요!!,21.05.17.,5,재구매,0,선택1: 교정및어금니 / 선택2: 어금니칫솔 / 선택3: 06-2)돔형(단단한)
1520,만족만족만족해요 추천합니다,21.06.09.,5,0,0,선택1: 성인칫솔 / 선택2: 광폭칫솔 / 선택3: 04-1)이중(탄력적인)
1521,언제나 주문하는 만족스러운 제품입니다.,21.04.25.,5,0,0,선택1: 어린이칫솔 / 선택2: 기린칫솔 / 선택3: 08-2)기린이중(7세-11세)
1522,한달사용기잘 사용 중입니다~~^^,21.05.02.,4,0,한달사용기,선택1: 교정및어금니 / 선택2: 교정칫솔 / 선택3: 05-2)슬림형(부드러운)
1523,"빠른배송과 포장상태 굿!!!!!!
네임칫솔 조카에게 보내줬는데 좋아하네요.
네임 제작 과정도 있으니
배송이 늦게 될줄 알았는데
일요일 주문하고 화요일에 받았으니 엄청
빠른거 아닌가요?~^^
유아 칫솔은 처음 주문해서 사용감은 모르겠고
성인칫솔  몇년째 주문해서 쓰는 겁니다.
재주문 여러 번  했습니다.",21.03.16.,5,0,0,선택1: 성인칫솔 / 선택2: 일반형칫솔 / 선택3: 01-2)이중모(탄력적인)
1524,잘 쓸께여~~ :),21.05.04.,5,0,0,선택1: 교정및어금니 / 선택2: 교정칫솔 / 선택3: 05-1)일반형(단단한)
1525,한달사용기다른 교정 칫솔보다 칫솔모가 빠지지 않아 좋습니다.,21.04.22.,5,0,한달사용기,선택1: 교정및어금니 / 선택2: 교정칫솔 / 선택3: 05-1)일반형(단단한)
1526,재 구매입니다 칫솔이 작아서 잘 닦이네요 좋은제품 감사합니다,21.04.14.,5,0,0,선택1: 성인칫솔 / 선택2: 고급형칫솔 / 선택3: 02-1)이중모(탄력적인)
1527,재구매항상 애용하고 있어영,21.05.17.,5,재구매,0,선택1: 교정및어금니 / 선택2: 교정칫솔 / 선택3: 05-1)일반형(단단한)
1528,"늘사용하는 칫솔입니다
잘 사용할게요",21.05.15.,5,0,0,선택1: 성인칫솔 / 선택2: 일반형칫솔 / 선택3: 01-1)일반모(단단모)
1529,적당히넓은데 의외로 편하게잘닦어요,21.05.13.,5,0,0,선택1: 성인칫솔 / 선택2: 광폭칫솔 / 선택3: 04-1)이중(탄력적인)
1530,한달사용기싸게 잘샀어요~~^^&,21.05.02.,4,0,한달사용기,선택1: 성인칫솔 / 선택2: 광폭칫솔 / 선택3: 04-2)올슬림모(부드러운)
1531,한달사용기재구매좋아요 좋아요~^^,21.06.09.,4,재구매,한달사용기,선택1: 성인칫솔 / 선택2: 일반형칫솔 / 선택3: 01-2)이중모(탄력적인)
1532,한달사용기재구매좋아요 좋아요~^^,21.06.09.,4,재구매,한달사용기,선택1: 성인칫솔 / 선택2: 고급형칫솔 / 선택3: 02-2)올슬림모(부드러운)
1533,한달사용기재구매좋아요 좋아요~^^,21.06.09.,4,재구매,한달사용기,선택1: 어린이칫솔 / 선택2: 유아칫솔 / 선택3: 07-1)유아(15개월-36개월)
1534,한달사용기보통 입니다~~ ^^*,21.05.02.,4,0,한달사용기,선택1: 교정및어금니 / 선택2: 어금니칫솔 / 선택3: 06-1)일반형(단단한)
1535,한달사용기쓸만해요. 괜찮습니다.,21.04.22.,5,0,한달사용기,선택1: 교정및어금니 / 선택2: 교정칫솔 / 선택3: 05-2)슬림형(부드러운)
1536,"재구매집에 칫솔은 어른이나 아이나 여기꺼만써요
특히 칫솔모가 진짜 좋아요",21.05.03.,5,재구매,0,선택1: 어린이칫솔 / 선택2: 기린칫솔 / 선택3: 08-2)기린이중(7세-11세)
1537,"한달사용기몇년째 요기 칫솔만 쓰고 있어요.
마트표 칫솔은 안뇽~~~~",21.05.07.,5,0,한달사용기,선택1: 성인칫솔 / 선택2: 광폭칫솔 / 선택3: 04-2)올슬림모(부드러운)
1538,"잘받았습니다 
칫솔이 부드러워요",21.05.14.,5,0,0,선택1: 교정및어금니 / 선택2: 교정칫솔 / 선택3: 05-3)고급슬림형(부드러운)
1539,늘 구매해서쓰는거라 믿고사요 잘닦여요,21.04.17.,5,0,0,선택1: 어린이칫솔 / 선택2: 기린칫솔 / 선택3: 08-2)기린이중(7세-11세)
1540,"빠른배송~~
두번째 주문입니다^^ 상품 좋아요",21.05.07.,4,0,0,선택1: 교정및어금니 / 선택2: 교정칫솔 / 선택3: 05-1)일반형(단단한)
1541,잘받았습니다 감사합니다,21.05.14.,5,0,0,선택1: 성인칫솔 / 선택2: 초미세모 / 선택3: 0)초미세모(매우부드러운)
1542,잘받았습니다 감사합니다,21.05.14.,5,0,0,선택1: 성인칫솔 / 선택2: 일반형칫솔 / 선택3: 01-3)올슬림모(부드러운)
1543,작아서 사이사이잘닦여요,21.05.13.,5,0,0,선택1: 성인칫솔 / 선택2: 고급형칫솔 / 선택3: 02-1)이중모(탄력적인)
1544,칫솔모가  빨리 뒤집어지네요,21.05.13.,3,0,0,선택1: 어린이칫솔 / 선택2: 기린칫솔 / 선택3: 08-1)기린올(24개월-6세)
1545,한달사용기종류가 많아 고민했는데 친절하게 상담해주셔서 감사했습니다..,21.05.07.,5,0,한달사용기,선택1: 성인칫솔 / 선택2: 일반형칫솔 / 선택3: 01-2)이중모(탄력적인)
1546,1년째 잘 쓰고 있는데 다른 칫솔모보다 오래가진 못해요. 20일 정도면 끝이 뭉툭해져요,21.04.10.,4,0,0,선택1: 교정및어금니 / 선택2: 어금니칫솔 / 선택3: 06-1)일반형(단단한)
1547,광폭 올 가격은 좀 있지만 좋아요!!,21.04.22.,5,0,0,선택1: 성인칫솔 / 선택2: 광폭칫솔 / 선택3: 04-2)올슬림모(부드러운)
1548,한달사용기항상 사용하는겁니당 감사합니다,21.05.11.,4,0,한달사용기,선택1: 성인칫솔 / 선택2: 일반형칫솔 / 선택3: 01-3)올슬림모(부드러운)
1549,가성비갑울트라갑최고,21.05.16.,5,0,0,선택1: 성인칫솔 / 선택2: 고급형칫솔 / 선택3: 02-1)이중모(탄력적인)
1550,배송도 빠른편이고 무엇보다 칫솔이 좋아서 만족해요..재구매 계속 할꺼에요,21.04.09.,5,0,0,선택1: 성인칫솔 / 선택2: 초미세모 / 선택3: 0)초미세모(매우부드러운)
1551,"한달사용기확실히 사람들이 많이 쓰는 건 이유가 있군요^^
모가 튼튼하고 탄력있어 치솔질하기 좋고 이 사이에 잘들어가 찌꺼기 제거에 효과적이네요...",21.04.24.,4,0,한달사용기,선택1: 성인칫솔 / 선택2: 일반형칫솔 / 선택3: 01-1)일반모(단단모)
1552,항상 잘 쓰고 있습니다,21.05.13.,5,0,0,선택1: 교정및어금니 / 선택2: 교정칫솔 / 선택3: 05-2)슬림형(부드러운)
1553,"한달사용기재구매성인칫솔은 부드러운건 너무안닦여서
미세모보다 일반모가 더 나은거 같아요",21.05.04.,5,재구매,한달사용기,선택1: 성인칫솔 / 선택2: 일반형칫솔 / 선택3: 01-2)이중모(탄력적인)
1554,엄마 잇몸이 안 좋으셔서 사 드렸는데 좋아 하시네요  잘 쓰겠습니다,21.04.14.,5,0,0,선택1: 성인칫솔 / 선택2: 초미세모 / 선택3: 0)초미세모(매우부드러운)
1555,적당히 부드럽고 적당히 뻣뻣하고? 좋아요,21.05.11.,5,0,0,선택1: 성인칫솔 / 선택2: 초미세모 / 선택3: 0)초미세모(매우부드러운)
1556,재구매가격대비 진짜 너무 좋아요,21.05.11.,5,재구매,0,선택1: 성인칫솔 / 선택2: 고급형칫솔 / 선택3: 02-2)올슬림모(부드러운)
1557,좋아요 부드럽네ㅣ요,21.05.14.,5,0,0,선택1: 성인칫솔 / 선택2: 일반형칫솔 / 선택3: 01-2)이중모(탄력적인)
1558,교정해서 어금니 칫솔은 필수인데 만족합니다.,21.05.07.,4,0,0,선택1: 교정및어금니 / 선택2: 교정칫솔 / 선택3: 05-2)슬림형(부드러운)
1559,상품 좋아요. 빠른배송,21.05.07.,4,0,0,선택1: 교정및어금니 / 선택2: 어금니칫솔 / 선택3: 06-1)일반형(단단한)
1560,상품 좋아요. 빠른배송,21.05.07.,4,0,0,선택1: 교정및어금니 / 선택2: 교정칫솔 / 선택3: 05-2)슬림형(부드러운)
1561,치과치솔이라그런가 칫솔모가 튼튼하네요,21.04.17.,5,0,0,선택1: 성인칫솔 / 선택2: 광폭칫솔 / 선택3: 04-1)이중(탄력적인)
1562,한달사용기온가족이 몇년째 요기 칫솔만 쓰고 있습니다^^,21.05.07.,5,0,한달사용기,선택1: 성인칫솔 / 선택2: 일반형칫솔 / 선택3: 01-2)이중모(탄력적인)
1563,"치료때문에 다니던 대학병원안 
덴탈샵에서만 구입하다가 저번에 
처음으로 여기서 주문했었는데
만족스러워서 또 주문했네요~~
앞으로 여기서만 구매할 생각입니다!",21.03.31.,5,0,0,선택1: 교정및어금니 / 선택2: 어금니칫솔 / 선택3: 06-2)돔형(단단한)
1564,재구매매번 사용하는 칫솔이에요 깨끗하게 잘닦여요,21.05.06.,5,재구매,0,선택1: 성인칫솔 / 선택2: 일반형칫솔 / 선택3: 01-3)올슬림모(부드러운)
1565,재구매진짜 가격대비 좋아요,21.05.11.,5,재구매,0,선택1: 어린이칫솔 / 선택2: 기린칫솔 / 선택3: 08-2)기린이중(7세-11세)
1566,재구매매번쓰는상품 너무 좋아요!!!,21.05.11.,5,재구매,0,선택1: 어린이칫솔 / 선택2: 기린칫솔 / 선택3: 08-1)기린올(24개월-6세)
1567,"잘닦여요
많이 사니 혀클리너 주셨는데
이것도 혀가 잘닦여좋네요",21.04.12.,5,0,0,선택1: 성인칫솔 / 선택2: 일반형칫솔 / 선택3: 01-1)일반모(단단모)
1568,재구매너무 만족해 하면서 항상 사용하는 치솔입니다~,21.05.06.,5,재구매,0,선택1: 성인칫솔 / 선택2: 일반형칫솔 / 선택3: 01-2)이중모(탄력적인)
1569,한달사용기시중에서 파는 칫솔은 이제 못 쓰겠어요^^,21.05.07.,5,0,한달사용기,선택1: 성인칫솔 / 선택2: 일반형칫솔 / 선택3: 01-3)올슬림모(부드러운)
1570,깔끔하고 좋아요~ 다른건 못쓰게써요,21.04.14.,5,0,0,선택1: 성인칫솔 / 선택2: 고급형칫솔 / 선택3: 02-1)이중모(탄력적인)
1571,"한달사용기재구매어린이들에게 제일좋은거 같아요
가격도나쁘지않고 아이들도 잘써요",21.05.04.,5,재구매,한달사용기,선택1: 어린이칫솔 / 선택2: 기린칫솔 / 선택3: 08-2)기린이중(7세-11세)
1572,재구매매번쓰는상품 너무 좋아요!!!!!!,21.05.11.,5,재구매,0,선택1: 성인칫솔 / 선택2: 광폭칫솔 / 선택3: 04-1)이중(탄력적인)
1573,한달사용기두번째 구매입니다..부드럽고 좋습니다.,21.05.07.,5,0,한달사용기,선택1: 성인칫솔 / 선택2: 일반형칫솔 / 선택3: 01-3)올슬림모(부드러운)
1574,재구매신랑이 다른건 못쓰겠다네요~,21.05.08.,5,재구매,0,선택1: 성인칫솔 / 선택2: 일반형칫솔 / 선택3: 01-2)이중모(탄력적인)
1575,재구매신랑이 다른건 못쓰겠다네요~,21.05.08.,5,재구매,0,선택1: 성인칫솔 / 선택2: 고급형칫솔 / 선택3: 02-1)이중모(탄력적인)
1576,재구매신랑이 다른건 못쓰겠다네요~,21.05.08.,5,재구매,0,선택1: 어린이칫솔 / 선택2: 너구리칫솔 / 선택3: 09-2)너구리이중(7세-11세)
1577,부드럽고 잇몸에 무리가지않아 너무 좋아요^^,21.04.15.,5,0,0,선택1: 성인칫솔 / 선택2: 고급형칫솔 / 선택3: 02-2)올슬림모(부드러운)
1578,부드럽고 잇몸에 무리가지 않아 너무 좋네요^^,21.04.15.,5,0,0,선택1: 성인칫솔 / 선택2: 일반형칫솔 / 선택3: 01-2)이중모(탄력적인)
1579,재구매만족합니다 ~~~~~~,21.04.25.,5,재구매,0,선택1: 성인칫솔 / 선택2: 일반형칫솔 / 선택3: 01-1)일반모(단단모)
1580,"저번에는 모두 올슬림모로 구매했었고, 이번에는 이중모도 한번 구매해봤습니다. 이중모가 살짝은 더 까끌한데 그만큼 플라크 제거에는 더 좋을 것 같습니다.",21.03.29.,5,0,0,선택1: 성인칫솔 / 선택2: 일반형칫솔 / 선택3: 01-2)이중모(탄력적인)
1581,칫솔 아직안써봤는데 만져보니 좋을거같아요,21.05.03.,5,0,0,선택1: 성인칫솔 / 선택2: 일반형칫솔 / 선택3: 01-2)이중모(탄력적인)
1582,항상 여기것만 써용 ㅎㅎ 너무 좋은상품 감사드려용,21.04.10.,5,0,0,선택1: 성인칫솔 / 선택2: 고급형칫솔 / 선택3: 02-4)미소숯올(부드러운)
1583,"성인 칫솔이라고하기엔 작은 느낌이고, 양치는 깨끗하게 잘되는것 같아요",21.04.09.,5,0,0,선택1: 성인칫솔 / 선택2: 고급형칫솔 / 선택3: 02-1)이중모(탄력적인)
1584,재구매저번에 구매해서 써봤눈데 좋아서 재구매했어요 떨어지면 또 구매하겠습니다. 슬림모가 딱이에요,21.04.02.,5,재구매,0,선택1: 교정및어금니 / 선택2: 교정칫솔 / 선택3: 05-2)슬림형(부드러운)
1585,교정해서 잘안닦이는부분 닦아보고 잘닦이면 재구매할게요,21.04.12.,5,0,0,선택1: 교정및어금니 / 선택2: 교정칫솔 / 선택3: 05-1)일반형(단단한)
1586,재구매항상 좋은제품 감사합니다,21.04.16.,5,재구매,0,선택1: 교정및어금니 / 선택2: 교정칫솔 / 선택3: 05-3)고급슬림형(부드러운)
1587,재구매항삼 좋은 제품 감사합니다,21.04.16.,5,재구매,0,선택1: 성인칫솔 / 선택2: 일반형칫솔 / 선택3: 01-3)올슬림모(부드러운)
1588,좋아요ㅎㅎ재구매의사있어요,21.04.15.,5,0,0,선택1: 교정및어금니 / 선택2: 교정칫솔 / 선택3: 05-2)슬림형(부드러운)
1589,"재구매고양이 양치질할때 쓰고, 제 잇몸이 음식찌꺼기 끼기 좋은 형태라서 씁니다. 항상 잘쓰고잇습니다.",21.04.22.,5,재구매,0,선택1: 교정및어금니 / 선택2: 어금니칫솔 / 선택3: 06-1)일반형(단단한)
1590,"잘쓸께용~^^
마니파세용",21.04.16.,5,0,0,선택1: 어린이칫솔 / 선택2: 기린칫솔 / 선택3: 08-2)기린이중(7세-11세)
1591,좋아요 굿굿 매번 사용하는것 앞으로도 쭉 쓸꺼이요,21.04.07.,5,0,0,선택1: 성인칫솔 / 선택2: 고급형칫솔 / 선택3: 02-1)이중모(탄력적인)
1592,"아이칫솔 이게 가장 닦이는거 같아요
돌고돌아 정착",21.04.12.,5,0,0,선택1: 어린이칫솔 / 선택2: 기린칫솔 / 선택3: 08-1)기린올(24개월-6세)
1593,"재구매3번째 구매
너무 저렴하게 잘 구입해서 쓰고있어요",21.03.29.,5,재구매,0,선택1: 어린이칫솔 / 선택2: 기린칫솔 / 선택3: 08-2)기린이중(7세-11세)
1594,재구매전에 구입해서 사용해봤는데 교정기 안한 치아에는 좀 불편하신 한데 조카들이 교정기를 해서 또 구입했어요.사은품 치실 잘쓸게요,21.03.29.,4,재구매,0,선택1: 교정및어금니 / 선택2: 어금니칫솔 / 선택3: 06-3)슬림형(부드러운)
1595,"교정시작하고 여러개 사보았어요 어금니칫솔도 좋네요
교정칫솔은 고급형이 손잡이가 덜 미끄러워 닦을때 편해요 어금니칫솔 치경 주변에 하나씩 선물할까봐요",21.03.27.,5,0,0,선택1: 교정및어금니 / 선택2: 교정칫솔 / 선택3: 05-3)고급슬림형(부드러운)
1596,"여러개사서
주신 혀클리너도 좋고
칫솔도 퀄리티 좋아요",21.04.12.,5,0,0,선택1: 성인칫솔 / 선택2: 고급형칫솔 / 선택3: 02-1)이중모(탄력적인)
1597,아이 교정치에 쓰려고샀는데 좋다네요!,21.05.03.,5,0,0,선택1: 교정및어금니 / 선택2: 교정칫솔 / 선택3: 05-2)슬림형(부드러운)
1598,재구매약국에서 사는 치약보다 더 싸고 좋아요,21.05.03.,5,재구매,0,선택1: 성인칫솔 / 선택2: 일반형칫솔 / 선택3: 01-1)일반모(단단모)
1599,재구매항상 잘 사용하고있습니다,21.04.15.,5,재구매,0,선택1: 성인칫솔 / 선택2: 고급형칫솔 / 선택3: 02-1)이중모(탄력적인)
1600,"잘쓸께용~^^
조아요조아요",21.04.16.,5,0,0,선택1: 성인칫솔 / 선택2: 일반형칫솔 / 선택3: 01-2)이중모(탄력적인)
1601,한달사용기재구매처음써봤는데 잘되는거 같아요,21.05.04.,5,재구매,한달사용기,선택1: 교정및어금니 / 선택2: 어금니칫솔 / 선택3: 06-1)일반형(단단한)
1602,싸고 품질도 좋고 배송도 빨라요~재구매예요~^^,21.04.29.,5,0,0,선택1: 어린이칫솔 / 선택2: 기린칫솔 / 선택3: 08-2)기린이중(7세-11세)
1603,아직 미사용입니다 이것저것 사용해보고 정착하려구요,21.04.09.,5,0,0,선택1: 성인칫솔 / 선택2: 고급형칫솔 / 선택3: 02-4)미소숯올(부드러운)
1604,아직 미사용입니다 이것저것 사용해보고 정착하려구요,21.04.09.,5,0,0,선택1: 성인칫솔 / 선택2: 광폭칫솔 / 선택3: 04-1)이중(탄력적인)
1605,배송도빠르고 튼튼하니 좋으네요,21.05.03.,5,0,0,선택1: 성인칫솔 / 선택2: 고급형칫솔 / 선택3: 02-1)이중모(탄력적인)
1606,항상 쓰는제품 좋아요,21.04.15.,5,0,0,선택1: 교정및어금니 / 선택2: 교정칫솔 / 선택3: 05-2)슬림형(부드러운)
1607,"이건 처음 써보는데
전 활용하기어렵네요",21.04.12.,5,0,0,선택1: 성인칫솔 / 선택2: 2-3줄모 / 선택3: 03-1)두줄모(단단한)
1608,한달사용기사진을 더 예쁘게 찍어보세요,21.05.04.,3,0,한달사용기,선택1: 성인칫솔 / 선택2: 광폭칫솔 / 선택3: 04-1)이중(탄력적인)
1609,출산 후 쓰려고 주문 부드럽길,21.04.13.,4,0,0,선택1: 성인칫솔 / 선택2: 초미세모 / 선택3: 0)초미세모(매우부드러운)
1610,포장도 잘 되어있고 칫솔 부드럽고 좋아서 만족해요,21.04.09.,5,0,0,선택1: 성인칫솔 / 선택2: 2-3줄모 / 선택3: 03-1)두줄모(단단한)
1611,"아직 사용전인데,, 궁금해요~
잘 사용하겠습니다.",21.04.26.,4,0,0,선택1: 성인칫솔 / 선택2: 2-3줄모 / 선택3: 03-2)비타민올(세줄모)
1612,"재구매너무 잘쓰고있어요
추천합니다",21.03.29.,5,재구매,0,선택1: 성인칫솔 / 선택2: 고급형칫솔 / 선택3: 02-1)이중모(탄력적인)
1613,"칫솔이 잘 닦여서
여기서만 사요",21.04.12.,5,0,0,선택1: 성인칫솔 / 선택2: 일반형칫솔 / 선택3: 01-2)이중모(탄력적인)
1614,한달사용기아 리뷰쓸게 왜이리많아 귀찬ㅁ게,21.05.04.,3,0,한달사용기,선택1: 성인칫솔 / 선택2: 광폭칫솔 / 선택3: 04-2)올슬림모(부드러운)
1615,"재구매재구매 입니다~
좋아요^^",21.04.15.,5,재구매,0,선택1: 교정및어금니 / 선택2: 어금니칫솔 / 선택3: 06-1)일반형(단단한)
1616,"재구매재구매 입니다~
좋아요^^",21.04.15.,5,재구매,0,선택1: 교정및어금니 / 선택2: 어금니칫솔 / 선택3: 06-3)슬림형(부드러운)
1617,"다른거 쓰다가 다시 사봤어요
아들 좋아하면 이걸로 정착해야 겠어요",21.04.05.,5,0,0,선택1: 어린이칫솔 / 선택2: 기린칫솔 / 선택3: 08-1)기린올(24개월-6세)
1618,"저희부부는 이 칫솔로 정착했습니다
부드러우면서 잘닦이고 좋아요",21.04.05.,5,0,0,선택1: 성인칫솔 / 선택2: 일반형칫솔 / 선택3: 01-3)올슬림모(부드러운)
1619,재구매칫솔 잘 사용하고 있어요,21.03.29.,5,재구매,0,선택1: 성인칫솔 / 선택2: 고급형칫솔 / 선택3: 02-2)올슬림모(부드러운)
1620,재구매교정중인데 잘 쓰고있어요,21.04.11.,5,재구매,0,선택1: 교정및어금니 / 선택2: 어금니칫솔 / 선택3: 06-3)슬림형(부드러운)
1621,어금니 가운데쪽 잘 닦여요,21.04.12.,5,0,0,선택1: 교정및어금니 / 선택2: 어금니칫솔 / 선택3: 06-1)일반형(단단한)
1622,사용감도 좋고 모양도 오래 유지되어요,21.04.10.,5,0,0,선택1: 성인칫솔 / 선택2: 일반형칫솔 / 선택3: 01-2)이중모(탄력적인)
1623,재구매치아가 잘 닦이고 튼튼해서 좋아요,21.04.08.,5,재구매,0,선택1: 교정및어금니 / 선택2: 교정칫솔 / 선택3: 05-1)일반형(단단한)
1624,부드럽고 좋아용 짱짱,21.05.01.,5,0,0,선택1: 성인칫솔 / 선택2: 일반형칫솔 / 선택3: 01-2)이중모(탄력적인)
1625,두줄모 세줄모 편해요,21.05.02.,5,0,0,선택1: 성인칫솔 / 선택2: 2-3줄모 / 선택3: 03-2)비타민올(세줄모)
1626,두줄모 세줄모 편해요,21.05.02.,5,0,0,선택1: 성인칫솔 / 선택2: 2-3줄모 / 선택3: 03-1)두줄모(단단한)
1627,항상쓰던칫솔 좋아요굿,21.04.09.,5,0,0,선택1: 성인칫솔 / 선택2: 고급형칫솔 / 선택3: 02-2)올슬림모(부드러운)
1628,재구매빠른배송 감사합니다,21.04.30.,5,재구매,0,선택1: 성인칫솔 / 선택2: 일반형칫솔 / 선택3: 01-2)이중모(탄력적인)
1629,잘닦이고 좋아요 사용하던거예요,21.04.07.,5,0,0,선택1: 성인칫솔 / 선택2: 2-3줄모 / 선택3: 03-2)비타민올(세줄모)
1630,여기칫솔 아니면 이 못닦겠어요,21.04.07.,5,0,0,선택1: 성인칫솔 / 선택2: 고급형칫솔 / 선택3: 02-2)올슬림모(부드러운)
1631,늘쓰던칫솔 좋아요굿,21.04.09.,5,0,0,선택1: 성인칫솔 / 선택2: 고급형칫솔 / 선택3: 02-1)이중모(탄력적인)
1632,한달사용기그냥쓰는거지 좋아지겟ㅇㅅ지,21.05.04.,3,0,한달사용기,선택1: 교정및어금니 / 선택2: 어금니칫솔 / 선택3: 06-1)일반형(단단한)
1633,한달사용기칫솔 폭이 넓고 뚜껑이 있어서 좋아요. 칫솔모 길이가 좀더 길었으면 좋겠습니다.,21.03.27.,5,0,한달사용기,선택1: 성인칫솔 / 선택2: 광폭칫솔 / 선택3: 04-1)이중(탄력적인)
1634,재구매여러번 써보니까 너무교정 칫솔로 딱입니다,21.04.05.,5,재구매,0,선택1: 교정및어금니 / 선택2: 교정칫솔 / 선택3: 05-3)고급슬림형(부드러운)
1635,"한달사용기만족하면서 잘 사용하고 있습니다.  
다음 구매도 이 제품될 듯 싶네요.",21.03.27.,5,0,한달사용기,선택1: 성인칫솔 / 선택2: 일반형칫솔 / 선택3: 01-2)이중모(탄력적인)
1636,재구매항상 애용하고 있어요~~^^,21.04.10.,5,재구매,0,선택1: 성인칫솔 / 선택2: 고급형칫솔 / 선택3: 02-2)올슬림모(부드러운)
1637,재구매빠른배송 만족합니다,21.04.08.,5,재구매,0,선택1: 성인칫솔 / 선택2: 일반형칫솔 / 선택3: 01-2)이중모(탄력적인)
1638,재구매빠른배송 만족합니다,21.04.08.,5,재구매,0,선택1: 성인칫솔 / 선택2: 일반형칫솔 / 선택3: 01-3)올슬림모(부드러운)
1639,재구매빠른배송 만족합니다,21.04.08.,5,재구매,0,선택1: 어린이칫솔 / 선택2: 유아칫솔 / 선택3: 07-1)유아(15개월-36개월)
1640,재구매빠른배송 만족합니다,21.04.08.,5,재구매,0,선택1: 교정및어금니 / 선택2: 교정칫솔 / 선택3: 05-2)슬림형(부드러운)
1641,"늘 사용하고 있어요~
좋아요!!^^",21.04.26.,4,0,0,선택1: 성인칫솔 / 선택2: 고급형칫솔 / 선택3: 02-2)올슬림모(부드러운)
1642,어금니 잘닦여요~~~~~,21.04.12.,5,0,0,선택1: 교정및어금니 / 선택2: 어금니칫솔 / 선택3: 06-3)슬림형(부드러운)
1643,"의사선생님이 부드러운 칫솔로 
붉어진 잇몸 염증에 마사지 해보라고해서 
주문했는데 부드럽고 좋아요!! 
잇몸 붉어진 것도 많이 좋아졌구요 
배송도 넘 빨라써요!!",21.04.08.,5,0,0,선택1: 성인칫솔 / 선택2: 일반형칫솔 / 선택3: 01-3)올슬림모(부드러운)
1644,한달사용기다 좋은데 너무 작아서 조금 불편해요. 그래도 가격대비 만족합니다.,21.04.15.,3,0,한달사용기,선택1: 성인칫솔 / 선택2: 고급형칫솔 / 선택3: 02-1)이중모(탄력적인)
1645,가격대비 만족합니다,21.04.07.,4,0,0,선택1: 교정및어금니 / 선택2: 교정칫솔 / 선택3: 05-3)고급슬림형(부드러운)
1646,한달사용기매번 잘 사용하고 있습니다. 칫솔 뚜껑이 있어서 좋습니다.,21.03.27.,5,0,한달사용기,선택1: 교정및어금니 / 선택2: 교정칫솔 / 선택3: 05-1)일반형(단단한)
1647,배송 빠르고 이전에 쓰던 칫솔과 같은 것이어서 좋아요,21.04.20.,5,0,0,선택1: 교정및어금니 / 선택2: 교정칫솔 / 선택3: 05-2)슬림형(부드러운)
1648,잘받았습니다. 반창하세요,21.04.26.,5,0,0,선택1: 성인칫솔 / 선택2: 고급형칫솔 / 선택3: 02-1)이중모(탄력적인)
1649,저렴하고 미세모라 깨끗이 닦여요,21.04.03.,5,0,0,선택1: 성인칫솔 / 선택2: 광폭칫솔 / 선택3: 04-1)이중(탄력적인)
1650,가성비 만족합니다!,21.04.07.,4,0,0,선택1: 교정및어금니 / 선택2: 교정칫솔 / 선택3: 05-1)일반형(단단한)
1651,항상 씁니다! 칫솔은 여기에서만 사요,21.04.18.,5,0,0,선택1: 교정및어금니 / 선택2: 어금니칫솔 / 선택3: 06-1)일반형(단단한)
1652,손에 그립감이 넘 좋아요  가격대비 만족 잘 닦이고 편해요,21.04.15.,4,0,0,선택1: 성인칫솔 / 선택2: 일반형칫솔 / 선택3: 01-2)이중모(탄력적인)
1653,매번쓰던거고 좋아요. 배송 빨랐어요!,21.03.30.,5,0,0,선택1: 성인칫솔 / 선택2: 고급형칫솔 / 선택3: 02-1)이중모(탄력적인)
1654,재구매칫솔이 작아서 구석구석 잘 닦여요,21.04.03.,5,재구매,0,선택1: 성인칫솔 / 선택2: 초미세모 / 선택3: 0)초미세모(매우부드러운)
1655,부드럽고 시중에서 파는 칫솔들보다 확실히 만족도가 큽니다.,21.03.29.,5,0,0,선택1: 성인칫솔 / 선택2: 일반형칫솔 / 선택3: 01-3)올슬림모(부드러운)
1656,한달사용기재구매우리집 칫솔!!!  잘사용하고있어요,21.03.29.,5,재구매,한달사용기,선택1: 어린이칫솔 / 선택2: 너구리칫솔 / 선택3: 09-1)너구리올(24개월-6세)
1657,한달사용기너무  억샙니다.        비추천,21.04.25.,1,0,한달사용기,선택1: 어린이칫솔 / 선택2: 기린칫솔 / 선택3: 08-2)기린이중(7세-11세)
1658,배송이 빠르고 깔끔하게 포장되어 오네여,21.04.21.,5,0,0,선택1: 교정및어금니 / 선택2: 교정칫솔 / 선택3: 05-1)일반형(단단한)
1659,한달사용기사용하는데 편합니다.,21.04.04.,5,0,한달사용기,선택1: 교정및어금니 / 선택2: 교정칫솔 / 선택3: 05-1)일반형(단단한)
1660,"배송도빠르고 치과에서사는것보다 저렴하고
잘쓸거같아용",21.03.27.,5,0,0,선택1: 교정및어금니 / 선택2: 교정칫솔 / 선택3: 05-1)일반형(단단한)
1661,한달사용기쓰기좋아요 편리해요,21.04.26.,5,0,한달사용기,선택1: 성인칫솔 / 선택2: 초미세모 / 선택3: 0)초미세모(매우부드러운)
1662,한달사용기쓰기좋아요 편리해요,21.04.26.,5,0,한달사용기,선택1: 성인칫솔 / 선택2: 고급형칫솔 / 선택3: 02-1)이중모(탄력적인)
1663,잘 쓰고 있어요 좋아요,21.04.05.,5,0,0,선택1: 교정및어금니 / 선택2: 어금니칫솔 / 선택3: 06-1)일반형(단단한)
1664,재구매여기 칫솔만 써요 최고,21.04.03.,5,재구매,0,선택1: 성인칫솔 / 선택2: 고급형칫솔 / 선택3: 02-3)미소금올(부드러운)
1665,한달사용기재구매교정하는데 잘 닦이고 좋아요~,21.04.22.,5,재구매,한달사용기,선택1: 교정및어금니 / 선택2: 어금니칫솔 / 선택3: 06-1)일반형(단단한)
1666,한달사용기좋아요좋아요좋아요좋아요,21.05.16.,5,0,한달사용기,선택1: 성인칫솔 / 선택2: 2-3줄모 / 선택3: 03-2)비타민올(세줄모)
1667,추천받아서 샀어요!!! 써봐야알거같아여,21.03.25.,4,0,0,선택1: 성인칫솔 / 선택2: 고급형칫솔 / 선택3: 02-1)이중모(탄력적인)
1668,이거 좋네요 다음에도  또 쓸랍니다,21.03.25.,5,0,0,선택1: 성인칫솔 / 선택2: 고급형칫솔 / 선택3: 02-1)이중모(탄력적인)
1669,재구매늘구매해요 잘쓰고있어요,21.04.18.,5,재구매,0,선택1: 성인칫솔 / 선택2: 일반형칫솔 / 선택3: 01-1)일반모(단단모)
1670,배송이 빨라서 좋았어요!,21.04.02.,5,0,0,선택1: 성인칫솔 / 선택2: 일반형칫솔 / 선택3: 01-1)일반모(단단모)
1671,재구매매번 잘 쓰고 있어요~,21.04.23.,5,재구매,0,선택1: 성인칫솔 / 선택2: 광폭칫솔 / 선택3: 04-1)이중(탄력적인)
1672,"칫솔이 어떤지는 아직 안써봐서 모르겠어요.
써볼수가 없었죠. 아이들 새학기 시작할때 기숙사랑 어린이집에 보내려고 산거였는데 배송이 안오는 바람에 3월1일날 부랴부랴 로켓새벽배송으로 칫솔 왕창사서 (낱개로 안파니까) 보냈으니까요. 
제가 배송 언제오냐고 이틀연속 톡톡문의 했는데 끝까지 답도 없고.. 
답을 주셔야 저도 대비를 하는데 진짜 당황스럽더라구요.
그리고 교정기케이스 레드색상을 샀는데 누가봐도 핑크색인게 왔어요.
또 모래시계도 내려가다가 안내려가다가 해서 애가 그냥 장난감으로 써요.
양치컵 두개중 하나는 은색찍힌자국이 있구요. 
칫솔이 얼마나 맘에들진 모르겠으나 기본적인부분이 별로네요",21.03.05.,2,0,0,선택1: 성인칫솔 / 선택2: 고급형칫솔 / 선택3: 02-4)미소숯올(부드러운)
1673,"칫솔이 어떤지는 아직 안써봐서 모르겠어요.
써볼수가 없었죠. 아이들 새학기 시작할때 기숙사랑 어린이집에 보내려고 산거였는데 배송이 안오는 바람에 3월1일날 부랴부랴 로켓새벽배송으로 칫솔 왕창사서 (낱개로 안파니까) 보냈으니까요. 
제가 배송 언제오냐고 이틀연속 톡톡문의 했는데 끝까지 답도 없고.. 
답을 주셔야 저도 대비를 하는데 진짜 당황스럽더라구요.
그리고 교정기케이스 레드색상을 샀는데 누가봐도 핑크색인게 왔어요.
또 모래시계도 내려가다가 안내려가다가 해서 애가 그냥 장난감으로 써요.
양치컵 두개중 하나는 은색찍힌자국이 있구요. 
칫솔이 얼마나 맘에들진 모르겠으나 기본적인부분이 별로네요",21.03.05.,2,0,0,선택1: 성인칫솔 / 선택2: 고급형칫솔 / 선택3: 02-1)이중모(탄력적인)
1674,재구매가격 저렴하고 좋아서 계속 주문하고 있어요,21.04.17.,5,재구매,0,선택1: 성인칫솔 / 선택2: 고급형칫솔 / 선택3: 02-2)올슬림모(부드러운)
1675,미세모 칫솔 좋아요. 치간칫솔은 작은거 종류별로 사봤는데 저랑은 안 맞네요. ㅠㅠ,21.03.20.,4,0,0,선택1: 교정및어금니 / 선택2: 어금니칫솔 / 선택3: 06-3)슬림형(부드러운)
1676,재구매제가 써보고 괜찮은것같아 친정에 써보시라  구입하게되었습니다~,21.03.26.,5,재구매,0,선택1: 성인칫솔 / 선택2: 광폭칫솔 / 선택3: 04-1)이중(탄력적인)
1677,이거 괜찮네요 다음에도 또 싸야겠어요,21.03.25.,5,0,0,선택1: 어린이칫솔 / 선택2: 기린칫솔 / 선택3: 08-2)기린이중(7세-11세)
1678,좋습니다 좋습니다 좋습니다,21.05.14.,5,0,0,선택1: 성인칫솔 / 선택2: 고급형칫솔 / 선택3: 02-1)이중모(탄력적인)
1679,좋습니다 좋습니다 좋습니다,21.05.14.,5,0,0,선택1: 성인칫솔 / 선택2: 일반형칫솔 / 선택3: 01-2)이중모(탄력적인)
1680,좋습니다 좋습니다 좋습니다,21.05.14.,5,0,0,선택1: 성인칫솔 / 선택2: 광폭칫솔 / 선택3: 04-1)이중(탄력적인)
1681,한달사용기부담없이 좋은 칫솔이라 계속 얘만 써요,21.04.17.,5,0,한달사용기,선택1: 성인칫솔 / 선택2: 고급형칫솔 / 선택3: 02-1)이중모(탄력적인)
1682,한달사용기재구매식구들 모두 이 칫솔을 애용합니다. 잘 쓰고 있습니다.,21.04.10.,5,재구매,한달사용기,선택1: 성인칫솔 / 선택2: 일반형칫솔 / 선택3: 01-2)이중모(탄력적인)
1683,한달사용기쟁여놓고 계속 쓰고 있는 제품입니다,21.04.17.,5,0,한달사용기,선택1: 성인칫솔 / 선택2: 고급형칫솔 / 선택3: 02-2)올슬림모(부드러운)
1684,사용감이 좋아서 재구매했어요,21.04.18.,5,0,0,선택1: 교정및어금니 / 선택2: 교정칫솔 / 선택3: 05-3)고급슬림형(부드러운)
1685,배송빠르고 사은품 좋고 품질 좋습니다.,21.04.17.,5,0,0,선택1: 성인칫솔 / 선택2: 일반형칫솔 / 선택3: 01-2)이중모(탄력적인)
1686,진짜 싸고 좋아요옹~~,21.04.01.,5,0,0,선택1: 교정및어금니 / 선택2: 교정칫솔 / 선택3: 05-2)슬림형(부드러운)
1687,너무  싸고 좋아용,21.03.31.,5,0,0,선택1: 교정및어금니 / 선택2: 교정칫솔 / 선택3: 05-1)일반형(단단한)
1688,너무  싸고 좋아용,21.03.31.,5,0,0,선택1: 교정및어금니 / 선택2: 교정칫솔 / 선택3: 05-2)슬림형(부드러운)
1689,재구매늘 사용하는데 만족합니다~^^,21.04.20.,5,재구매,0,선택1: 성인칫솔 / 선택2: 일반형칫솔 / 선택3: 01-2)이중모(탄력적인)
1690,실수로 1개만 구입해 버렸네요....,21.03.30.,5,0,0,선택1: 성인칫솔 / 선택2: 고급형칫솔 / 선택3: 02-3)미소금올(부드러운)
1691,재구매보기보다 쓰기 괜찮아요 다음에도 또 구매할거 같아요,21.03.19.,5,재구매,0,선택1: 성인칫솔 / 선택2: 일반형칫솔 / 선택3: 01-2)이중모(탄력적인)
1692,한달사용기만족합니다. 재구매할께요.,21.04.13.,5,0,한달사용기,선택1: 교정및어금니 / 선택2: 교정칫솔 / 선택3: 05-1)일반형(단단한)
1693,잘쓰고 있어요 마음에 아주아주 쏙 들어요 최고,21.03.26.,5,0,0,선택1: 성인칫솔 / 선택2: 고급형칫솔 / 선택3: 02-2)올슬림모(부드러운)
1694,재구매좋아요 좋아요 좋아요,21.05.11.,5,재구매,0,선택1: 성인칫솔 / 선택2: 일반형칫솔 / 선택3: 01-2)이중모(탄력적인)
1695,재구매항상쓰는거에요. 잘쓸게요.,21.04.12.,5,재구매,0,선택1: 어린이칫솔 / 선택2: 기린칫솔 / 선택3: 08-2)기린이중(7세-11세)
1696,재구매항상쓰는거에요. 잘쓸게요.,21.04.12.,5,재구매,0,선택1: 어린이칫솔 / 선택2: 너구리칫솔 / 선택3: 09-2)너구리이중(7세-11세)
1697,재구매항상쓰는거에요. 잘쓸게요.,21.04.12.,5,재구매,0,선택1: 성인칫솔 / 선택2: 일반형칫솔 / 선택3: 01-2)이중모(탄력적인)
1698,아직 사용전이지만 칫솔캡에 치실까지 같이 와서 좋아요,21.03.20.,5,0,0,선택1: 어린이칫솔 / 선택2: 기린칫솔 / 선택3: 08-1)기린올(24개월-6세)
1699,재구매재구매했습니다 좋아요,21.03.26.,5,재구매,0,선택1: 교정및어금니 / 선택2: 어금니칫솔 / 선택3: 06-2)돔형(단단한)
1700,재구매재구매했습니다 좋아요,21.03.26.,5,재구매,0,선택1: 성인칫솔 / 선택2: 일반형칫솔 / 선택3: 01-3)올슬림모(부드러운)
1701,재구매재구매했습니다 좋아요,21.03.26.,5,재구매,0,선택1: 성인칫솔 / 선택2: 초미세모 / 선택3: 0)초미세모(매우부드러운)
1702,"한달사용기제가 교정기 때문에 잘 안닦이는거 같았는데
완전 좋습니다",21.04.09.,5,0,한달사용기,선택1: 성인칫솔 / 선택2: 초미세모 / 선택3: 0)초미세모
1703,택배상자에 개별 포장되어 안전하게 배송받았습니당~,21.03.20.,5,0,0,선택1: 교정및어금니 / 선택2: 어금니칫솔 / 선택3: 06-1)일반형(단단한)
1704,"좋아요 너무 부드럽고 
배송도 엄청 빨라써요!!",21.04.08.,5,0,0,선택1: 성인칫솔 / 선택2: 초미세모 / 선택3: 0)초미세모(매우부드러운)
1705,"어른용은 첫주문이에요~~
완젼기대되요
어린이 기린칫솔 정말 대만족입니다.
계속 사용할거같아요",21.03.30.,5,0,0,선택1: 성인칫솔 / 선택2: 고급형칫솔 / 선택3: 02-3)미소금올(부드러운)
1706,다른 칫솔보다  매번  이칫솔만  애용해요..넘 좋아요.,21.04.07.,5,0,0,선택1: 성인칫솔 / 선택2: 고급형칫솔 / 선택3: 02-2)올슬림모(부드러운)
1707,교정용인 것 만으로도 만족해요~,21.04.13.,4,0,0,선택1: 교정및어금니 / 선택2: 교정칫솔 / 선택3: 05-2)슬림형(부드러운)
1708,깔끔한 낱개 포장이 마음에 듭니다.,21.03.23.,5,0,0,선택1: 교정및어금니 / 선택2: 교정칫솔 / 선택3: 05-2)슬림형(부드러운)
1709,깔끔한 낱개 포장이 마음에 듭니다.,21.03.23.,5,0,0,선택1: 교정및어금니 / 선택2: 교정칫솔 / 선택3: 05-1)일반형(단단한)
1710,"항상 여기서 삽니다
가격도 싸고 약국에서 파는 비싼 교정칫솔이랑 별 차이 없는듯",21.04.05.,5,0,0,선택1: 교정및어금니 / 선택2: 교정칫솔 / 선택3: 05-2)슬림형(부드러운)
1711,배송 빠르고 가성비 좋네요~,21.04.13.,4,0,0,선택1: 교정및어금니 / 선택2: 교정칫솔 / 선택3: 05-1)일반형(단단한)
1712,배송 빠르고 가성비 좋네요~,21.04.13.,4,0,0,선택1: 교정및어금니 / 선택2: 어금니칫솔 / 선택3: 06-1)일반형(단단한)
1713,한달사용기항상 사용하는 칫솔인데 좋아요~^^,21.04.13.,5,0,한달사용기,선택1: 성인칫솔 / 선택2: 일반형칫솔 / 선택3: 01-1)일반모(단단모)
1714,재구매좋아요 좋아요~^^,21.05.07.,4,재구매,0,선택1: 성인칫솔 / 선택2: 일반형칫솔 / 선택3: 01-2)이중모(탄력적인)
1715,재구매좋아요 좋아요~^^,21.05.07.,4,재구매,0,선택1: 성인칫솔 / 선택2: 고급형칫솔 / 선택3: 02-2)올슬림모(부드러운)
1716,재구매좋아요 좋아요~^^,21.05.07.,4,재구매,0,선택1: 어린이칫솔 / 선택2: 유아칫솔 / 선택3: 07-1)유아(15개월-36개월)
1717,"재구매빠른배송감사드려요  
잇몸약해서 고생했는데 부드러워요",21.04.03.,5,재구매,0,선택1: 성인칫솔 / 선택2: 고급형칫솔 / 선택3: 02-2)올슬림모(부드러운)
1718,교정 중이라 교정칫솔과 어금니에 사용하는 칫솔을 샀어요 부드러운모로 선택해서 부담도 없고 그래도 흐느적하지않고 탄력있어서 정말좋습니당,21.03.23.,5,0,0,선택1: 교정및어금니 / 선택2: 어금니칫솔 / 선택3: 06-3)슬림형(부드러운)
1719,부드럽고 좋아요~~,21.04.15.,5,0,0,선택1: 교정및어금니 / 선택2: 교정칫솔 / 선택3: 05-1)일반형(단단한)
1720,그립감도 좋고 앙증맞아요. 칫솔 바꿔볼까해서 테스트용으로 구매했어요,21.03.10.,5,0,0,선택1: 성인칫솔 / 선택2: 광폭칫솔 / 선택3: 04-2)올슬림모(부드러운)
1721,재구매좋아요 좋아서 재구매했어요~,21.04.13.,5,재구매,0,선택1: 성인칫솔 / 선택2: 고급형칫솔 / 선택3: 02-3)미소금올(부드러운)
1722,재구매늘 쓰고 있는 제품이라 믿고 씁니다.,21.04.10.,5,재구매,0,선택1: 성인칫솔 / 선택2: 일반형칫솔 / 선택3: 01-2)이중모(탄력적인)
1723,재구매최고에요 칫솔이 작아서 구석구석 잘 닦여요,21.04.03.,5,재구매,0,선택1: 성인칫솔 / 선택2: 고급형칫솔 / 선택3: 02-4)미소숯올(부드러운)
1724,"한달사용기너무 좋아요
교정인들 필수템이에요",21.04.09.,5,0,한달사용기,선택1: 교정및어금니 / 선택2: 어금니칫솔 / 선택3: 06-2)돔형(단단한)
1725,뚜껑이 다 있어 좋구요 칫솔모가 괜찮은것 같애요,21.03.13.,4,0,0,선택1: 성인칫솔 / 선택2: 고급형칫솔 / 선택3: 02-2)올슬림모(부드러운)
1726,"밖이라.. 사진이 막 왔을때 찍은 사진ㄴ뿐.ㅠㅠ
품질좋고 부드럽네요! 안쪽까지 잘 닦일 것 같아요 :)
감사합니다",21.03.09.,5,0,0,선택1: 성인칫솔 / 선택2: 일반형칫솔 / 선택3: 01-2)이중모(탄력적인)
1727,재구매너무너무 잘쓰겠습니다,21.03.29.,5,재구매,0,선택1: 성인칫솔 / 선택2: 일반형칫솔 / 선택3: 01-2)이중모(탄력적인)
1728,항상 사용하는거라  좋아요. 잇몸 저자극이라 만족합니다,21.03.10.,5,0,0,선택1: 성인칫솔 / 선택2: 고급형칫솔 / 선택3: 02-2)올슬림모(부드러운)
1729,계속 사용하고있는 제품입니다.,21.04.09.,5,0,0,선택1: 어린이칫솔 / 선택2: 기린칫솔 / 선택3: 08-2)기린이중(7세-11세)
1730,계속 사용하고 있는 제품입니다.,21.04.09.,5,0,0,선택1: 어린이칫솔 / 선택2: 너구리칫솔 / 선택3: 09-1)너구리올(24개월-6세)
1731,좋아요~~~~~~~~~~~,21.04.20.,5,0,0,선택1: 성인칫솔 / 선택2: 일반형칫솔 / 선택3: 01-2)이중모(탄력적인)
1732,재구매좋아요 감사합니다ㅎ,21.03.22.,5,재구매,0,선택1: 성인칫솔 / 선택2: 고급형칫솔 / 선택3: 02-1)이중모(탄력적인)
1733,재구매좋아요 감사합니다ㅎ,21.03.22.,5,재구매,0,선택1: 교정및어금니 / 선택2: 어금니칫솔 / 선택3: 06-3)슬림형(부드러운)
1734,재구매좋아요 감사합니다ㅎ,21.03.22.,5,재구매,0,선택1: 성인칫솔 / 선택2: 일반형칫솔 / 선택3: 01-2)이중모(탄력적인)
1735,재구매좋아요 감사합니다ㅎ,21.03.22.,5,재구매,0,선택1: 성인칫솔 / 선택2: 일반형칫솔 / 선택3: 01-1)일반모(단단모)
1736,재구매종류가 많고 품질이 좋아요,21.03.19.,5,재구매,0,선택1: 성인칫솔 / 선택2: 일반형칫솔 / 선택3: 01-2)이중모(탄력적인)
1737,한달사용기고급형 좋아요! 디자인도 예쁩니당,21.04.03.,5,0,한달사용기,선택1: 성인칫솔 / 선택2: 광폭칫솔 / 선택3: 04-2)올슬림모(부드러운)
1738,한달사용기고급형 좋아요! 디자인도 예쁩니당,21.04.03.,5,0,한달사용기,선택1: 성인칫솔 / 선택2: 고급형칫솔 / 선택3: 02-1)이중모(탄력적인)
1739,부드러운 어금니 칫솔은 임플란트를 하신 어머니가 유용하게 사용중이십니다.,21.03.11.,5,0,0,선택1: 교정및어금니 / 선택2: 어금니칫솔 / 선택3: 06-2)돔형(단단한)
1740,한달사용기교정 후 관리가 필수라 사용하고 있어요. 부드러우면서도 적당히 탄력이 느껴져서 자극이 적고 이물질도 잘 빠져서 좋아요ㅎㅎ 재구매 갑니다~~><!,21.03.02.,5,0,한달사용기,종류: 03 성인올슬림모-고급형(민감성)
1741,칫솔이 그립감은 떨어지지만 전에 사용했던 칫솔보다 이빨이 깔끔하게 닦혀서 좋아요.,21.03.11.,5,0,0,선택1: 성인칫솔 / 선택2: 초미세모 / 선택3: 0)초미세모(매우부드러운)
1742,맨날여기서 사는거같아요 진짜좋아요,21.03.12.,5,0,0,선택1: 교정및어금니 / 선택2: 어금니칫솔 / 선택3: 06-3)슬림형(부드러운)
1743,재구매재구매 합니다.. 좋아요,21.03.21.,5,재구매,0,선택1: 교정및어금니 / 선택2: 어금니칫솔 / 선택3: 06-2)돔형(단단한)
1744,좋아요 배송 빠르구오,21.03.15.,5,0,0,선택1: 교정및어금니 / 선택2: 교정칫솔 / 선택3: 05-1)일반형(단단한)
1745,재구매늘 쓰는 제품입니다~  마니 샀더니 든든하고 좋아요ㅎㅎ,21.03.10.,5,재구매,0,선택1: 성인칫솔 / 선택2: 고급형칫솔 / 선택3: 02-2)올슬림모(부드러운)
1746,좋어녀뇨노너녀요오어여요오어,21.03.17.,5,0,0,선택1: 교정및어금니 / 선택2: 교정칫솔 / 선택3: 05-2)슬림형(부드러운)
1747,좋아여뇨노너녀뇨노너녀뇨노너,21.03.17.,5,0,0,선택1: 교정및어금니 / 선택2: 어금니칫솔 / 선택3: 06-3)슬림형(부드러운)
1748,처음 써보는 어금니 칫솔인데 잘 안 닦이던 부분도 닦여서 좋아요.,21.03.11.,5,0,0,선택1: 교정및어금니 / 선택2: 어금니칫솔 / 선택3: 06-3)슬림형(부드러운)
1749,빠른배송 감사합니다,21.04.08.,5,0,0,선택1: 성인칫솔 / 선택2: 일반형칫솔 / 선택3: 01-3)올슬림모(부드러운)
1750,조아요 두번째 구매에용,21.04.02.,5,0,0,선택1: 교정및어금니 / 선택2: 교정칫솔 / 선택3: 05-1)일반형(단단한)
1751,좋아녀뇨노너녀뇨노너녀뇨,21.03.17.,5,0,0,선택1: 교정및어금니 / 선택2: 어금니칫솔 / 선택3: 06-2)돔형(단단한)
1752,한달사용기만족합니다 재구매 의사있어요~^^,21.03.17.,5,0,한달사용기,선택1: 성인칫솔 / 선택2: 고급형칫솔 / 선택3: 02-2)올슬림모(부드러운)
1753,재구매좋아요~ 저렴해서 아이들 수시로 바꿔주고 잘 사용하고 있어요~ 칫솔모도 부드러워서 아이들 사용하기에 좋아요~^^,21.03.04.,5,재구매,0,선택1: 어린이칫솔 / 선택2: 기린칫솔 / 선택3: 08-2)기린이중(7세-11세)
1754,"양치잘되요~~
가성비굿!!",21.03.15.,5,0,0,선택1: 교정및어금니 / 선택2: 교정칫솔 / 선택3: 05-2)슬림형(부드러운)
1755,교정중이라서 매일 써요~ 저는 어금니 뒤쪽에 공건이 많이 좁은 편이라서 어금니칫솔 필수!!! 칼배송으로 받아서 기분도 좋으네요ㅋㅋㅋ케,21.03.19.,5,0,0,선택1: 교정및어금니 / 선택2: 어금니칫솔 / 선택3: 06-1)일반형(단단한)
1756,좀 더 써봐야 알겠지만 나쁘지 않은 것 같네요... 한 달 후에... ^^,21.03.28.,4,0,0,선택1: 성인칫솔 / 선택2: 일반형칫솔 / 선택3: 01-1)일반모(단단모)
1757,가격도 괜찮고 칫솔모가 튼튼해서 좋아요,21.03.13.,4,0,0,선택1: 성인칫솔 / 선택2: 일반형칫솔 / 선택3: 01-2)이중모(탄력적인)
1758,잘 받았어요 많이 파세요,21.03.16.,5,0,0,선택1: 성인칫솔 / 선택2: 2-3줄모 / 선택3: 03-1)두줄모(단단한)
1759,칫솔모가  맘에 들어요,21.04.06.,5,0,0,선택1: 성인칫솔 / 선택2: 일반형칫솔 / 선택3: 01-2)이중모(탄력적인)
1760,한달사용기교정칫솔 너무 좋아서 여기서 매번 구매합니다 치과에서 사는것보다 싸구요,21.03.07.,5,0,한달사용기,종류: 08 교정칫솔-슬림형
1761,굿.좋아요.최고  좋아요.,21.04.07.,5,0,0,선택1: 성인칫솔 / 선택2: 고급형칫솔 / 선택3: 02-1)이중모(탄력적인)
1762,조아용 배송두 빠르공 치석이 싹 사아질꺼같이 느껴져여 글그 크기도 딱이공,21.03.22.,5,0,0,선택1: 교정및어금니 / 선택2: 교정칫솔 / 선택3: 05-1)일반형(단단한)
1763,칫솔  바꿔볼까 싶어서 테스트용으로  낱개구매했어요,21.03.10.,5,0,0,선택1: 성인칫솔 / 선택2: 2-3줄모 / 선택3: 03-2)비타민올(세줄모)
1764,"늘쓰던제품입니다
계속쓰는 이유가 있죠",21.03.12.,5,0,0,선택1: 성인칫솔 / 선택2: 고급형칫솔 / 선택3: 02-1)이중모(탄력적인)
1765,단단해서 깨끗하게 닦일 것 같아서 주문했습니다. 잇몸만 조심하면 유용할 것 같아요,21.03.23.,5,0,0,선택1: 성인칫솔 / 선택2: 일반형칫솔 / 선택3: 01-1)일반모(단단모)
1766,한달사용기교정하는데 필수품이죠  저렴하고 좋음,21.04.02.,5,0,한달사용기,선택1: 교정및어금니 / 선택2: 어금니칫솔 / 선택3: 06-3)슬림형(부드러운)
1767,한달사용기교정하는데 필수품이죠  저렴하고 좋음,21.04.02.,5,0,한달사용기,선택1: 교정및어금니 / 선택2: 어금니칫솔 / 선택3: 06-1)일반형(단단한)
1768,한달사용기교정하는데 필수품이죠  저렴하고 좋음,21.04.02.,5,0,한달사용기,선택1: 교정및어금니 / 선택2: 교정칫솔 / 선택3: 05-2)슬림형(부드러운)
1769,한달사용기칫솔잘쓰고있어요~~,21.04.07.,5,0,한달사용기,선택1: 성인칫솔 / 선택2: 일반형칫솔 / 선택3: 01-3)올슬림모(부드러운)
1770,"칫솔이 매우매우매우 부드러워서 잇몸 약하신 분 아니면 초미세모 말고 그냥 미세모 쓰세요. 당뇨, 암환자용입니다.",21.03.25.,5,0,0,선택1: 성인칫솔 / 선택2: 초미세모 / 선택3: 0)초미세모(매우부드러운)
1771,한달사용기동생이 교정중인데 무척이나 좋아합니다!,21.04.01.,5,0,한달사용기,선택1: 성인칫솔 / 선택2: 광폭칫솔 / 선택3: 04-2)올슬림모(부드러운)
1772,어른뿐 아니라 어린이한테도 좋은 칫솔입니다..부드러운 미세모 선탹해서 잇몸에 자극적이지 않아서 좋고 구서구석 잘 닦입니다.,21.03.16.,5,0,0,선택1: 성인칫솔 / 선택2: 고급형칫솔 / 선택3: 02-2)올슬림모(부드러운)
1773,항상 쓰던거예요 부드러워요,21.03.13.,5,0,0,선택1: 성인칫솔 / 선택2: 고급형칫솔 / 선택3: 02-4)미소숯올(부드러운)
1774,덕분에 깨끗한 치아가 된거같아요ㅎㅎ,21.03.12.,5,0,0,선택1: 교정및어금니 / 선택2: 어금니칫솔 / 선택3: 06-2)돔형(단단한)
1775,잘받았ㅇ어요 수고하세요,21.03.16.,5,0,0,선택1: 성인칫솔 / 선택2: 일반형칫솔 / 선택3: 01-1)일반모(단단모)
1776,교정 칫솔로 쓰기 좋아요!!,21.04.04.,5,0,0,선택1: 교정및어금니 / 선택2: 교정칫솔 / 선택3: 05-2)슬림형(부드러운)
1777,아주 좋아요 교정용으로 굿입니다,21.03.27.,5,0,0,선택1: 교정및어금니 / 선택2: 교정칫솔 / 선택3: 05-1)일반형(단단한)
1778,항상 쓰던거예요 좋습니다,21.03.13.,5,0,0,선택1: 성인칫솔 / 선택2: 고급형칫솔 / 선택3: 02-1)이중모(탄력적인)
1779,항상 쓰던거예요 좋습니다,21.03.13.,5,0,0,선택1: 성인칫솔 / 선택2: 고급형칫솔 / 선택3: 02-2)올슬림모(부드러운)
1780,매번 재구매해서 쓰고있습니다.저렴하고 제품 품질도 좋아요~,21.03.23.,5,0,0,선택1: 성인칫솔 / 선택2: 고급형칫솔 / 선택3: 02-1)이중모(탄력적인)
1781,아직 사용 전이지만 모양이 특이해서 궁금하네요 잘 사용하겠습니다,21.03.23.,5,0,0,선택1: 성인칫솔 / 선택2: 2-3줄모 / 선택3: 03-1)두줄모(단단한)
1782,"너무 좋네요.
소문듣고 왔습니다.^^
다음번에도 재구매할게요.
감사합니다.",21.03.02.,5,0,0,선택1: 성인칫솔 / 선택2: 초미세모 / 선택3: 0)초미세모(매우부드러운)
1783,치석 제거에 사용하려고 주문했습니다. 잘 선택한 것 같아요,21.03.23.,5,0,0,선택1: 교정및어금니 / 선택2: 어금니칫솔 / 선택3: 06-2)돔형(단단한)
1784,좋어여뇨노너여요오노오여ㅛ,21.03.17.,5,0,0,선택1: 교정및어금니 / 선택2: 교정칫솔 / 선택3: 05-3)고급슬림형(부드러운)
1785,조카가 있어서 써본다하여  구매했습니다.,21.03.10.,5,0,0,선택1: 어린이칫솔 / 선택2: 너구리칫솔 / 선택3: 09-1)너구리올(24개월-6세)
1786,교정 시작부터 지금까지 잘 쓰고 있습니다!,21.03.10.,5,0,0,선택1: 교정및어금니 / 선택2: 교정칫솔 / 선택3: 05-1)일반형(단단한)
1787,배송빠르고 저렴하게 잘 샀어요. 어금니 칫솔 하나는  고양이 칫솔로 써봤는데 좋네요,21.03.21.,4,0,0,선택1: 교정및어금니 / 선택2: 어금니칫솔 / 선택3: 06-3)슬림형(부드러운)
1788,재구매좋아요 잘쓰고있어요~~~~,21.04.02.,5,재구매,0,선택1: 성인칫솔 / 선택2: 일반형칫솔 / 선택3: 01-2)이중모(탄력적인)
1789,항상흐던거 좋습니다,21.03.13.,5,0,0,선택1: 성인칫솔 / 선택2: 고급형칫솔 / 선택3: 02-3)미소금올(부드러운)
1790,"재구매~~
가성비 좋아요~",21.03.15.,5,0,0,선택1: 교정및어금니 / 선택2: 어금니칫솔 / 선택3: 06-2)돔형(단단한)
1791,"늘 애용~
포장도 좋고~",21.03.15.,5,0,0,선택1: 교정및어금니 / 선택2: 어금니칫솔 / 선택3: 06-3)슬림형(부드러운)
1792,한달사용기아이가 항상 쓰던거에요 요것밖에 안써요 ㅎ 제가봐도 아이가 쓰기엔 딱 적당한것같아요,21.03.19.,5,0,한달사용기,선택1: 어린이칫솔 / 선택2: 기린칫솔 / 선택3: 08-2)기린이중(7세-11세)
1793,모가 부드럽고 짧아서 좋아요,21.03.11.,5,0,0,선택1: 성인칫솔 / 선택2: 고급형칫솔 / 선택3: 02-2)올슬림모(부드러운)
1794,모가 부드럽고 짧아서 좋아요,21.03.11.,5,0,0,선택1: 교정및어금니 / 선택2: 교정칫솔 / 선택3: 05-3)고급슬림형(부드러운)
1795,모가 부드럽고 짧아서 좋아요,21.03.11.,5,0,0,선택1: 성인칫솔 / 선택2: 일반형칫솔 / 선택3: 01-2)이중모(탄력적인)
1796,모가 부드럽고 짧아서 좋아요,21.03.11.,4,0,0,선택1: 교정및어금니 / 선택2: 교정칫솔 / 선택3: 05-1)일반형(단단한)
1797,모가 부드럽고 짧아서 좋네요,21.03.11.,4,0,0,선택1: 교정및어금니 / 선택2: 어금니칫솔 / 선택3: 06-2)돔형(단단한)
1798,한달사용기딸애 교정용사면서 일반용도 같이 샀는데 너무 좋아요,21.03.07.,5,0,한달사용기,종류: 01 성인이중슬림모(보편적인)
1799,저렴하게 잘 삿어요 한동안칫솔 잘 쓸것 같아요,21.03.25.,4,0,0,선택1: 교정및어금니 / 선택2: 어금니칫솔 / 선택3: 06-2)돔형(단단한)
1800,사중에서 파는 칫솔 보다 잘 닦이면 여러가지 다양한 모를 선택 할 수 있어서 좋아요,21.03.22.,5,0,0,선택1: 성인칫솔 / 선택2: 일반형칫솔 / 선택3: 01-2)이중모(탄력적인)
1801,음식물이나 치석 제거에 유용할 것 같아서 주문했습니다 잘 사용하고 있어요,21.03.23.,5,0,0,선택1: 교정및어금니 / 선택2: 어금니칫솔 / 선택3: 06-1)일반형(단단한)
1802,항상 사서 잘쓰는제품입니다. 가성비 굿,21.03.03.,5,0,0,선택1: 성인칫솔 / 선택2: 고급형칫솔 / 선택3: 02-1)이중모(탄력적인)
1803,완전 부드러운 걸 원했는데 이것도 약간 탄탄하네요ㅠ,21.03.06.,3,0,0,선택1: 교정및어금니 / 선택2: 교정칫솔 / 선택3: 05-2)슬림형(부드러운)
1804,"아직 안써봐서 좋은지는 모르구요^^ 
좋기를 바랍니다..",21.03.22.,3,0,0,선택1: 성인칫솔 / 선택2: 일반형칫솔 / 선택3: 01-2)이중모(탄력적인)
1805,"재구매~
잘닦여여~~",21.03.15.,5,0,0,선택1: 교정및어금니 / 선택2: 교정칫솔 / 선택3: 05-1)일반형(단단한)
1806,교정 중에 잘 사용하고있습니다.,21.03.30.,5,0,0,선택1: 교정및어금니 / 선택2: 어금니칫솔 / 선택3: 06-1)일반형(단단한)
1807,교정 중에 잘 사용하고있습니다.,21.03.30.,5,0,0,선택1: 교정및어금니 / 선택2: 교정칫솔 / 선택3: 05-1)일반형(단단한)
1808,아이들은 파이로 어른들은 부드러운 모로 사용하는데 식구들 모두 만족하네요.,21.03.04.,5,0,0,선택1: 성인칫솔 / 선택2: 고급형칫솔 / 선택3: 02-4)미소숯올(부드러운)
1809,아이가 교정중이라 대량으로 구입해서 쓰고 있어요,21.03.05.,5,0,0,선택1: 교정및어금니 / 선택2: 교정칫솔 / 선택3: 05-2)슬림형(부드러운)
1810,아이가 교정중이라 대량으로 구입해서 쓰고 있어요,21.03.05.,5,0,0,선택1: 교정및어금니 / 선택2: 어금니칫솔 / 선택3: 06-1)일반형(단단한)
1811,굿굿 계속쓰게되는제품,21.03.12.,5,0,0,선택1: 성인칫솔 / 선택2: 고급형칫솔 / 선택3: 02-2)올슬림모(부드러운)
1812,잘쓰겠습니다!!!1 :) 감사합니다 감사합니다,21.03.09.,5,0,0,선택1: 성인칫솔 / 선택2: 일반형칫솔 / 선택3: 01-1)일반모(단단모)
1813,한달사용기재구매부드럽고 쓰기편해요,21.03.31.,3,재구매,한달사용기,선택1: 어린이칫솔 / 선택2: 기린칫솔 / 선택3: 08-1)기린올(24개월-6세)
1814,항상 잘쓰고있어요ㅎㅎ,21.03.12.,5,0,0,선택1: 교정및어금니 / 선택2: 어금니칫솔 / 선택3: 06-1)일반형(단단한)
1815,아직 사용은 안해봤지만 다른 옵션이 마음에 들어서 잘 쓰고 있어요,21.03.23.,5,0,0,선택1: 성인칫솔 / 선택2: 일반형칫솔 / 선택3: 01-2)이중모(탄력적인)
1816,한달사용기매번 구입해서 잘사용하고있습니다,21.03.07.,5,0,한달사용기,선택1: 성인칫솔 / 선택2: 일반형칫솔 / 선택3: 01-2)이중모(탄력적인)
1817,한달사용기단단한모도 궁금해서 사봤어요,21.03.07.,5,0,한달사용기,종류: 00 성인일반모(단단한)
1818,잇몸이 약해 부드러운 걸로 쓰는데 안 아프고 좋아요.,21.03.04.,5,0,0,선택1: 성인칫솔 / 선택2: 고급형칫솔 / 선택3: 02-2)올슬림모(부드러운)
1819,항상 구매합니다 품질우수합니다,21.03.09.,5,0,0,선택1: 성인칫솔 / 선택2: 일반형칫솔 / 선택3: 01-2)이중모(탄력적인)
1820,색깔이쁘고 모도 만족스러워요,21.03.07.,5,0,0,선택1: 성인칫솔 / 선택2: 고급형칫솔 / 선택3: 02-2)올슬림모(부드러운)
1821,원래 쓰던거 보단 조금 단단한느낌인데 좋아요,21.03.04.,5,0,0,선택1: 성인칫솔 / 선택2: 일반형칫솔 / 선택3: 01-3)올슬림모(부드러운)
1822,칫솔좋아요 이만한거없네요,21.03.29.,5,0,0,선택1: 성인칫솔 / 선택2: 일반형칫솔 / 선택3: 01-3)올슬림모(부드러운)
1823,딸이 교정중이라 시켰어요 브랜드 칫솔 쓰다 자주 갈아주는게 좋을거같아 구매해봤는데 칫솔모도 좋네요 다쓰면 재구매 예정입니다,21.02.16.,5,0,0,선택1: 교정및어금니 / 선택2: 교정칫솔 / 선택3: 05-3)고급슬림형(부드러운)
1824,항상 쓰는거에요..잘닦이고 좋아요.,21.03.02.,5,0,0,선택1: 성인칫솔 / 선택2: 일반형칫솔 / 선택3: 01-2)이중모(탄력적인)
1825,치모가 부드럽고 어금이까지 잘  닦여서 너무 좋아요.,21.03.03.,5,0,0,선택1: 성인칫솔 / 선택2: 일반형칫솔 / 선택3: 01-2)이중모(탄력적인)
1826,저렴하게 잘 산거 같아요 배송도 빨랐어요,21.03.21.,5,0,0,선택1: 교정및어금니 / 선택2: 교정칫솔 / 선택3: 05-2)슬림형(부드러운)
1827,"배송은 느렸지만.
만족해요.다쓰고 또 주문할께요",21.02.27.,5,0,0,선택1: 성인칫솔 / 선택2: 초미세모 / 선택3: 0)초미세모(매우부드러운)
1828,"배송은 느렸지만.
만족해요.다쓰고 또 주문할께요",21.02.27.,5,0,0,선택1: 성인칫솔 / 선택2: 2-3줄모 / 선택3: 03-1)두줄모(단단한)
1829,교정칫솔  치과에서 준것과 비슷 하네요. 사은품도 감사합니다~^^,21.02.24.,5,0,0,선택1: 교정및어금니 / 선택2: 교정칫솔 / 선택3: 05-2)슬림형(부드러운)
1830,치과용이라서 치아도 잘 닦이고 좋아요 ㅎ,21.03.04.,5,0,0,선택1: 성인칫솔 / 선택2: 일반형칫솔 / 선택3: 01-2)이중모(탄력적인)
1831,한달사용기재구매다른 제품 사용하다가 다시 재구매 했어요,21.03.24.,5,재구매,한달사용기,선택1: 교정및어금니 / 선택2: 교정칫솔 / 선택3: 05-2)슬림형(부드러운)
1832,종류가 다양해 골고루 쓰는데 다 괜찮네요^^,21.03.04.,5,0,0,선택1: 성인칫솔 / 선택2: 고급형칫솔 / 선택3: 02-3)미소금올(부드러운)
1833,배송 빠르고 좋습니다,21.03.28.,5,0,0,선택1: 성인칫솔 / 선택2: 일반형칫솔 / 선택3: 01-3)올슬림모(부드러운)
1834,배송빠르고 좋습니다,21.03.28.,5,0,0,선택1: 성인칫솔 / 선택2: 일반형칫솔 / 선택3: 01-2)이중모(탄력적인)
1835,부드러워 잇몸에 자극이 안되 좋네요.,21.03.04.,5,0,0,선택1: 성인칫솔 / 선택2: 일반형칫솔 / 선택3: 01-3)올슬림모(부드러운)
1836,교정해서 같이 주문했는데 좋습니다,21.03.04.,5,0,0,선택1: 교정및어금니 / 선택2: 교정칫솔 / 선택3: 05-3)고급슬림형(부드러운)
1837,너무좋아아주종ㅎ아만 잘닦여ㅔ,21.03.03.,5,0,0,선택1: 성인칫솔 / 선택2: 일반형칫솔 / 선택3: 01-2)이중모(탄력적인)
1838,작아서 구석구석 닦기는 비싼 칫솔보다 저는 더  좋아요 ^^,21.02.16.,5,0,0,선택1: 성인칫솔 / 선택2: 일반형칫솔 / 선택3: 01-1)일반모(단단모)
1839,"마트보다 저렴해서 좋고, 아이도 잘 사용합니다.",21.03.23.,5,0,0,선택1: 어린이칫솔 / 선택2: 기린칫솔 / 선택3: 08-2)기린이중(7세-11세)
1840,재구매괜찮아요~~~~~~,21.04.03.,4,재구매,0,선택1: 성인칫솔 / 선택2: 일반형칫솔 / 선택3: 01-2)이중모(탄력적인)
1841,재구매품질이 좋고 배송이 빨라요,21.03.07.,5,재구매,0,선택1: 어린이칫솔 / 선택2: 기린칫솔 / 선택3: 08-2)기린이중(7세-11세)
1842,한달사용기안녕하세요 아이가 좋아하는 브랜드 입니다,21.03.22.,5,0,한달사용기,선택1: 어린이칫솔 / 선택2: 너구리칫솔 / 선택3: 09-2)너구리이중(7세-11세)
1843,좋아요~~~~!!ㅋㅋ,21.03.15.,5,0,0,선택1: 교정및어금니 / 선택2: 교정칫솔 / 선택3: 05-3)고급슬림형(부드러운)
1844,"재구매배송은 2,3일 걸렸고 상품 괜찮네요.",21.03.25.,4,재구매,0,0
1845,부드럽고 좋습니다 잘쓸께여,21.03.04.,5,0,0,선택1: 성인칫솔 / 선택2: 일반형칫솔 / 선택3: 01-2)이중모(탄력적인)
1846,재구매잘 받았어요 많이 파세요,21.03.25.,5,재구매,0,선택1: 성인칫솔 / 선택2: 초미세모 / 선택3: 0)초미세모(매우부드러운)
1847,부드럽고 좋아요 잘쓸께욤,21.03.04.,5,0,0,선택1: 교정및어금니 / 선택2: 교정칫솔 / 선택3: 05-2)슬림형(부드러운)
1848,재구매늘구매하는제품이예요,21.03.04.,5,재구매,0,선택1: 교정및어금니 / 선택2: 어금니칫솔 / 선택3: 06-1)일반형(단단한)
1849,좋아요 잘 닦여요 치간칫솔도 촘촘하고 좋네요 치과에서도 여기 칫솔로 사용하길래 여기서 샀어요,21.02.19.,5,0,0,선택1: 교정및어금니 / 선택2: 교정칫솔 / 선택3: 05-2)슬림형(부드러운)
1850,부드럽고 잘 닦여요,21.03.26.,5,0,0,선택1: 성인칫솔 / 선택2: 고급형칫솔 / 선택3: 02-1)이중모(탄력적인)
1851,저렴하게 잘 삿어요,21.03.25.,4,0,0,선택1: 교정및어금니 / 선택2: 교정칫솔 / 선택3: 05-3)고급슬림형(부드러운)
1852,"배송빠릅니다
아직 사용전입니다",21.03.02.,4,0,0,선택1: 성인칫솔 / 선택2: 일반형칫솔 / 선택3: 01-3)올슬림모(부드러운)
1853,잘쓰고있어요 어금니도 깨끗하게~^^,21.02.26.,5,0,0,선택1: 교정및어금니 / 선택2: 어금니칫솔 / 선택3: 06-3)슬림형(부드러운)
1854,가성비굿입니다. 잘쓰고있ㅇᆞㅑ요,21.03.03.,5,0,0,선택1: 성인칫솔 / 선택2: 고급형칫솔 / 선택3: 02-2)올슬림모(부드러운)
1855,가격대비 너무 좋아요 또 구매 할껭노,21.03.16.,4,0,0,선택1: 성인칫솔 / 선택2: 2-3줄모 / 선택3: 03-1)두줄모(단단한)
1856,늘사용하고있어요~~~,21.03.27.,5,0,0,선택1: 교정및어금니 / 선택2: 교정칫솔 / 선택3: 05-2)슬림형(부드러운)
1857,굿이요 굿굿굿맨굿이요,21.03.27.,5,0,0,선택1: 교정및어금니 / 선택2: 어금니칫솔 / 선택3: 06-1)일반형(단단한)
1858,빠른 배송 감사합니다.,21.03.25.,5,0,0,선택1: 성인칫솔 / 선택2: 고급형칫솔 / 선택3: 02-1)이중모(탄력적인)
1859,빠른 배송 감사합니다.,21.03.25.,5,0,0,선택1: 성인칫솔 / 선택2: 광폭칫솔 / 선택3: 04-1)이중(탄력적인)
1860,젛아요~~~~~~~~<<<<<<,21.04.20.,5,0,0,선택1: 교정및어금니 / 선택2: 교정칫솔 / 선택3: 05-2)슬림형(부드러운)
1861,굿입니다 굿굿이여 굿,21.03.27.,5,0,0,선택1: 교정및어금니 / 선택2: 교정칫솔 / 선택3: 05-3)고급슬림형(부드러운)
1862,가격대비 너무 좋아요 자주 이묭할께요~~,21.03.16.,4,0,0,선택1: 교정및어금니 / 선택2: 어금니칫솔 / 선택3: 06-1)일반형(단단한)
1863,"배송도 빠르고 물건도 안전하게 도착했네요
너무 부드럽거나 단단하지 않고 적당해서 좋았어요",21.02.17.,5,0,0,선택1: 성인칫솔 / 선택2: 일반형칫솔 / 선택3: 01-3)올슬림모(부드러운)
1864,잘받았어요 아기꺼랑 함깨 주문,21.02.24.,5,0,0,선택1: 성인칫솔 / 선택2: 일반형칫솔 / 선택3: 01-1)일반모(단단모)
1865,"배송도 빠르고 물건도 안전하게 왔네요
제가 쓰기에는 칫솔이 조금 단단한거 같아요",21.02.17.,3,0,0,선택1: 성인칫솔 / 선택2: 일반형칫솔 / 선택3: 01-1)일반모(단단모)
1866,부드럽고 좋습니다.,21.03.04.,5,0,0,선택1: 성인칫솔 / 선택2: 초미세모 / 선택3: 0)초미세모(매우부드러운)
1867,"교정하면서 칫솔 교체주기가 짧아진거같은데 
가격 부담이 적어 교체하기도 맘 편하고
잘 닦여요!",21.03.13.,5,0,0,선택1: 교정및어금니 / 선택2: 어금니칫솔 / 선택3: 06-1)일반형(단단한)
1868,한달사용기전체적으로 다 좋지만 부드러운모 버전이 더 사용하기 편해용,21.03.16.,5,0,한달사용기,선택1: 교정및어금니 / 선택2: 교정칫솔 / 선택3: 05-1)일반형(단단한)
1869,재구매합니다. 저렴하고 좋아요,21.03.16.,5,0,0,선택1: 교정및어금니 / 선택2: 교정칫솔 / 선택3: 05-1)일반형(단단한)
1870,단단하고 편안해요.,21.03.03.,4,0,0,선택1: 교정및어금니 / 선택2: 교정칫솔 / 선택3: 05-1)일반형(단단한)
1871,개별포장 깔끔하고 좋습니다,21.03.21.,5,0,0,선택1: 교정및어금니 / 선택2: 어금니칫솔 / 선택3: 06-2)돔형(단단한)
1872,저번에 미세모를 샀을땐 너무 부드러웠는데 이중 미세모가 조금 더 잘 맞는것 같습니다,21.02.20.,5,0,0,선택1: 성인칫솔 / 선택2: 일반형칫솔 / 선택3: 01-2)이중모(탄력적인)
1873,교정칫솔 너무 좋아요~ 다음에도 여기서 시킬게요!!!,21.02.15.,5,0,0,선택1: 교정및어금니 / 선택2: 교정칫솔 / 선택3: 05-2)슬림형(부드러운)
1874,좋아요 잘쓰고있어요 굿,21.02.26.,5,0,0,선택1: 어린이칫솔 / 선택2: 기린칫솔 / 선택3: 08-1)기린올(24개월-6세)
1875,주기적으로 사는데 좋아요,21.03.21.,4,0,0,선택1: 교정및어금니 / 선택2: 어금니칫솔 / 선택3: 06-2)돔형(단단한)
1876,"우연히 아이들 칫솔검색하다가 애들꺼 주문하고 성인꺼도 주문해봤어요
이ㅜ직 써보진않았지만 모가 좋은거같네요~",21.02.18.,5,0,0,선택1: 성인칫솔 / 선택2: 일반형칫솔 / 선택3: 01-2)이중모(탄력적인)
1877,리뷰 왜 하나씩 써야하는지.... 귀찮... 잘쓸게요,21.02.27.,5,0,0,선택1: 교정및어금니 / 선택2: 교정칫솔 / 선택3: 05-3)고급슬림형(부드러운)
1878,처음써보는데 좋아요~,21.03.02.,4,0,0,선택1: 교정및어금니 / 선택2: 교정칫솔 / 선택3: 05-1)일반형(단단한)
1879,"기대하고있어요!
깔끔한 포장도 감사합니당",21.02.20.,5,0,0,선택1: 교정및어금니 / 선택2: 어금니칫솔 / 선택3: 06-3)슬림형(부드러운)
1880,"재구매늘 쓰던 제품입니다. 
이사이트가 제일저렴하고 
다른 칫솔은 이제 사용못합니다. 좋아요^^",21.03.12.,5,재구매,0,선택1: 어린이칫솔 / 선택2: 기린칫솔 / 선택3: 08-2)기린이중(7세-11세)
1881,잘쓸게요 ㅎㅎㅎ헤헤 굿,21.02.27.,5,0,0,선택1: 성인칫솔 / 선택2: 고급형칫솔 / 선택3: 02-1)이중모(탄력적인)
1882,"항상쓰던제품이에요~~
깔끔하게 포장해서 보내주셨네요~",21.03.16.,5,0,0,선택1: 성인칫솔 / 선택2: 2-3줄모 / 선택3: 03-2)비타민올(세줄모)
1883,"너무 깔끔히 포장되어 왔어요!
기대됩니당",21.02.20.,5,0,0,선택1: 성인칫솔 / 선택2: 초미세모 / 선택3: 0)초미세모(매우부드러운)
1884,생각보다 기네요 기대해볼께요 감사합니다,21.02.20.,5,0,0,선택1: 성인칫솔 / 선택2: 2-3줄모 / 선택3: 03-2)비타민올(세줄모)
1885,"치아 사이사이를 잘 닦아주고 가성비 넘 좋아요. 
아이 칫솔 사면서 같이 샀는데 다쓰면 다시 주문해야 겠어요. 강력추천~^^",21.02.10.,5,0,0,선택1: 성인칫솔 / 선택2: 일반형칫솔 / 선택3: 01-2)이중모(탄력적인)
1886,샀던거 다쓰고 다시주문했어요. 잘쓸게요.,21.02.21.,5,0,0,선택1: 어린이칫솔 / 선택2: 기린칫솔 / 선택3: 08-1)기린올(24개월-6세)
1887,배송두 빠르구 늘쓰던거라 좋아요,21.02.25.,5,0,0,선택1: 교정및어금니 / 선택2: 교정칫솔 / 선택3: 05-3)고급슬림형(부드러운)
1888,재구매항상 여기서만 사요 가성비 최공,21.03.13.,5,재구매,0,선택1: 교정및어금니 / 선택2: 어금니칫솔 / 선택3: 06-1)일반형(단단한)
1889,"한달사용기어금니 칫솔때문에 안쪽 구석구석 닦기 좋아요
다음에는 대량으로 살거에요",21.03.07.,5,0,한달사용기,선택1: 교정및어금니 / 선택2: 어금니칫솔 / 선택3: 06-1)일반형(단단한)
1890,"한달사용기5년째  쓰고 있어요
가격도 품질도 맘에 들어요
앞으로도 쓸 계획이예요",21.02.16.,5,0,한달사용기,종류: 06 유아올슬림모(13개월-36개월)
1891,재구매좋아요 항상쓰던제품입니다,21.03.19.,5,재구매,0,선택1: 성인칫솔 / 선택2: 고급형칫솔 / 선택3: 02-4)미소숯올(부드러운)
1892,"재구매항상 여기서만 사요
가성비 체고",21.03.13.,5,재구매,0,선택1: 교정및어금니 / 선택2: 교정칫솔 / 선택3: 05-1)일반형(단단한)
1893,재구매늘 이칫솔만 쓰고있어요.  좋아요,21.03.15.,5,재구매,0,선택1: 성인칫솔 / 선택2: 고급형칫솔 / 선택3: 02-2)올슬림모(부드러운)
1894,"재구매교정중인데 좋아서
계속 꾸준히 구매하고 있습니다",21.03.15.,5,재구매,0,선택1: 교정및어금니 / 선택2: 교정칫솔 / 선택3: 05-2)슬림형(부드러운)
1895,써보고 좋아서 또 재구매했어요,21.02.25.,5,0,0,선택1: 성인칫솔 / 선택2: 일반형칫솔 / 선택3: 01-2)이중모(탄력적인)
1896,교정용이라 너무 좋네요^^,21.03.20.,5,0,0,선택1: 성인칫솔 / 선택2: 2-3줄모 / 선택3: 03-1)두줄모(단단한)
1897,"포장도 꼼꼼이 잘해주셨네요.
감사합니다.",21.03.12.,4,0,0,선택1: 어린이칫솔 / 선택2: 너구리칫솔 / 선택3: 09-2)너구리이중(7세-11세)
1898,"배송도 빠르고 제일 잘 맞았던 칫솔이네요
잘 쓰겠습니다",21.02.17.,5,0,0,선택1: 성인칫솔 / 선택2: 일반형칫솔 / 선택3: 01-2)이중모(탄력적인)
1899,배송빠르고 품질 좋음,21.02.27.,5,0,0,선택1: 교정및어금니 / 선택2: 교정칫솔 / 선택3: 05-1)일반형(단단한)
1900,한번 써보니까 좋더라구요. 배송도 빨리오고 좋았습니다.,21.02.16.,5,0,0,선택1: 성인칫솔 / 선택2: 고급형칫솔 / 선택3: 02-2)올슬림모(부드러운)
1901,배송두 빠르구 괜찮아 보여요,21.02.25.,5,0,0,선택1: 성인칫솔 / 선택2: 초미세모 / 선택3: 0)초미세모(매우부드러운)
1902,색상도 다양하고 안겹치게 잘 왔어요,21.02.23.,5,0,0,선택1: 교정및어금니 / 선택2: 교정칫솔 / 선택3: 05-2)슬림형(부드러운)
1903,칫솔마다 캡이 씌워져 있어서 좋네용,21.02.23.,5,0,0,선택1: 교정및어금니 / 선택2: 교정칫솔 / 선택3: 05-1)일반형(단단한)
1904,"몇년째 아이들 항상 사용하던 칫솔이예요~ 
품질 좋고 가격좋아서 쟁여두고 씁니다~",21.02.17.,5,0,0,선택1: 어린이칫솔 / 선택2: 기린칫솔 / 선택3: 08-2)기린이중(7세-11세)
1905,빨리 왔어요. 아직 써보진 않았지만 괜찮아보여요.,21.02.18.,5,0,0,선택1: 교정및어금니 / 선택2: 교정칫솔 / 선택3: 05-2)슬림형(부드러운)
1906,두번째 구매에요 지난번에 써보니 좋더라구요,21.02.16.,5,0,0,선택1: 교정및어금니 / 선택2: 어금니칫솔 / 선택3: 06-2)돔형(단단한)
1907,솔 강도는 적당하고 좋은데 좀 짧아 사용하기 불편하네요,21.03.12.,3,0,0,선택1: 성인칫솔 / 선택2: 고급형칫솔 / 선택3: 02-1)이중모(탄력적인)
1908,잘쓰고있어요 좋인요,21.02.26.,5,0,0,선택1: 어린이칫솔 / 선택2: 너구리칫솔 / 선택3: 09-1)너구리올(24개월-6세)
1909,편리하고 너무 좋아요,21.02.26.,5,0,0,선택1: 어린이칫솔 / 선택2: 기린칫솔 / 선택3: 08-2)기린이중(7세-11세)
1910,진짜 편리하고 좋아요,21.02.26.,5,0,0,선택1: 교정및어금니 / 선택2: 어금니칫솔 / 선택3: 06-2)돔형(단단한)
1911,교정용이라 좋네요^^,21.03.20.,5,0,0,선택1: 교정및어금니 / 선택2: 교정칫솔 / 선택3: 05-3)고급슬림형(부드러운)
1912,교정용이라 좋네요^^,21.03.20.,5,0,0,선택1: 교정및어금니 / 선택2: 어금니칫솔 / 선택3: 06-1)일반형(단단한)
1913,일반모는 원래 쓰던거보다 단단해서 마음에 듭니다,21.02.20.,5,0,0,선택1: 성인칫솔 / 선택2: 일반형칫솔 / 선택3: 01-1)일반모(단단모)
1914,가격대비 너무 좋아요 쭉 이용할께요,21.03.16.,4,0,0,선택1: 교정및어금니 / 선택2: 교정칫솔 / 선택3: 05-1)일반형(단단한)
1915,재구매재구매 부모님댁 구매,21.03.18.,5,재구매,0,선택1: 성인칫솔 / 선택2: 일반형칫솔 / 선택3: 01-1)일반모(단단모)
1916,한달사용기만족합니다 재구매 의사있어요~^^,21.03.17.,5,0,한달사용기,선택1: 성인칫솔 / 선택2: 광폭칫솔 / 선택3: 04-1)이중(탄력적인)
1917,좋아요 나중에 다 쓰면 또 구매하러 올게요,21.03.09.,4,0,0,선택1: 교정및어금니 / 선택2: 교정칫솔 / 선택3: 05-2)슬림형(부드러운)
1918,배송빠르고 상품 좋습니다,21.03.16.,5,0,0,0
1919,저렴한 가격으로 잘 샀어요,21.02.23.,5,0,0,선택1: 교정및어금니 / 선택2: 어금니칫솔 / 선택3: 06-2)돔형(단단한)
1920,부드러운걸 샀는데 좀 거친 편입니다! 기존에 치과에서 받았던것과 차이가 나지만 금액대비 만족 합니다!,21.02.07.,4,0,0,선택1: 교정및어금니 / 선택2: 교정칫솔 / 선택3: 05-3)고급슬림형(부드러운)
1921,가격 대비 너무 좋아요,21.03.16.,4,0,0,선택1: 교정및어금니 / 선택2: 교정칫솔 / 선택3: 05-2)슬림형(부드러운)
1922,감사랍니당 ㅎㅎ 잘샀어요 부드러웠으면 세상 좋을거갘아요 ㅎㅎ,21.02.06.,5,0,0,선택1: 성인칫솔 / 선택2: 광폭칫솔 / 선택3: 04-2)올슬림모(부드러운)
1923,갯수 딱 맞게 잘 왔어요,21.02.23.,5,0,0,선택1: 교정및어금니 / 선택2: 어금니칫솔 / 선택3: 06-1)일반형(단단한)
1924,재구매입니다!!!!,21.03.20.,5,0,0,선택1: 성인칫솔 / 선택2: 고급형칫솔 / 선택3: 02-2)올슬림모(부드러운)
1925,이걸로 정착하려구요,21.03.15.,5,0,0,선택1: 성인칫솔 / 선택2: 고급형칫솔 / 선택3: 02-2)올슬림모(부드러운)
1926,부드럽고 좋아요 이거,21.03.15.,5,0,0,선택1: 성인칫솔 / 선택2: 고급형칫솔 / 선택3: 02-1)이중모(탄력적인)
1927,"항상 이거 써요 
다른 칫솔 써보면 치석 제거 차이가 있어서
결국 다시 이거 써요",21.03.04.,5,0,0,선택1: 성인칫솔 / 선택2: 고급형칫솔 / 선택3: 02-1)이중모(탄력적인)
1928,한달사용기치과에서 매번사기 귀찮아서 샀는데 만족,21.02.18.,5,0,한달사용기,선택1: 교정및어금니 / 선택2: 교정칫솔 / 선택3: 05-3)고급슬림형(부드러운)
1929,"친구집에 있는거 써보고 너무
마음에 들어서 집에 있는 칫솔 무시하고
시켰어요 너무 깨끗하게 잘 닦여서 
양치하고 기분이 너무 상쾌했어요^^",21.02.26.,5,0,0,선택1: 성인칫솔 / 선택2: 고급형칫솔 / 선택3: 02-1)이중모(탄력적인)
1930,지난번에 써보니 올슬림모가 부드러워서 좋더라구요,21.02.16.,5,0,0,선택1: 성인칫솔 / 선택2: 일반형칫솔 / 선택3: 01-3)올슬림모(부드러운)
1931,칫솔은 여기서만 구매합니다,21.03.12.,5,0,0,선택1: 성인칫솔 / 선택2: 고급형칫솔 / 선택3: 02-2)올슬림모(부드러운)
1932,도아요조아요조아요조아요조아요,21.03.13.,3,0,0,선택1: 성인칫솔 / 선택2: 일반형칫솔 / 선택3: 01-3)올슬림모(부드러운)
1933,"재구매너무좋아요
늘구입합니다",21.03.12.,5,재구매,0,선택1: 성인칫솔 / 선택2: 일반형칫솔 / 선택3: 01-2)이중모(탄력적인)
1934,재구매늘 떨어지면 구입합니다,21.03.12.,5,재구매,0,선택1: 교정및어금니 / 선택2: 어금니칫솔 / 선택3: 06-1)일반형(단단한)
1935,재구매늘떨어지면 구입합니다,21.03.12.,5,재구매,0,선택1: 어린이칫솔 / 선택2: 기린칫솔 / 선택3: 08-2)기린이중(7세-11세)
1936,"재구매몇번째 시킨지는 이제 기억도 가물가물 하네요  ㅋ
그만큼 만족도도 높고요~^^  아들녀석이 칫솔을 자주 무는 습관이 있어 자주교체해야하는 번거로움에 여기를 자주 오네요~^^사은품도 감사합니다",21.01.28.,5,재구매,0,선택1: 성인칫솔 / 선택2: 일반형칫솔 / 선택3: 01-2)이중모(탄력적인)
1937,어금니 칫솔 일반형과 함께 구매했어요. 아이 어금니 옆면과 잇몸과 닿는 곳을 닦아주기 위해 구매했는데 저는 일반형과 큰 차이가 느껴지지 않네요. 잇몸에 자극을 덜 주기위해 칫솔모가 좀 더 부드러운 슬림형으로 구매했는데 어린이에게 사용할 때는 조심해서 사용해야 할 것 같습니다. 사은품으로 주신 혀클리너 감사히 사용하겠습니다.,21.01.21.,4,0,0,선택1: 교정및어금니 / 선택2: 어금니칫솔 / 선택3: 06-3)슬림형(부드러운)
1938,아직 사용전이고 치과용이라 믿고 샀습니다.,21.03.08.,4,0,0,선택1: 어린이칫솔 / 선택2: 기린칫솔 / 선택3: 08-2)기린이중(7세-11세)
1939,아직 사용전이고 치과용이라 믿고 샀습니다.,21.03.08.,5,0,0,선택1: 성인칫솔 / 선택2: 일반형칫솔 / 선택3: 01-2)이중모(탄력적인)
1940,아직 사용전이고 치과용이라 믿고 샀습니다.,21.03.08.,5,0,0,선택1: 성인칫솔 / 선택2: 일반형칫솔 / 선택3: 01-3)올슬림모(부드러운)
1941,"항상 쓰던 칫솔입니다 
다른거 써보면 차이가 나서 다시 이 칫솔로 돌아 오죠",21.03.04.,5,0,0,선택1: 성인칫솔 / 선택2: 일반형칫솔 / 선택3: 01-2)이중모(탄력적인)
1942,"미리미리 구매~
~",21.03.15.,5,0,0,선택1: 교정및어금니 / 선택2: 어금니칫솔 / 선택3: 06-1)일반형(단단한)
1943,재구매늘 구매하는 칫솔이예욤,21.03.11.,5,재구매,0,선택1: 교정및어금니 / 선택2: 어금니칫솔 / 선택3: 06-3)슬림형(부드러운)
1944,재구매늘 구매하는 칫솔입니당,21.03.11.,5,재구매,0,선택1: 성인칫솔 / 선택2: 일반형칫솔 / 선택3: 01-3)올슬림모(부드러운)
1945,"처음 구매해봅니다.
잘쓸게요.",21.03.11.,4,0,0,선택1: 어린이칫솔 / 선택2: 너구리칫솔 / 선택3: 09-1)너구리올(24개월-6세)
1946,교정중이라 어금니칫솔 필수에요,21.02.16.,5,0,0,선택1: 교정및어금니 / 선택2: 어금니칫솔 / 선택3: 06-1)일반형(단단한)
1947,한달사용기모 넓이가 넓어서 쓰기가 더 편하네요. 좋아요,21.03.04.,5,0,한달사용기,선택1: 성인칫솔 / 선택2: 일반형칫솔 / 선택3: 01-2)이중모(탄력적인)
1948,아이 어른 모두 좋아요,21.02.18.,5,0,0,선택1: 성인칫솔 / 선택2: 일반형칫솔 / 선택3: 01-2)이중모(탄력적인)
1949,칫솔 튼튼하고 처음써보는데 좋았으면 해요 ㅠㅠ 감사합다,21.02.06.,5,0,0,선택1: 성인칫솔 / 선택2: 광폭칫솔 / 선택3: 04-1)이중(탄력적인)
1950,너무 뻣뻣하지도 않고 부드럽지도 않고 적당해요,21.02.16.,5,0,0,선택1: 성인칫솔 / 선택2: 일반형칫솔 / 선택3: 01-2)이중모(탄력적인)
1951,"지금까지 쓴 칫솔은 뭐지요ㅜㅜ
너무 맘에 들어요 앞으로는 요 제품만 
쓸거 같아요^^",21.02.26.,5,0,0,선택1: 성인칫솔 / 선택2: 일반형칫솔 / 선택3: 01-1)일반모(단단모)
1952,한달사용기칫솔모가 작아서 좋아요,21.03.10.,4,0,한달사용기,선택1: 성인칫솔 / 선택2: 고급형칫솔 / 선택3: 02-1)이중모(탄력적인)
1953,한달사용기기존에 쓰던 건데 배송이 빨라서 좋았어요,21.02.13.,5,0,한달사용기,선택1: 성인칫솔 / 선택2: 광폭칫솔 / 선택3: 04-1)이중(탄력적인)
1954,늘잘쓰고있는쟁여두는상품입니다,21.02.14.,5,0,0,선택1: 성인칫솔 / 선택2: 일반형칫솔 / 선택3: 01-2)이중모(탄력적인)
1955,재구매배송 빠르고 좋아요,21.03.10.,5,재구매,0,선택1: 교정및어금니 / 선택2: 교정칫솔 / 선택3: 05-2)슬림형(부드러운)
1956,한달사용기조ㅗ아요 잘 안 닳아서 좋은듯,21.02.18.,5,0,한달사용기,선택1: 교정및어금니 / 선택2: 어금니칫솔 / 선택3: 06-2)돔형(단단한)
1957,전에 쓰던 칫솔  재구매합니다,21.02.15.,5,0,0,선택1: 어린이칫솔 / 선택2: 기린칫솔 / 선택3: 08-2)기린이중(7세-11세)
1958,"한달사용기부드럽고 잘 닦입니다 또 구매하러 올게요
감사합니다^-^",21.02.28.,5,0,한달사용기,선택1: 성인칫솔 / 선택2: 2-3줄모 / 선택3: 03-2)비타민올(세줄모)
1959,여러모로 만족합니다~^^,21.03.11.,5,0,0,선택1: 성인칫솔 / 선택2: 고급형칫솔 / 선택3: 02-1)이중모(탄력적인)
1960,재구매몇번째인지 모르겠지만 재주문하고 있네요~ ㅎ   제품 좋아요,21.02.28.,5,재구매,0,선택1: 성인칫솔 / 선택2: 고급형칫솔 / 선택3: 02-2)올슬림모(부드러운)
1961,최고에요 작년에 아이들꺼 주문하고 너무 좋아 아이들꺼 어른꺼까지 모두 구매 했어요 추천했어요 마트 칫솔과 달리 너무 좋아요,21.01.31.,5,0,0,선택1: 성인칫솔 / 선택2: 일반형칫솔 / 선택3: 01-2)이중모(탄력적인)
1962,"가성비 좋아요
잘 닦입니다",21.03.08.,4,0,0,선택1: 성인칫솔 / 선택2: 일반형칫솔 / 선택3: 01-2)이중모(탄력적인)
1963,교정후에 잘 안닦이는 부분 있어서 어금니용도고 주문했어요 잘 사용할게요,21.02.03.,5,0,0,선택1: 교정및어금니 / 선택2: 어금니칫솔 / 선택3: 06-2)돔형(단단한)
1964,일반 치솔보다 길이는 다소 짧고 폭이 넓습니다. 손잡이에 고무 등 다른 소재를 사용하지 않고 심플하게 제작한 점도 마음에 듭니다. 다만 모든 칫솔에 칫솔 케이스가 들어있을 필요는 없지 않나 싶습니다. 그래서 별 한 개 뺍니다.,21.01.20.,4,0,0,선택1: 성인칫솔 / 선택2: 광폭칫솔 / 선택3: 04-1)이중(탄력적인)
1965,계속 이곳에서 구매하고 있어요ㅎ앞으로도 구매예정,21.02.27.,5,0,0,선택1: 교정및어금니 / 선택2: 어금니칫솔 / 선택3: 06-2)돔형(단단한)
1966,"넘귀엽고 잘닦여요ㅎ
너구리라 맘에드네용",21.02.07.,5,0,0,선택1: 어린이칫솔 / 선택2: 너구리칫솔 / 선택3: 09-1)너구리올(24개월-6세)
1967,한달사용기재구매언제나여기꺼만써요!!!,21.03.09.,5,재구매,한달사용기,선택1: 교정및어금니 / 선택2: 교정칫솔 / 선택3: 05-1)일반형(단단한)
1968,한달사용기재구매언제나여기꺼만써용!!!,21.03.09.,5,재구매,한달사용기,선택1: 교정및어금니 / 선택2: 어금니칫솔 / 선택3: 06-1)일반형(단단한)
1969,재구매한 30개 쓴거 같아요 교정중에 자주 교체 해서 쓰고 있어요,21.02.05.,5,재구매,0,선택1: 성인칫솔 / 선택2: 일반형칫솔 / 선택3: 01-3)올슬림모(부드러운)
1970,캡이 각각 되어 있고 색깔별로 고르는 재미가 있어 너무 좋네요^^,21.02.08.,5,0,0,선택1: 성인칫솔 / 선택2: 고급형칫솔 / 선택3: 02-2)올슬림모(부드러운)
1971,한달사용기교정 칫솔 만족합니다.,21.03.08.,5,0,한달사용기,종류: 07 교정칫솔-일반형
1972,재구매새로나와서 한번 구매해봤는데 좋아요~~~,21.03.05.,5,재구매,0,선택1: 성인칫솔 / 선택2: 광폭칫솔 / 선택3: 04-1)이중(탄력적인)
1973,재구매했습니다 교정 시작한 이후로 너무 잘 쓰고 있는 칫솔들이에요 배송도 빨랐어요,21.02.04.,5,0,0,선택1: 성인칫솔 / 선택2: 2-3줄모 / 선택3: 03-1)두줄모(단단한)
1974,괜찮아요~~ 저렴이로 잘샀어요,21.03.03.,5,0,0,선택1: 성인칫솔 / 선택2: 일반형칫솔 / 선택3: 01-3)올슬림모(부드러운)
1975,항상쓰는거에요 이제 요거안쓰면안돼요 ㅎ,21.02.07.,5,0,0,선택1: 성인칫솔 / 선택2: 일반형칫솔 / 선택3: 01-2)이중모(탄력적인)
1976,재구매매번구매한상품이에요~~ 칫솔최고ㅋ,21.03.05.,5,재구매,0,선택1: 성인칫솔 / 선택2: 일반형칫솔 / 선택3: 01-3)올슬림모(부드러운)
1977,"아직 사용전이지만, 칫솔모도 부드러워보이고, 양치도 잘 될거 같아요!",21.02.07.,5,0,0,선택1: 어린이칫솔 / 선택2: 기린칫솔 / 선택3: 08-2)기린이중(7세-11세)
1978,재구매항상 여기서 주문해서 씁니다 ㅎ 약간 리뉴얼 된거 같아요 상품들이 ㅎㅎ 그래서 다른걸루 주문해봤습니다~역시나 좋네요!,21.02.17.,5,재구매,0,선택1: 성인칫솔 / 선택2: 광폭칫솔 / 선택3: 04-2)올슬림모(부드러운)
1979,좋아요 배송 빠르고 상품도 굿,21.02.27.,5,0,0,선택1: 성인칫솔 / 선택2: 광폭칫솔 / 선택3: 04-1)이중(탄력적인)
1980,항상 쓰던제품입니다. 만족합니다,21.02.11.,5,0,0,선택1: 성인칫솔 / 선택2: 고급형칫솔 / 선택3: 02-2)올슬림모(부드러운)
1981,매일 쓰던거라 다시 구매했어요.,21.03.04.,5,0,0,선택1: 어린이칫솔 / 선택2: 기린칫솔 / 선택3: 08-1)기린올(24개월-6세)
1982,재구매늘 구ㅁㅐ하능 칫솔이에욤,21.03.11.,5,재구매,0,선택1: 성인칫솔 / 선택2: 일반형칫솔 / 선택3: 01-2)이중모(탄력적인)
1983,조아염. 잘쓰고있어염,21.03.03.,5,0,0,선택1: 교정및어금니 / 선택2: 교정칫솔 / 선택3: 05-2)슬림형(부드러운)
1984,항상 여기꺼 써요 ㅎ 넘좋아용,21.02.07.,5,0,0,선택1: 어린이칫솔 / 선택2: 기린칫솔 / 선택3: 08-2)기린이중(7세-11세)
1985,어금니 칫솔 좋은거같아요~,21.03.04.,5,0,0,선택1: 교정및어금니 / 선택2: 어금니칫솔 / 선택3: 06-3)슬림형(부드러운)
1986,칫솔모가 단단해 어금니 상단면에 낀 음식물 제거에 좋습니다. 아이 충치가 많아지기에 구입했습니다. 치과에서도 어금니 칫솔 권하더군요. 다만 잇몸에 닿지 않게 사용해야 할 것 같습니다.,21.01.21.,4,0,0,선택1: 교정및어금니 / 선택2: 어금니칫솔 / 선택3: 06-1)일반형(단단한)
1987,재구매양치질 한번에 네가지 하는데 첫번째 사용하고 있어요 사용하기 좋아요,21.02.05.,5,재구매,0,선택1: 교정및어금니 / 선택2: 교정칫솔 / 선택3: 05-2)슬림형(부드러운)
1988,맘에들어요~~하나씩 잘 포장되서 왔어요,21.02.05.,5,0,0,선택1: 성인칫솔 / 선택2: 일반형칫솔 / 선택3: 01-2)이중모(탄력적인)
1989,"항상 개운하게 해주는
저의 동반자 ㅋㅋ
좋아요!!@",21.02.25.,4,0,0,선택1: 성인칫솔 / 선택2: 일반형칫솔 / 선택3: 01-2)이중모(탄력적인)
1990,광폭칫솔 첨 써보는데 잘쓰겠습니다~~,21.02.09.,5,0,0,선택1: 성인칫솔 / 선택2: 광폭칫솔 / 선택3: 04-1)이중(탄력적인)
1991,재구매매번 쓰는상품 좋아요~~,21.03.05.,5,재구매,0,선택1: 어린이칫솔 / 선택2: 기린칫솔 / 선택3: 08-1)기린올(24개월-6세)
1992,치과에서 사용해보고 비슷한 거 같아서 구매했는데 똑같은 것 같아요. 좋네요^^,21.01.29.,5,0,0,선택1: 교정및어금니 / 선택2: 교정칫솔 / 선택3: 05-1)일반형(단단한)
1993,한달사용기이것만써요 ㅋㅋㅋ~~,21.03.09.,5,0,한달사용기,선택1: 교정및어금니 / 선택2: 교정칫솔 / 선택3: 05-3)고급슬림형(부드러운)
1994,재구매늘 구매하는ㅊ ㅣㅅ솔이예요,21.03.11.,5,재구매,0,선택1: 교정및어금니 / 선택2: 어금니칫솔 / 선택3: 06-2)돔형(단단한)
1995,좋아여 매번여기서사요,21.03.02.,5,0,0,선택1: 성인칫솔 / 선택2: 고급형칫솔 / 선택3: 02-2)올슬림모(부드러운)
1996,모가 부드럽고 좋은 가격에 샀습니다. 감사합니다.,21.02.26.,5,0,0,선택1: 성인칫솔 / 선택2: 일반형칫솔 / 선택3: 01-2)이중모(탄력적인)
1997,"배송도 빠르고 품질도 좋아요
보내주신 서비스 상품 감사해요",21.02.05.,5,0,0,선택1: 교정및어금니 / 선택2: 교정칫솔 / 선택3: 05-3)고급슬림형(부드러운)
1998,동생추천으로 많이삿어요 믿고써욯ㅎ,21.02.02.,5,0,0,선택1: 성인칫솔 / 선택2: 일반형칫솔 / 선택3: 01-3)올슬림모(부드러운)
1999,한달사용기항상 쓰던 칫솔인데 사용하기 편해요.,21.02.27.,5,0,한달사용기,선택1: 어린이칫솔 / 선택2: 기린칫솔 / 선택3: 08-2)기린이중(7세-11세)
2000,"항상 구매하는 제품
좋아요",21.03.02.,5,0,0,선택1: 어린이칫솔 / 선택2: 기린칫솔 / 선택3: 08-1)기린올(24개월-6세)
2001,한달사용기부드러워요~~~|~~~,21.03.03.,5,0,한달사용기,선택1: 성인칫솔 / 선택2: 일반형칫솔 / 선택3: 01-2)이중모(탄력적인)
2002,"좋아요~굿
입안을 깨끗하게~",21.02.25.,3,0,0,선택1: 성인칫솔 / 선택2: 일반형칫솔 / 선택3: 01-3)올슬림모(부드러운)
2003,좋아요 부드럽고 만족합니다,21.02.02.,5,0,0,선택1: 성인칫솔 / 선택2: 고급형칫솔 / 선택3: 02-1)이중모(탄력적인)
2004,"한달사용기재구매너무좋아요
재구매각입니다",21.02.23.,5,재구매,한달사용기,선택1: 어린이칫솔 / 선택2: 기린칫솔 / 선택3: 08-1)기린올(24개월-6세)
2005,항상 사용하고 있는 제품입니다 좋아요,21.02.05.,5,0,0,선택1: 성인칫솔 / 선택2: 일반형칫솔 / 선택3: 01-2)이중모(탄력적인)
2006,계속 이곳에서 구매하고 있어요ㅎ,21.02.27.,5,0,0,선택1: 교정및어금니 / 선택2: 어금니칫솔 / 선택3: 06-3)슬림형(부드러운)
2007,빠른 배송 감사합니다 매번 잘 쓰고 있어요,21.02.04.,5,0,0,선택1: 교정및어금니 / 선택2: 교정칫솔 / 선택3: 05-2)슬림형(부드러운)
2008,빠른 배송 감사합니다 어금니칫솔 좋아요,21.02.04.,5,0,0,선택1: 교정및어금니 / 선택2: 어금니칫솔 / 선택3: 06-3)슬림형(부드러운)
2009,저렴하게 잘샀고 부드러워요,21.02.27.,5,0,0,선택1: 교정및어금니 / 선택2: 교정칫솔 / 선택3: 05-3)고급슬림형(부드러운)
2010,"배송빠르고 좋아요 
계속 이용할께요",21.02.27.,5,0,0,선택1: 성인칫솔 / 선택2: 고급형칫솔 / 선택3: 02-1)이중모(탄력적인)
2011,"해를 넘겨 3년 째 사용 중입니다. 
가족 모두 만족하고 특히 치아 교정중이 아이도 만족하네요.",21.01.22.,5,0,0,선택1: 성인칫솔 / 선택2: 일반형칫솔 / 선택3: 01-2)이중모(탄력적인)
2012,"칫솔 헤드 커버가 각각 칫솔마다 들어있어서 좋아요
엄마가 줘서 써봤던 칫솔인데 좋아서 구매했어요",21.01.29.,5,0,0,선택1: 성인칫솔 / 선택2: 고급형칫솔 / 선택3: 02-1)이중모(탄력적인)
2013,두번째 구입. 우리가족 잘 사용하고 있습니다,21.02.18.,5,0,0,선택1: 성인칫솔 / 선택2: 일반형칫솔 / 선택3: 01-2)이중모(탄력적인)
2014,한달사용기항상이치솔만씁니다요,21.02.27.,5,0,한달사용기,선택1: 성인칫솔 / 선택2: 고급형칫솔 / 선택3: 02-2)올슬림모(부드러운)
2015,"교정 8개월차 
대량 재구매합니다
너무좋아요",21.02.04.,5,0,0,선택1: 교정및어금니 / 선택2: 교정칫솔 / 선택3: 05-3)고급슬림형(부드러운)
2016,재구매합니다 어금니칫솔 좋아요,21.02.04.,5,0,0,선택1: 교정및어금니 / 선택2: 어금니칫솔 / 선택3: 06-2)돔형(단단한)
2017,한달사용기구석구석잘닦이는느낌이라좋아요~,21.02.24.,4,0,한달사용기,종류: 01 성인이중슬림모(보편적인)
2018,한달사용기구석구석잘닦이는느낌이에요~~좋아요~,21.02.24.,4,0,한달사용기,종류: 02 성인올슬림모-일반형(민감성)
2019,전체적으로 좋지만 v커팅이 정가운데가 아니라 약간 틀어져있네여,21.01.29.,5,0,0,선택1: 교정및어금니 / 선택2: 교정칫솔 / 선택3: 05-2)슬림형(부드러운)
2020,한달사용기재구매항상잘쓰고있어요 좋습니다.,21.02.25.,5,재구매,한달사용기,선택1: 교정및어금니 / 선택2: 교정칫솔 / 선택3: 05-2)슬림형(부드러운)
2021,두번째 주문입니다. 좋아요.,21.02.26.,5,0,0,선택1: 성인칫솔 / 선택2: 일반형칫솔 / 선택3: 01-3)올슬림모(부드러운)
2022,칫솔 부드럽고좋아오 고급 일반 둘다 샀는데 큰 차이는 없는듯요,21.01.22.,5,0,0,선택1: 성인칫솔 / 선택2: 일반형칫솔 / 선택3: 01-2)이중모(탄력적인)
2023,항상 사용하구 있습니다,21.02.05.,5,0,0,선택1: 교정및어금니 / 선택2: 교정칫솔 / 선택3: 05-2)슬림형(부드러운)
2024,다 떨어지면 항상 여기서 시켜요 좋습니다,21.02.01.,5,0,0,선택1: 교정및어금니 / 선택2: 교정칫솔 / 선택3: 05-2)슬림형(부드러운)
2025,이것만쓰게되요.재주문합니다.,21.01.30.,5,0,0,선택1: 어린이칫솔 / 선택2: 기린칫솔 / 선택3: 08-1)기린올(24개월-6세)
2026,어금니 손안닫는 곳닦을때 좋아요,21.02.02.,5,0,0,선택1: 성인칫솔 / 선택2: 일반형칫솔 / 선택3: 01-3)올슬림모(부드러운)
2027,사용 해보고 좋아서 재구매합니다,21.02.02.,5,0,0,선택1: 성인칫솔 / 선택2: 일반형칫솔 / 선택3: 01-2)이중모(탄력적인)
2028,재구매어금니 양치하기 좋아요~!,21.02.05.,5,재구매,0,선택1: 교정및어금니 / 선택2: 어금니칫솔 / 선택3: 06-3)슬림형(부드러운)
2029,좋아요 ~~ 잘쓸게요,21.02.05.,5,0,0,선택1: 성인칫솔 / 선택2: 고급형칫솔 / 선택3: 02-1)이중모(탄력적인)
2030,재구매포장좀 잘해주세요 포장좀 잘해주세요,21.03.19.,3,재구매,0,선택1: 성인칫솔 / 선택2: 고급형칫솔 / 선택3: 02-2)올슬림모(부드러운)
2031,재구매포장좀 잘해주세요 포장좀 잘해주세요,21.03.19.,3,재구매,0,선택1: 교정및어금니 / 선택2: 어금니칫솔 / 선택3: 06-3)슬림형(부드러운)
2032,재구매좋아요 만족합니다,21.02.04.,5,0,0,선택1: 교정및어금니 / 선택2: 어금니칫솔 / 선택3: 06-2)돔형(단단한)
2033,배송 빠르고 좋아요,21.02.26.,3,0,0,선택1: 교정및어금니 / 선택2: 어금니칫솔 / 선택3: 06-1)일반형(단단한)
2034,배송 빠르고 좋아요,21.02.26.,3,0,0,선택1: 교정및어금니 / 선택2: 교정칫솔 / 선택3: 05-2)슬림형(부드러운)
2035,배송 빠르고 좋아요,21.02.26.,3,0,0,선택1: 교정및어금니 / 선택2: 교정칫솔 / 선택3: 05-1)일반형(단단한)
2036,배송도 빠르고 좋아요!,21.02.25.,5,0,0,선택1: 교정및어금니 / 선택2: 교정칫솔 / 선택3: 05-3)고급슬림형(부드러운)
2037,재구매에요 계속 이고만 쓰게 되요,21.02.17.,5,0,0,선택1: 성인칫솔 / 선택2: 2-3줄모 / 선택3: 03-2)비타민올(세줄모)
2038,배송빠르고 굿굿 ㅎㅎㅎ,21.02.27.,5,0,0,선택1: 교정및어금니 / 선택2: 어금니칫솔 / 선택3: 06-3)슬림형(부드러운)
2039,좋아요 감사합니다!! 굿굿굿,21.02.19.,5,0,0,선택1: 성인칫솔 / 선택2: 고급형칫솔 / 선택3: 02-2)올슬림모(부드러운)
2040,"배송 빠르고 좋아요,",21.02.26.,3,0,0,선택1: 교정및어금니 / 선택2: 어금니칫솔 / 선택3: 06-2)돔형(단단한)
2041,저렴하게구입했습니다.,21.02.04.,5,0,0,선택1: 성인칫솔 / 선택2: 일반형칫솔 / 선택3: 01-1)일반형(단단모)
2042,저렴하게구입했습니다.,21.02.04.,5,0,0,선택1: 성인칫솔 / 선택2: 일반형칫솔 / 선택3: 01-2)이중모(탄력적인)
2043,매번 쓰는거라 떠 주문했어요!!,21.02.23.,5,0,0,선택1: 어린이칫솔 / 선택2: 기린칫솔 / 선택3: 08-1)기린올(24개월-6세)
2044,제품이 일반형이라서 그냥 뻣뻣하구나 하면서 썼습니다. 문제는 일주일만에 칫솔이 망가졌어요. 물론 제가 격하게 쓴 이유도 있겠죠... 그냥 담엔 치과가서 칫솔사려구요....,20.12.23.,1,0,0,종류: 07 교정칫솔-일반형
2045,좋아요 좋아요 좋아요 좋아요 좋아요 좋아요 좋아요 좋아요 좋아요 좋아요 좋아요 좋아요 좋아요 좋아요,21.02.25.,5,0,0,선택1: 교정및어금니 / 선택2: 어금니칫솔 / 선택3: 06-1)일반형(단단한)
2046,좋아요 좋아요 좋아요 좋아요 좋아요 좋아요 좋아요 좋아요 좋아요 좋아요 좋아요 좋아요 좋아요,21.02.25.,5,0,0,선택1: 어린이칫솔 / 선택2: 기린칫솔 / 선택3: 08-1)기린올(24개월-6세)
2047,주기적으로 주문하는 칫솔입니다 만족합니다,21.02.19.,5,0,0,선택1: 성인칫솔 / 선택2: 일반형칫솔 / 선택3: 01-2)이중모(탄력적인)
2048,재구매좋아요~~~~~~~,21.03.04.,4,재구매,0,선택1: 성인칫솔 / 선택2: 일반형칫솔 / 선택3: 01-2)이중모(탄력적인)
2049,"재구매세번째 구매중입니다. 적당한 사이즈에 칫솔모도 괜찮고,가격도 만족입니다.",21.01.22.,5,재구매,0,선택1: 성인칫솔 / 선택2: 일반형칫솔 / 선택3: 01-2)이중모(탄력적인)
2050,아주 좋아요. 잘 사용할게요,21.02.19.,5,0,0,선택1: 어린이칫솔 / 선택2: 기린칫솔 / 선택3: 08-2)기린이중(7세-11세)
2051,재구매매우 만족합니다~~~~,21.02.06.,5,재구매,0,선택1: 성인칫솔 / 선택2: 초미세모 / 선택3: 0)초미세모(매우부드러운)
2052,좋아요좋아요좋아요좋아요,21.03.18.,5,0,0,선택1: 성인칫솔 / 선택2: 일반형칫솔 / 선택3: 01-2)이중모(탄력적인)
2053,교정징치 사이사이 잘 닦여요,21.02.21.,5,0,0,선택1: 교정및어금니 / 선택2: 어금니칫솔 / 선택3: 06-1)일반형(단단한)
2054,"한달사용기재구매칫솔 가성비 굿
좋아요",21.02.23.,5,재구매,한달사용기,선택1: 교정및어금니 / 선택2: 교정칫솔 / 선택3: 05-2)슬림형(부드러운)
2055,항상사용하던거라또주문합니다,21.01.30.,5,0,0,선택1: 성인칫솔 / 선택2: 고급형칫솔 / 선택3: 02-1)이중모(탄력적인)
2056,양치가 잘되고 마음에들어요,21.02.20.,4,0,0,선택1: 성인칫솔 / 선택2: 고급형칫솔 / 선택3: 02-1)이중모(탄력적인)
2057,칫솔 선물받아서 써보고 좋아서 주문해요. 이제 다른 칫솔은 못 쓰겠어요. 다만 이중슬림모를 주문한다는게 올슬림모를 왕창 시켰네요ㅠ후기 사진 자세히 보고 고를걸 그랬어요. 올슬림모도 좋을거라 생각합니다. 사은품도 좋아요.,20.12.16.,5,0,0,선택1: 성인칫솔 / 선택2: 고급형칫솔 / 선택3: 02-2)올슬림모(부드러운)
2058,교정장치 사이 잘 닦여요~,21.02.21.,5,0,0,선택1: 교정및어금니 / 선택2: 어금니칫솔 / 선택3: 06-2)돔형(단단한)
2059,"한달사용기재구매저렴하고
좋아요
부담없어요ㅎㅎ",21.02.23.,5,재구매,한달사용기,선택1: 어린이칫솔 / 선택2: 너구리칫솔 / 선택3: 09-1)너구리올(24개월-6세)
2060,한달사용기편하고 칫솔 이만한 거 또 없네요,21.02.18.,4,0,한달사용기,종류: 08 교정칫솔-슬림형
2061,재구매싸서 자주 바꿀수있어요 교정내내 쓰고있어요,21.01.23.,5,재구매,0,선택1: 성인칫솔 / 선택2: 2-3줄모 / 선택3: 03-1)두줄모(단단한)
2062,빠른배송 좋네요 일단 써보고 더구매하렵니다,21.02.09.,5,0,0,선택1: 교정및어금니 / 선택2: 교정칫솔 / 선택3: 05-2)슬림형(부드러운)
2063,한달사용기편리하게 잘 쓰고 있습니다,21.02.18.,4,0,한달사용기,종류: 10 어금니-돔형
2064,한가득 쟁여놓으니 너무좋네요~늘쓰던거라 별5개~드려요,21.01.19.,5,0,0,선택1: 어린이칫솔 / 선택2: 기린칫솔 / 선택3: 08-2)기린이중(7세-11세)
2065,한가득 쟁여놓으니 너무좋네요~늘쓰던거라 별5개~드려요,21.01.19.,5,0,0,선택1: 성인칫솔 / 선택2: 광폭칫솔 / 선택3: 04-1)이중(탄력적인)
2066,한가득 쟁여놓으니 너무좋네요~늘쓰던거라 별5개~드려요,21.01.19.,5,0,0,선택1: 성인칫솔 / 선택2: 2-3줄모 / 선택3: 03-2)비타민올(세줄모)
2067,한가득 쟁여놓으니 너무좋네요~늘쓰던거라 별5개~드려요,21.01.19.,5,0,0,선택1: 성인칫솔 / 선택2: 고급형칫솔 / 선택3: 02-2)올슬림모(부드러운)
2068,조아요조아요조아뇨조아요,21.03.13.,3,0,0,선택1: 성인칫솔 / 선택2: 일반형칫솔 / 선택3: 01-2)이중모(탄력적인)
2069,한가득 쟁여놓으니 너무좋네요~늘쓰던거라 별5개~드려요~,21.01.19.,5,0,0,선택1: 성인칫솔 / 선택2: 고급형칫솔 / 선택3: 02-1)이중모(탄력적인)
2070,칫솔 선물받아서 써보고 좋아서 주문해요. 이제 다른 칫솔은 못 쓰겠어요. 다만 이중슬림모를 주문한다는게 올슬림모를 왕창 시켰네요ㅠ후기 사진 자세히 보고 고를걸 그랬어요. 사은품도 좋아요.,20.12.16.,5,0,0,선택1: 성인칫솔 / 선택2: 광폭칫솔 / 선택3: 04-1)이중(탄력적인)
2071,"한달사용기단단해서 잘 안달고 넘 좋아서 교정 끝나도 계속사고
다른사람들한테도 추천해줬습니다!ㅋㅋ",21.02.08.,5,0,한달사용기,종류: 00 성인일반모(단단한)
2072,재구매부드럽고 좋아요~~~~~~,21.02.22.,5,재구매,0,선택1: 교정및어금니 / 선택2: 교정칫솔 / 선택3: 05-2)슬림형(부드러운)
2073,재구매항상 여기서 주문해서 써요 ㅎ,21.02.17.,5,재구매,0,선택1: 성인칫솔 / 선택2: 광폭칫솔 / 선택3: 04-1)이중(탄력적인)
2074,배송 빠르고 찾던 제품입니다. 다음에 또 구매예정입니다.,21.02.08.,5,0,0,선택1: 교정및어금니 / 선택2: 교정칫솔 / 선택3: 05-2)슬림형(부드러운)
2075,"한달사용기재구매좋아요
가성비 👍 👍 👍 👍 👍",21.02.23.,5,재구매,한달사용기,선택1: 어린이칫솔 / 선택2: 기린칫솔 / 선택3: 08-2)기린이중(7세-11세)
2076,제일 부드러운 슬림모 샀는데 부드럽고 좋네요 종류별로 있어서 좋어요,21.02.06.,5,0,0,선택1: 성인칫솔 / 선택2: 일반형칫솔 / 선택3: 01-3)올슬림모(부드러운)
2077,재구매칫솔 부드럽게 잘닦여서 재구매했어요,21.02.14.,5,재구매,0,선택1: 교정및어금니 / 선택2: 교정칫솔 / 선택3: 05-2)슬림형(부드러운)
2078,좋아요 고급 일반 별차이없음..,21.01.22.,4,0,0,선택1: 성인칫솔 / 선택2: 고급형칫솔 / 선택3: 02-1)이중모(탄력적인)
2079,감사합니다 재구매합니다,21.02.18.,5,0,0,선택1: 어린이칫솔 / 선택2: 너구리칫솔 / 선택3: 09-2)너구리이중(7세-11세)
2080,감사합니다 재구매합니다,21.02.18.,5,0,0,선택1: 어린이칫솔 / 선택2: 기린칫솔 / 선택3: 08-1)기린올(24개월-6세)
2081,상품 배송 모두 만족합니다.,21.02.16.,5,0,0,선택1: 성인칫솔 / 선택2: 고급형칫솔 / 선택3: 02-4)미소숯올(부드러운)
2082,상품 배송 모두 만족합니다.,21.02.16.,5,0,0,선택1: 성인칫솔 / 선택2: 광폭칫솔 / 선택3: 04-1)이중(탄력적인)
2083,상품 배송 모두 만족합니다.,21.02.16.,5,0,0,선택1: 성인칫솔 / 선택2: 고급형칫솔 / 선택3: 02-1)이중모(탄력적인)
2084,칫솔 깔끔하고 맘에 들어요,21.02.16.,5,0,0,선택1: 성인칫솔 / 선택2: 일반형칫솔 / 선택3: 01-2)이중모(탄력적인)
2085,한달사용기재구매배송도 빠르고 좋아요,21.02.16.,5,재구매,한달사용기,종류: 03 성인올슬림모-고급형(민감성)
2086,한달사용기재구매배송도 빠르고 좋아요,21.02.16.,5,재구매,한달사용기,종류: 08 교정칫솔-슬림형
2087,한달사용기재구매배송도 빠르고 좋아요,21.02.16.,5,재구매,한달사용기,종류: 14 미소덴탈 금올슬림모(민감성)
2088,한달사용기재구매배송도 빠르고 좋아요,21.02.16.,5,재구매,한달사용기,종류: 15 미소덴탈 숯올슬림모(민감성)
2089,한달사용기재구매항상 애용합니다 좋아요,21.01.26.,5,재구매,한달사용기,종류: 01 성인이중슬림모(보편적인)
2090,재구매항상 애용합니다 좋아요,21.01.26.,5,재구매,0,선택1: 성인칫솔 / 선택2: 일반형칫솔 / 선택3: 01-1)일반형(단단모)
2091,재구매항상 애용합니다 좋아요,21.01.26.,5,재구매,0,선택1: 성인칫솔 / 선택2: 일반형칫솔 / 선택3: 01-2)이중모(탄력적인)
2092,재구매항상 애용합니다 좋아요,21.01.26.,5,재구매,0,선택1: 성인칫솔 / 선택2: 일반형칫솔 / 선택3: 01-3)올슬림모(부드러운)
2093,재구매항상 애용합니다 좋아요,21.01.26.,5,재구매,0,선택1: 성인칫솔 / 선택2: 고급형칫솔 / 선택3: 02-1)이중모(탄력적인)
2094,재구매항상 애용합니다 좋아요,21.01.26.,5,재구매,0,선택1: 성인칫솔 / 선택2: 고급형칫솔 / 선택3: 02-2)올슬림모(부드러운)
2095,재구매항상 애용합니다 좋아요,21.01.26.,5,재구매,0,선택1: 교정및어금니 / 선택2: 어금니칫솔 / 선택3: 06-3)슬림형(부드러운)
2096,교정중이라 칫솔자주바꿔야하는데 저렴한가격에 구매할수있어서 좋아요ㅎ,21.02.07.,5,0,0,선택1: 교정및어금니 / 선택2: 교정칫솔 / 선택3: 05-3)고급슬림형(부드러운)
2097,재구매부드럽고 조아요~~~~,21.02.20.,4,재구매,0,선택1: 성인칫솔 / 선택2: 초미세모 / 선택3: 0)초미세모(매우부드러운)
2098,배송 빠르고 좋아요~,21.01.28.,5,0,0,선택1: 성인칫솔 / 선택2: 일반형칫솔 / 선택3: 01-3)올슬림모(부드러운)
2099,감사합니다 재구매합니다,21.02.17.,5,0,0,선택1: 성인칫솔 / 선택2: 일반형칫솔 / 선택3: 01-2)이중모(탄력적인)
2100,배송 빠르고 칫솔 좋아요 ~~,21.02.16.,5,0,0,선택1: 성인칫솔 / 선택2: 일반형칫솔 / 선택3: 01-1)일반모(단단모)
2101,좋아요좋아요조아요조아요조아요,21.01.28.,5,0,0,선택1: 성인칫솔 / 선택2: 일반형칫솔 / 선택3: 01-2)이중모(탄력적인)
2102,부드러운게 잇몸에 무리안가는거 같아요~~,21.01.23.,4,0,0,선택1: 성인칫솔 / 선택2: 광폭칫솔 / 선택3: 04-2)올슬림모(부드러운)
2103,애들것 사면서 사은품으로 하나 받은걸 사용해보고 너무 좋아서 주문했어요^^,21.02.06.,5,0,0,선택1: 성인칫솔 / 선택2: 2-3줄모 / 선택3: 03-2)비타민올(세줄모)
2104,배송빠르고 좋아요~~~,21.01.28.,5,0,0,선택1: 교정및어금니 / 선택2: 교정칫솔 / 선택3: 05-1)일반형(단단한)
2105,배송빠르고 좋아요~~~,21.01.28.,5,0,0,선택1: 성인칫솔 / 선택2: 일반형칫솔 / 선택3: 01-2)이중모(탄력적인)
2106,한달사용기재구매만족하며 사용하고 있어요.,21.02.14.,4,재구매,한달사용기,선택1: 성인칫솔 / 선택2: 일반형칫솔 / 선택3: 01-3)올슬림모(부드러운)
2107,부드럽고 잘 닦이고 사이즈 맘에 들어 늘 사용중인 제품인데 가격도 저렴하게 잘 샀어요~~,21.02.05.,5,0,0,선택1: 성인칫솔 / 선택2: 일반형칫솔 / 선택3: 01-2)이중모(탄력적인)
2108,부드럽게 잘 닦여 아이들이 좋아해요,21.01.22.,5,0,0,선택1: 어린이칫솔 / 선택2: 기린칫솔 / 선택3: 08-2)기린이중(7세-11세)
2109,배송 빠르고 좋아요~~~~,21.01.28.,5,0,0,선택1: 교정및어금니 / 선택2: 어금니칫솔 / 선택3: 06-2)돔형(단단한)
2110,"재구매칫솔 이것만 쓰고 있어요
배송도 빠르고... 개별로 포장되어있어서 좀아깝네요",21.02.06.,4,재구매,0,선택1: 성인칫솔 / 선택2: 일반형칫솔 / 선택3: 01-2)이중모(탄력적인)
2111,너무 너무 좋아요 .,21.02.16.,5,0,0,선택1: 성인칫솔 / 선택2: 일반형칫솔 / 선택3: 01-3)올슬림모(부드러운)
2112,한달사용기재구매빠른배송 감사합니다.,21.02.15.,5,재구매,한달사용기,선택1: 교정및어금니 / 선택2: 어금니칫솔 / 선택3: 06-3)슬림형(부드러운)
2113,가족 사용하는 칫솔 모두 요 제품만 씁니다..아이들용 제품도 그렇고 만족하며 사용합니다~,21.02.05.,5,0,0,선택1: 성인칫솔 / 선택2: 광폭칫솔 / 선택3: 04-1)이중(탄력적인)
2114,칫솔 좋네요 잘 쓸께요,21.02.16.,5,0,0,선택1: 교정및어금니 / 선택2: 어금니칫솔 / 선택3: 06-2)돔형(단단한)
2115,부드럽게 구석구석 잘 닦여 좋아요,21.01.22.,5,0,0,선택1: 성인칫솔 / 선택2: 고급형칫솔 / 선택3: 02-1)이중모(탄력적인)
2116,쓰던거예요 헤드가 작으서 깊숙히 꼼꼼하게 닦을 수 있고 부드러워요,21.02.01.,5,0,0,선택1: 성인칫솔 / 선택2: 고급형칫솔 / 선택3: 02-2)올슬림모(부드러운)
2117,재구매써보고 무난해서 또 샀어요,21.01.23.,5,재구매,0,선택1: 교정및어금니 / 선택2: 어금니칫솔 / 선택3: 06-1)일반형(단단한)
2118,재구매써보고 무난해서 또 샀어요,21.01.23.,5,재구매,0,선택1: 교정및어금니 / 선택2: 교정칫솔 / 선택3: 05-2)슬림형(부드러운)
2119,재구매써보고 무난해서 또 샀어요,21.01.23.,5,재구매,0,선택1: 교정및어금니 / 선택2: 어금니칫솔 / 선택3: 06-3)슬림형(부드러운)
2120,재구매써보고 무난해서 또 샀어요,21.01.23.,5,재구매,0,선택1: 교정및어금니 / 선택2: 교정칫솔 / 선택3: 05-2)슬림형(부드러운)
2121,"두 아들이 항상 쓰는 제품입니다.
배송 빠르고 상품 좋아요. ^^",21.02.08.,5,0,0,선택1: 교정및어금니 / 선택2: 교정칫솔 / 선택3: 05-1)일반형(단단한)
2122,초미세모 부드러워서 좋네요 종류많아 좋어요,21.02.06.,5,0,0,선택1: 성인칫솔 / 선택2: 초미세모 / 선택3: 0)초미세모(매우부드러운)
2123,배송 빠름 좋아요~~~~|,21.01.28.,5,0,0,선택1: 교정및어금니 / 선택2: 어금니칫솔 / 선택3: 06-1)일반형(단단한)
2124,재구매항상 쓰던 제품입니당. 좋아요,21.02.12.,5,재구매,0,선택1: 성인칫솔 / 선택2: 초미세모 / 선택3: 0)초미세모(매우부드러운)
2125,좋아요 고급 일반 큰 차이없음,21.01.22.,4,0,0,선택1: 성인칫솔 / 선택2: 일반형칫솔 / 선택3: 01-3)올슬림모(부드러운)
2126,배송도 빠르고 교정치아 칫솔질하기 좋습니다.,21.02.08.,5,0,0,선택1: 교정및어금니 / 선택2: 어금니칫솔 / 선택3: 06-1)일반형(단단한)
2127,"이제 큰아이까지 교정을하게되어
믿고쓰고있는제품 항상 구매하여 
잘쓰고있네요
혀크리너 사은품 감사합니다",21.01.31.,5,0,0,선택1: 교정및어금니 / 선택2: 교정칫솔 / 선택3: 05-2)슬림형(부드러운)
2128,배송빠르고 가성비 좋아요ㅎㅎ,21.01.23.,5,0,0,선택1: 교정및어금니 / 선택2: 교정칫솔 / 선택3: 05-2)슬림형(부드러운)
2129,광폭칫솔 특이하고 교합면이랑 끝쪽 잘닦여서 좋어요,21.02.06.,5,0,0,선택1: 성인칫솔 / 선택2: 광폭칫솔 / 선택3: 04-2)올슬림모(부드러운)
2130,재구매두번째 주문이예요 꼼꼼히 닦여요,21.02.09.,5,재구매,0,선택1: 성인칫솔 / 선택2: 광폭칫솔 / 선택3: 04-1)이중(탄력적인)
2131,잘 받았습니다. 교정칫솔은 처음부터 이거쓰고있어요~,21.02.01.,5,0,0,선택1: 교정및어금니 / 선택2: 교정칫솔 / 선택3: 05-1)일반형(단단한)
2132,잘 닦이겠죠.....,21.02.17.,5,0,0,0
2133,종류별로 있어서 좋아요 3줄모는 세척하는데 쓰려고 샀어요,21.02.06.,5,0,0,선택1: 성인칫솔 / 선택2: 2-3줄모 / 선택3: 03-2)비타민올(세줄모)
2134,부드럽게 쓰기 좋아요~~,21.01.23.,4,0,0,선택1: 어린이칫솔 / 선택2: 기린칫솔 / 선택3: 08-2)기린이중(7세-11세)
2135,마음이든든하네요^^,21.01.23.,5,0,0,선택1: 어린이칫솔 / 선택2: 기린칫솔 / 선택3: 08-2)기린이중(7세-11세)
2136,마음이든든하네요^^,21.01.23.,5,0,0,선택1: 성인칫솔 / 선택2: 고급형칫솔 / 선택3: 02-2)올슬림모(부드러운)
2137,"우리가족이 늘 사용하는 칫솔입니다.
색상도 이쁘고 양치할때 잇몸도 안아프고 꼼꼼하게 양치질할수있어서 좋습니다.
디자인도 이뻐요^^",21.01.29.,5,0,0,선택1: 성인칫솔 / 선택2: 고급형칫솔 / 선택3: 02-1)이중모(탄력적인)
2138,"우리가족이 늘 사용하는 칫솔입니다.
색상도 이쁘고 양치할때 잇몸도 안아프고 꼼꼼하게 양치질할수있어서 좋습니다.
디자인도 이뻐요^^",21.01.29.,5,0,0,선택1: 성인칫솔 / 선택2: 광폭칫솔 / 선택3: 04-1)이중(탄력적인)
2139,아이 치아 관리를 해주려고 샀어요. 앞니와 어금니 관리해주기 편한거 같아요.,21.01.09.,5,0,0,선택1: 교정및어금니 / 선택2: 어금니칫솔 / 선택3: 06-2)돔형(단단한)
2140,유아가 쓰기 딱좋아여~~솔도부드럽고 맘에드네여~~,21.01.06.,5,0,0,선택1: 어린이칫솔 / 선택2: 유아칫솔 / 선택3: 07-1)유아(15개월-36개월)
2141,어금니칫솔 좋네요!,21.01.21.,4,0,0,선택1: 성인칫솔 / 선택2: 고급형칫솔 / 선택3: 02-2)올슬림모(부드러운)
2142,배송은 빨랐어요~ 칫솔은 부드러운  편입니다,20.12.02.,5,0,0,종류: 09 어금니-일반형
2143,좋아요 잘쓸께요 매번쓰고있어요,21.02.04.,3,0,0,선택1: 성인칫솔 / 선택2: 고급형칫솔 / 선택3: 02-4)미소숯올(부드러운)
2144,생각만큼 편하진 않지만 그래도 꾸준히 써보려구요~,21.01.14.,5,0,0,종류: 11 어금니-슬림형
2145,생각만큼 편하진 않지만 그래도 꾸준히 써보려구요~,21.01.14.,5,0,0,종류: 10 어금니-돔형
2146,생각만큼 편하진 않지만 그래도 꾸준히 써보려구요~,21.01.14.,5,0,0,종류: 09 어금니-일반형
2147,"맘에
들어요 담에도 주문할께요^^",21.01.14.,5,0,0,선택1: 성인칫솔 / 선택2: 고급형칫솔 / 선택3: 02-2)올슬림모(부드러운)
2148,교정용 칫솔이 필요해서 구매했는데 사용하기 괜찮네요!,21.02.02.,5,0,0,선택1: 교정및어금니 / 선택2: 어금니칫솔 / 선택3: 06-1)일반형(단단한)
2149,"부드럽고 잘닦여서 좋아요
또 구매할께요",21.02.01.,5,0,0,선택1: 성인칫솔 / 선택2: 광폭칫솔 / 선택3: 04-2)올슬림모(부드러운)
2150,좋습니다. 요즘 칫솔은 여기것만 씁니다.,21.01.11.,5,0,0,선택1: 성인칫솔 / 선택2: 일반형칫솔 / 선택3: 01-2)이중모(탄력적인)
2151,재구매항상구매하는 칫솔이에요,21.02.07.,5,재구매,0,선택1: 성인칫솔 / 선택2: 일반형칫솔 / 선택3: 01-3)올슬림모(부드러운)
2152,저렴허고 좋아요~!,21.01.21.,4,0,0,선택1: 교정및어금니 / 선택2: 어금니칫솔 / 선택3: 06-1)일반형(단단한)
2153,한달사용기항상 여기서만 시켜요 !한달에 칫솔 하나씩 교체 합니다,21.01.07.,5,0,한달사용기,종류: 08 교정칫솔-슬림형
2154,치과사용하는거라 믿고 구매합니다~아이들꺼 어른꺼 다 구매했어요~,21.01.07.,4,0,0,선택1: 성인칫솔 / 선택2: 일반형칫솔 / 선택3: 01-2)이중모(탄력적인)
2155,"어금니칫솔이 필요해서 구매했는데 만족합니다
같이 보내주신 사은품도 감사히 잘 쓰겠습니다",21.01.07.,4,0,0,선택1: 성인칫솔 / 선택2: 고급형칫솔 / 선택3: 02-3)미소금올(부드러운)
2156,3번째 구매인것 같네요 써보니깐 괜찮은것 같습니다 많이 파세요,21.01.12.,5,0,0,선택1: 성인칫솔 / 선택2: 고급형칫솔 / 선택3: 02-1)이중모(탄력적인)
2157,늘 쓰던칫솔~아주 만족하며 쓰고있습니다.,21.01.15.,5,0,0,선택1: 성인칫솔 / 선택2: 일반형칫솔 / 선택3: 01-1)일반형(단단모)
2158,좋아요 매번쓰고있어요,21.02.04.,3,0,0,선택1: 성인칫솔 / 선택2: 고급형칫솔 / 선택3: 02-3)미소금올(부드러운)
2159,칫솔 선물받아서 써보고 좋아서 주문해요. 이제 다른 칫솔은 못 쓰겠어요. 다만 이중슬림모를 주문한다는게 올슬림모를 왕창 시켰네요ㅠ후기 사진 자세히 보고 고를걸 그랬어요. 올슬림모도 좋을거라 생각합니다. 사은품도 좋아요.,20.12.16.,5,0,0,선택1: 성인칫솔 / 선택2: 고급형칫솔 / 선택3: 02-1)이중모(탄력적인)
2160,교정용 칫솔도 있어서 좋네요,21.01.16.,5,0,0,선택1: 성인칫솔 / 선택2: 초미세모 / 선택3: 0)초미세모
2161,저에겐 칫솔이 작게 느껴지고 힘들게 딱이는 느낌때문에 팔도 아프네요 하지만 개운함은 좋네요,21.01.22.,5,0,0,선택1: 교정및어금니 / 선택2: 어금니칫솔 / 선택3: 06-3)슬림형(부드러운)
2162,"재구매재구매 일반모 보다는 이중모가 잘맞는것 같네요 저렴하고 잘닦이고 좋습니다.
서비스로 클리너하고 치실 주셨네요 
감사합니다. 잘쓰겠습니다",20.12.29.,5,재구매,0,선택1: 성인칫솔 / 선택2: 일반형칫솔 / 선택3: 01-2)이중모(탄력적인)
2163,써보고 좋아서 재구매했습니다~,21.01.16.,5,0,0,선택1: 성인칫솔 / 선택2: 일반형칫솔 / 선택3: 01-3)올슬림모(부드러운)
2164,"좋아요 
칫솔모가 단단해서 일반으로 사면 첨엔 좀 아플 수 있는데 나중에 익숙해지면 정말 양치질이 깨끗하게 되서 
스케일링했을때 상태처럼 깨끗하게 만들수있어요ㅋ
교정기간 잘 사용했고 교정 끝났지만 그래도 쓰기 좋아서 계속 쓰게되네여 ㅋㅋㅋ",20.12.21.,5,0,0,종류: 07 교정칫솔-일반형
2165,좋습니다! 치아관리하려구 이것저것 샀어요 치실도 서비스로 더넣어주셔서 감사해요!,21.01.02.,5,0,0,선택1: 교정및어금니 / 선택2: 어금니칫솔 / 선택3: 06-1)일반형(단단한)
2166,한 번 써본 후에 너무 만족도가 높이 늘 사용하는 칫솔입니다. 온가족이 다 쓰는데 그 어떤 브랜드 칫솔보다 좋습니다^^,21.01.19.,5,0,0,선택1: 성인칫솔 / 선택2: 일반형칫솔 / 선택3: 01-2)이중모(탄력적인)
2167,한 번 써본 후에 너무 만족도가 높이 늘 사용하는 칫솔입니다. 온가족이 다 쓰는데 그 어떤 브랜드 칫솔보다 좋습니다^^,21.01.19.,5,0,0,선택1: 성인칫솔 / 선택2: 일반형칫솔 / 선택3: 01-3)올슬림모(부드러운)
2168,한 번 써본 후에 너무 만족도가 높이 늘 사용하는 칫솔입니다. 온가족이 다 쓰는데 그 어떤 브랜드 칫솔보다 좋습니다^^,21.01.19.,5,0,0,선택1: 어린이칫솔 / 선택2: 기린칫솔 / 선택3: 08-2)기린이중(7세-11세)
2169,재구매치아교정중인데 이거 진짜 물건인듯^^양치 마무리할때 써요 굿,21.01.04.,5,재구매,0,선택1: 교정및어금니 / 선택2: 어금니칫솔 / 선택3: 06-3)슬림형(부드러운)
2170,항상 사용하는 제품입니다~,21.01.16.,5,0,0,선택1: 성인칫솔 / 선택2: 일반형칫솔 / 선택3: 01-1)일반형(단단모)
2171,저렴하게 잘 구매했습니다~,21.01.16.,5,0,0,선택1: 성인칫솔 / 선택2: 일반형칫솔 / 선택3: 01-2)이중모(탄력적인)
2172,한달사용기칫솔 쓰면 세게 칫솔질 해도 잘 안 닦이는 칫솔도 있는데 이 칫솔은 조금만 신경써서 칫솔질 하면 잘 닦이니까 좋아오!,21.01.06.,5,0,한달사용기,종류: 03 성인올슬림모-고급형(민감성)
2173,항상 구매하는 상품이에요 ~~,21.01.16.,5,0,0,선택1: 성인칫솔 / 선택2: 2-3줄모 / 선택3: 03-2)비타민올(세줄모)
2174,항상 구매하는 제품입니다~~,21.01.16.,5,0,0,선택1: 성인칫솔 / 선택2: 일반형칫솔 / 선택3: 01-2)이중모(탄력적인)
2175,항상 사용하는 제품이에요~~,21.01.16.,5,0,0,선택1: 교정및어금니 / 선택2: 어금니칫솔 / 선택3: 06-1)일반형(단단한)
2176,교즹칫솔이 빨리 망가져서 자주 교체하게 되네요 잘쓸께요,21.01.05.,5,0,0,선택1: 교정및어금니 / 선택2: 교정칫솔 / 선택3: 05-2)슬림형(부드러운)
2177,재구매아이들꺼 주문하면서 같이 주문해봤는데 솔이 부드럽고 사이즈도 크지 않아 잘쓸수있겠네요,21.01.05.,5,재구매,0,선택1: 성인칫솔 / 선택2: 광폭칫솔 / 선택3: 04-2)올슬림모(부드러운)
2178,재구매아이들이 한번 써보더니 이것만 찾아요 너무 부드럽고 좋대요,21.01.04.,5,재구매,0,선택1: 성인칫솔 / 선택2: 초미세모 / 선택3: 0)초미세모
2179,재구매항상 사용하는 제품이예요,21.01.14.,5,재구매,0,선택1: 어린이칫솔 / 선택2: 기린칫솔 / 선택3: 08-2)기린이중(7세-11세)
2180,칫솔 선물받아서 써보고 좋아서 주문해요. 이제 다른 칫솔은 못 쓰겠어요. 다만 이중슬림모를 주문한다는게 올슬림모를 왕창 시켰네요ㅠ후기 사진 자세히 보고 고를걸 그랬어요. 사은품도 좋아요.,20.12.16.,5,0,0,선택1: 성인칫솔 / 선택2: 2-3줄모 / 선택3: 03-2)비타민올(세줄모)
2181,칫솔 선물받아서 써보고 좋아서 주문해요. 이제 다른 칫솔은 못 쓰겠어요. 다만 이중슬림모를 주문한다는게 올슬림모를 왕창 시켰네요ㅠ후기 사진 자세히 보고 고를걸 그랬어요. 사은품도 좋아요.,20.12.16.,5,0,0,선택1: 성인칫솔 / 선택2: 광폭칫솔 / 선택3: 04-2)올슬림모(부드러운)
2182,재구매이 잘 닦고있어요 재구매 했음,21.01.08.,5,재구매,0,선택1: 성인칫솔 / 선택2: 고급형칫솔 / 선택3: 02-1)이중모(탄력적인)
2183,교정칫솔 부드러운거 썼는데 안아프고 좋아요,21.01.30.,5,0,0,선택1: 교정및어금니 / 선택2: 교정칫솔 / 선택3: 05-1)일반형(단단한)
2184,한달사용기재구매매번 잘사용하고 있습니다 :),21.02.04.,5,재구매,한달사용기,종류: 07 교정칫솔-일반형
2185,배송 빠르고 다 쓰고 추가 구매 입니다 ^^,21.01.12.,5,0,0,선택1: 교정및어금니 / 선택2: 교정칫솔 / 선택3: 05-1)일반형(단단한)
2186,아이가 어금니가 새로 나려고 해서 관리해주려고 샀어요.,21.01.09.,5,0,0,선택1: 교정및어금니 / 선택2: 어금니칫솔 / 선택3: 06-3)슬림형(부드러운)
2187,다모라는 칫솔하고 번갈아 가며 쓸용도 좋아요,21.01.30.,4,0,0,선택1: 성인칫솔 / 선택2: 고급형칫솔 / 선택3: 02-1)이중모(탄력적인)
2188,"매번 구매하던 곳ㅇ서 매번 구매하는 상품입니다.

이중모로 되어있어 치밀인 저에게 딱입니다.",21.01.29.,5,0,0,선택1: 성인칫솔 / 선택2: 고급형칫솔 / 선택3: 02-1)이중모(탄력적인)
2189,재구매아이들 어려서부터 어금니칫솔로 마무리해서 충치없이 잘 관리하고 있어요,21.01.05.,5,재구매,0,선택1: 교정및어금니 / 선택2: 어금니칫솔 / 선택3: 06-2)돔형(단단한)
2190,재구매잘 사용하고 있습니다,21.01.14.,5,재구매,0,선택1: 교정및어금니 / 선택2: 어금니칫솔 / 선택3: 06-3)슬림형(부드러운)
2191,매번쓰고있어요 잘샀어요,21.02.04.,3,0,0,선택1: 어린이칫솔 / 선택2: 기린칫솔 / 선택3: 08-2)기린이중(7세-11세)
2192,매번쓰고있어요 잘샀어요,21.02.04.,3,0,0,선택1: 성인칫솔 / 선택2: 일반형칫솔 / 선택3: 01-2)이중모(탄력적인)
2193,매번쓰고있어요 잘샀어요,21.02.04.,3,0,0,선택1: 성인칫솔 / 선택2: 광폭칫솔 / 선택3: 04-1)이중(탄력적인)
2194,매번쓰고있어요   잘샀어요,21.02.04.,3,0,0,선택1: 성인칫솔 / 선택2: 광폭칫솔 / 선택3: 04-2)올슬림모(부드러운)
2195,매번쓰고있어요 잘샀어요,21.02.04.,3,0,0,선택1: 교정및어금니 / 선택2: 어금니칫솔 / 선택3: 06-2)돔형(단단한)
2196,재구매항상 믿고 쓰는 제품입니다~,21.02.03.,5,재구매,0,선택1: 성인칫솔 / 선택2: 고급형칫솔 / 선택3: 02-4)미소숯올(부드러운)
2197,배송 빨라요 늘 쓰던 거라 또 샀어용,21.01.11.,5,0,0,선택1: 교정및어금니 / 선택2: 교정칫솔 / 선택3: 05-1)일반형(단단한)
2198,배송 잘받았어요~~~,21.01.17.,5,0,0,선택1: 성인칫솔 / 선택2: 일반형칫솔 / 선택3: 01-2)이중모(탄력적인)
2199,배송 잘 받았어요~~~,21.01.17.,5,0,0,선택1: 교정및어금니 / 선택2: 어금니칫솔 / 선택3: 06-1)일반형(단단한)
2200,이것만써요 부드러워요,21.02.05.,5,0,0,선택1: 교정및어금니 / 선택2: 교정칫솔 / 선택3: 05-3)고급슬림형(부드러운)
2201,좋아욧~~~~!!!,21.01.23.,4,0,0,선택1: 성인칫솔 / 선택2: 초미세모 / 선택3: 0)초미세모
2202,빠른 배송 좋아요~~,21.01.16.,5,0,0,선택1: 교정및어금니 / 선택2: 교정칫솔 / 선택3: 05-2)슬림형(부드러운)
2203,부드러운모가 좋으나 칫솔이 작은탓인지 팔이 아파여 딱고 나면 개운함은 훌륭한데 팔이 이상하게 아프네요,21.01.22.,5,0,0,선택1: 성인칫솔 / 선택2: 고급형칫솔 / 선택3: 02-1)이중모(탄력적인)
2204,"한달사용기항상 잘 쓰고 있어요
떨어지면 또 주문하러올게용",21.01.08.,5,0,한달사용기,종류: 11 어금니-슬림형
2205,칼배송에  너무 좋습니다,21.01.12.,5,0,0,선택1: 교정및어금니 / 선택2: 교정칫솔 / 선택3: 05-2)슬림형(부드러운)
2206,저렴하게 구입했어요^^,21.01.14.,5,0,0,선택1: 성인칫솔 / 선택2: 고급형칫솔 / 선택3: 02-1)이중모(탄력적인)
2207,저렴하게 구입했어요^^,21.01.14.,5,0,0,선택1: 성인칫솔 / 선택2: 고급형칫솔 / 선택3: 02-3)미소금올(부드러운)
2208,"아이들이 쓰기 좋아요
쟁여두고 쓰면 든든해요",21.01.10.,5,0,0,선택1: 성인칫솔 / 선택2: 고급형칫솔 / 선택3: 02-1)이중모(탄력적인)
2209,교정하면 필수템ㅋㅋ,21.02.05.,5,0,0,선택1: 교정및어금니 / 선택2: 교정칫솔 / 선택3: 05-2)슬림형(부드러운)
2210,아주 좋아요!!!!!!,21.02.08.,5,0,0,선택1: 어린이칫솔 / 선택2: 기린칫솔 / 선택3: 08-2)기린이중(7세-11세)
2211,좋아요~~ 만족합니다~~~,21.01.31.,4,0,0,선택1: 성인칫솔 / 선택2: 일반형칫솔 / 선택3: 01-2)이중모(탄력적인)
2212,배송 빠르고 가격도 좋네요,21.01.11.,5,0,0,선택1: 교정및어금니 / 선택2: 교정칫솔 / 선택3: 05-2)슬림형(부드러운)
2213,"우연히 알게되서 몇년째 쟁여두고 쓰는 우리가족 칫솔입니다~~신랑이 잇몸이 안좋아서 칫솔,치약 선택에 굉장히 신중한데 이 칫솔만 사라네요.ㅎㅎ",20.12.24.,5,0,0,종류: 05 어린이이중슬림모(7세-10세)
2214,"일반마트칫솔보다 잘닦임
몇년째구매중",21.01.08.,5,0,0,선택1: 성인칫솔 / 선택2: 고급형칫솔 / 선택3: 02-3)미소금올(부드러운)
2215,"배송 빠르고 가성비 좋아요
모래시계는 망가졌어요",21.01.08.,3,0,0,선택1: 성인칫솔 / 선택2: 고급형칫솔 / 선택3: 02-2)올슬림모(부드러운)
2216,한달사용기잘 사용하고 있습니다~~,21.01.13.,5,0,한달사용기,종류: 08 교정칫솔-슬림형
2217,치솟모 맘에 듭니다. 찾던 치솟모예요. 너무 가늘지도 않고 두껍지도 않은 딱 좋은 모입니다.,21.01.18.,5,0,0,선택1: 성인칫솔 / 선택2: 2-3줄모 / 선택3: 03-2)비타민올(세줄모)
2218,칫솔 선물받아서 써보고 좋아서 주문해요. 이제 다른 칫솔은 못 쓰겠어요. 다만 이중슬림모를 주문한다는게 올슬림모를 왕창 시켰네요ㅠ후기 사진 자세히 보고 고를걸 그랬어요. 올슬림모도 좋을거라 생각합니다. 사은품도 좋아요.,20.12.16.,5,0,0,선택1: 성인칫솔 / 선택2: 고급형칫솔 / 선택3: 02-4)미소숯올(부드러운)
2219,"3번째 재구매입니다
매번 잘 쓰고 있어요 배송도 빠르고~",21.01.01.,5,0,0,선택1: 성인칫솔 / 선택2: 고급형칫솔 / 선택3: 02-1)이중모(탄력적인)
2220,"3번째 재구매입니다
매번 잘 쓰고 있어요 배송도 빠르고~",21.01.01.,5,0,0,선택1: 성인칫솔 / 선택2: 일반형칫솔 / 선택3: 01-2)이중모(탄력적인)
2221,"3번째 재구매입니다
매번 잘 쓰고 있어요 배송도 빠르고~",21.01.01.,5,0,0,선택1: 성인칫솔 / 선택2: 광폭칫솔 / 선택3: 04-1)이중(탄력적인)
2222,"칫솔뚜껑도 같이오네요, 만족",21.01.30.,5,0,0,선택1: 교정및어금니 / 선택2: 교정칫솔 / 선택3: 05-2)슬림형(부드러운)
2223,"칫솔뚜껑도 같이오네요, 만족",21.01.30.,5,0,0,선택1: 교정및어금니 / 선택2: 교정칫솔 / 선택3: 05-3)고급슬림형(부드러운)
2224,"칫솔뚜껑도 같이오네요, 만족",21.01.30.,5,0,0,선택1: 교정및어금니 / 선택2: 교정칫솔 / 선택3: 05-1)일반형(단단한)
2225,"칫솔뚜껑도 같이오네요, 만족",21.01.30.,5,0,0,선택1: 교정및어금니 / 선택2: 교정칫솔 / 선택3: 05-2)슬림형(부드러운)
2226,"칫솔뚜껑도 같이오네요, 만족",21.01.30.,5,0,0,선택1: 교정및어금니 / 선택2: 교정칫솔 / 선택3: 05-3)고급슬림형(부드러운)
2227,빠른 배송 감사합니다,21.01.31.,5,0,0,선택1: 성인칫솔 / 선택2: 광폭칫솔 / 선택3: 04-2)올슬림모(부드러운)
2228,한달사용기칫솔모가 좋습니다.감사합니다,21.01.29.,5,0,한달사용기,선택1: 성인칫솔 / 선택2: 일반형칫솔 / 선택3: 01-1)일반형(단단모)
2229,재구매재구매해서 잘 사용하구있어요,21.01.08.,5,재구매,0,선택1: 성인칫솔 / 선택2: 초미세모 / 선택3: 0)초미세모
2230,한달사용기가격대비 아주 좋네요,21.01.30.,4,0,한달사용기,선택1: 어린이칫솔 / 선택2: 기린칫솔 / 선택3: 08-2)기린이중(7세-11세)
2231,배송 빠르고 가성비가 좋아요,21.01.08.,3,0,0,선택1: 성인칫솔 / 선택2: 고급형칫솔 / 선택3: 02-1)이중모(탄력적인)
2232,재구매재구매에요~! 넉넉하게 쟁여 사놓고 잘 사용하고 있어요,20.12.30.,4,재구매,0,선택1: 교정및어금니 / 선택2: 교정칫솔 / 선택3: 05-3)고급슬림형(부드러운)
2233,기존에 쓰던 건데 배송이 빨라서 좋았어요,21.01.05.,5,0,0,선택1: 교정및어금니 / 선택2: 어금니칫솔 / 선택3: 06-1)일반형(단단한)
2234,기존에 쓰던 건데 배송이 빨라서 좋았어요,21.01.05.,5,0,0,선택1: 교정및어금니 / 선택2: 어금니칫솔 / 선택3: 06-3)슬림형(부드러운)
2235,"배송빠르고 좋아요
아직 안써봤어요",21.01.08.,3,0,0,선택1: 성인칫솔 / 선택2: 광폭칫솔 / 선택3: 04-1)이중(탄력적인)
2236,빠른배송감사합니다~~,21.01.31.,5,0,0,선택1: 성인칫솔 / 선택2: 일반형칫솔 / 선택3: 01-3)올슬림모(부드러운)
2237,재구매칫슬이 잘 닦이고 좋아요,21.01.08.,5,재구매,0,선택1: 교정및어금니 / 선택2: 어금니칫솔 / 선택3: 06-3)슬림형(부드러운)
2238,재구매늘 사는 제품이에요. 만족합니다.,21.01.02.,5,재구매,0,종류: 03 성인올슬림모-고급형(민감성)
2239,재구매항상 어금니 칫솔과 어린이 칫솔 잘쓰고 있어요,21.01.05.,5,재구매,0,선택1: 어린이칫솔 / 선택2: 너구리칫솔 / 선택3: 09-2)너구리이중(7세-11세)
2240,잘 받아보았습니다~,21.01.30.,5,0,0,선택1: 성인칫솔 / 선택2: 일반형칫솔 / 선택3: 01-2)이중모(탄력적인)
2241,쓰던거라 이번에도 주문했어요. 배송도 빠르고 좋네요,20.12.29.,5,0,0,선택1: 교정및어금니 / 선택2: 어금니칫솔 / 선택3: 06-3)슬림형(부드러운)
2242,쓰던거라 이번에도 주문했어요. 배송도 빠르고 좋네요,20.12.29.,5,0,0,선택1: 교정및어금니 / 선택2: 어금니칫솔 / 선택3: 06-2)돔형(단단한)
2243,쓰던거라 이번에도 주문했어요. 배송도 빠르고 좋네요,20.12.29.,5,0,0,선택1: 성인칫솔 / 선택2: 광폭칫솔 / 선택3: 04-2)올슬림모(부드러운)
2244,쓰던거라 이번에도 주문했어요. 배송도 빠르고 좋네요,20.12.29.,5,0,0,선택1: 성인칫솔 / 선택2: 고급형칫솔 / 선택3: 02-2)올슬림모(부드러운)
2245,칫솔 선물받아서 써보고 좋아서 주문해요. 이제 다른 칫솔은 못 쓰겠어요. 다만 이중슬림모를 주문한다는게 올슬림모를 왕창 시켰네요ㅠ후기 사진 자세히 보고 고를걸 그랬어요. 사은품도 좋아요.,20.12.16.,5,0,0,선택1: 교정및어금니 / 선택2: 어금니칫솔 / 선택3: 06-2)돔형(단단한)
2246,교정때문에 샀는데 너무 만족스러워요,21.01.25.,5,0,0,선택1: 교정및어금니 / 선택2: 어금니칫솔 / 선택3: 06-1)일반형(단단한)
2247,교정때문에 샀는데 너무 만족스러워요,21.01.25.,5,0,0,선택1: 교정및어금니 / 선택2: 어금니칫솔 / 선택3: 06-3)슬림형(부드러운)
2248,교정때문에 샀는데 너무 만족스러워요,21.01.25.,5,0,0,선택1: 교정및어금니 / 선택2: 교정칫솔 / 선택3: 05-1)일반형(단단한)
2249,교정때문에 샀는데 너무 만족스러워요,21.01.25.,5,0,0,선택1: 교정및어금니 / 선택2: 교정칫솔 / 선택3: 05-2)슬림형(부드러운)
2250,두번째주문입니다.어린이집 보내기도 집에서 쓰기도 좋네요,20.12.29.,4,0,0,선택1: 어린이칫솔 / 선택2: 기린칫솔 / 선택3: 08-2)기린이중(7세-11세)
2251,칫솔모 아주 좋습니다. 맘에 들어요. 재구매의사 있습니다.,21.01.18.,5,0,0,선택1: 성인칫솔 / 선택2: 일반형칫솔 / 선택3: 01-2)이중모(탄력적인)
2252,한달사용기칫솔모가 굉장히 부드러워서 자극없이 쓰기 좋아요!♡,21.01.23.,5,0,한달사용기,종류: 03 성인올슬림모-고급형(민감성)
2253,재구매요즘 계속 쓰고있는 칫솔이에요~ 가성비 너무 좋아요~!!,20.12.29.,5,재구매,0,선택1: 성인칫솔 / 선택2: 일반형칫솔 / 선택3: 01-3)올슬림모(부드러운)
2254,미세모로 더욱 섬세하게 칫솔질이 되니 좋네요,21.01.23.,5,0,0,선택1: 성인칫솔 / 선택2: 고급형칫솔 / 선택3: 02-3)미소금올(부드러운)
2255,재구매이 잘 닦고 있습니다,21.01.08.,5,재구매,0,선택1: 성인칫솔 / 선택2: 고급형칫솔 / 선택3: 02-4)미소숯올(부드러운)
2256,면적이 넓어요! 길이는 일반 칫솔보다 조금 짧은 느낌입니당,20.12.27.,4,0,0,선택1: 성인칫솔 / 선택2: 광폭칫솔 / 선택3: 04-1)이중(탄력적인)
2257,한달사용기너무 좋아요~~잘쓰고있답니당^^,21.01.02.,3,0,한달사용기,종류: 05 어린이이중슬림모(7세-10세)
2258,조크든요~~~~조크든요,21.02.21.,5,0,0,선택1: 교정및어금니 / 선택2: 어금니칫솔 / 선택3: 06-1)일반형(단단한)
2259,배송 빠르고 재구매 3번째입니다 가성비 좋아요,21.01.23.,5,0,0,선택1: 교정및어금니 / 선택2: 교정칫솔 / 선택3: 05-3)고급슬림형(부드러운)
2260,재구매이 잘 닦이고 잘 사용해요,21.01.08.,5,재구매,0,선택1: 교정및어금니 / 선택2: 어금니칫솔 / 선택3: 06-1)일반형(단단한)
2261,한달사용기아주아주 만적합니당..저렴한 가격에 잘 사용하고 있어여,21.01.02.,3,0,한달사용기,종류: 01 성인이중슬림모(보편적인)
2262,사용전 좋았으면 좋겠어요~,21.01.06.,2,0,0,선택1: 교정및어금니 / 선택2: 교정칫솔 / 선택3: 05-1)일반형(단단한)
2263,한달사용기재구매항상 애용합니다 좋아요,21.01.26.,5,재구매,한달사용기,종류: 11 어금니-슬림형
2264,캐릭터 마감은 별로고요. 치솟모는 좋습니다.,21.01.18.,5,0,0,선택1: 어린이칫솔 / 선택2: 기린칫솔 / 선택3: 08-2)기린이중(7세-11세)
2265,"여러가지 구매했는데 제품이 너무 좋네요~
칫솔마다 캡도 씌워져 있어요^^",20.12.25.,5,0,0,종류: 09 어금니-일반형
2266,"아직 사용전이에요~ 
아이들꺼 주문하면서 같이 주문했는데 
부드럽고 세척력 좋으면 좋겠네요",20.12.15.,4,0,0,종류: 16 광폭이중(보편적인)
2267,재구매늘 여기제품 사용합니다,21.01.25.,5,재구매,0,선택1: 교정및어금니 / 선택2: 교정칫솔 / 선택3: 05-3)고급슬림형(부드러운)
2268,"뒤에 붙은 캐릭터 마감이 별로인데, 치솟모가 좋아서 별 다섯개입니다.",21.01.18.,5,0,0,선택1: 어린이칫솔 / 선택2: 너구리칫솔 / 선택3: 09-2)너구리이중(7세-11세)
2269,좋을거라 믿고 구매합니다 잘 사용할께요,21.01.01.,4,0,0,선택1: 교정및어금니 / 선택2: 교정칫솔 / 선택3: 05-3)고급슬림형(부드러운)
2270,재구매항상 쓰는 치솔입니다%,21.01.26.,5,재구매,0,선택1: 성인칫솔 / 선택2: 일반형칫솔 / 선택3: 01-2)이중모(탄력적인)
2271,배송빠르고좋아요..,21.01.07.,5,0,0,선택1: 성인칫솔 / 선택2: 고급형칫솔 / 선택3: 02-2)올슬림모(부드러운)
2272,3번째 구매에요 ~~ 잘쓰고 있습니다,20.12.30.,5,0,0,선택1: 교정및어금니 / 선택2: 교정칫솔 / 선택3: 05-2)슬림형(부드러운)
2273,치솟모 좋습니다. 재구매 의사 있습니다.,21.01.18.,5,0,0,선택1: 성인칫솔 / 선택2: 일반형칫솔 / 선택3: 01-3)올슬림모(부드러운)
2274,우리가족 칫솔~ 만족합니다 오래오래 만들어주세요,20.12.31.,5,0,0,선택1: 성인칫솔 / 선택2: 일반형칫솔 / 선택3: 01-2)이중모(탄력적인)
2275,좋아ㅇㆍ느 좋아요좋아요좋아요좋아요좋아요좋아요좋아요,21.01.28.,5,0,0,선택1: 성인칫솔 / 선택2: 일반형칫솔 / 선택3: 01-2)이중모(탄력적인)
2276,"애들꺼 사면서 성인것까지  바꿨어요 ㅎㅎ
써봐야알겠지만 좋을듯해요",20.12.24.,5,0,0,선택1: 성인칫솔 / 선택2: 일반형칫솔 / 선택3: 01-1)일반형(단단모)
2277,아주아주맘에듭니다요,21.01.26.,5,0,0,선택1: 어린이칫솔 / 선택2: 기린칫솔 / 선택3: 08-2)기린이중(7세-11세)
2278,아주아주맘에듭니다요,21.01.26.,5,0,0,선택1: 어린이칫솔 / 선택2: 너구리칫솔 / 선택3: 09-2)너구리이중(7세-11세)
2279,좋아요 치아가  나빠서  치솔에 민감하데 좋아서 재 구매 했습니다,21.01.12.,4,0,0,종류: 03 성인올슬림모-고급형(민감성)
2280,오랫동안 온 가족 다함께 사용하고 있어요,20.12.31.,5,0,0,선택1: 어린이칫솔 / 선택2: 기린칫솔 / 선택3: 08-2)기린이중(7세-11세)
2281,다른 칫솔을 쓰다 다시 이 칫솔을 구매하어 사용 하니 확실히 치아 표면이 매끄럽게 잘 닦입니다. 앞으론 다른 칫솔은 못 쓰겠어요.,20.12.18.,5,0,0,종류: 01 성인이중슬림모(보편적인)
2282,유치원생일답례품으로보냈어요^^,21.01.22.,5,0,0,선택1: 교정및어금니 / 선택2: 어금니칫솔 / 선택3: 06-2)돔형(단단한)
2283,조아요 맨날사요 대량쿠매혜택잇음좋겠어요,21.01.16.,4,0,0,선택1: 성인칫솔 / 선택2: 일반형칫솔 / 선택3: 01-2)이중모(탄력적인)
2284,배송빠르고 좋아요.,21.01.25.,4,0,0,선택1: 교정및어금니 / 선택2: 교정칫솔 / 선택3: 05-1)일반형(단단한)
2285,재구매매번쓰던거예요 잇몸도안아프고 좋아요,20.12.25.,5,재구매,0,선택1: 어린이칫솔 / 선택2: 너구리칫솔 / 선택3: 09-2)너구리이중(7세-11세)
2286,재구매고급형은 뭐가 다른지 궁금해서 주문 했네요,20.12.29.,5,재구매,0,선택1: 성인칫솔 / 선택2: 고급형칫솔 / 선택3: 02-1)이중모(탄력적인)
2287,"재구매항상 여기서 구매해요!
부드럽고 잘닦여요",21.01.16.,5,재구매,0,선택1: 성인칫솔 / 선택2: 일반형칫솔 / 선택3: 01-2)이중모(탄력적인)
2288,빠른 배송 감사합니다,21.01.23.,5,0,0,선택1: 성인칫솔 / 선택2: 고급형칫솔 / 선택3: 02-1)이중모(탄력적인)
2289,빠른 배송 감사합니다,21.01.23.,5,0,0,선택1: 성인칫솔 / 선택2: 고급형칫솔 / 선택3: 02-2)올슬림모(부드러운)
2290,빠른 배송 감사합니다,21.01.23.,5,0,0,선택1: 성인칫솔 / 선택2: 고급형칫솔 / 선택3: 02-4)미소숯올(부드러운)
2291,재구매항상 쓰는것입니다. 가성비좋고 사용감도 좋습니다.,21.01.13.,4,재구매,0,선택1: 성인칫솔 / 선택2: 일반형칫솔 / 선택3: 01-3)올슬림모(부드러운)
2292,"한달사용기잘 사용 하고 있답니다 
고맙습니다",21.01.21.,5,0,한달사용기,선택1: 교정및어금니 / 선택2: 교정칫솔 / 선택3: 05-1)일반형(단단한)
2293,한달사용기모가 좀 빨리 닳아요,21.01.23.,3,0,한달사용기,종류: 07 교정칫솔-일반형
2294,한달사용기모가 좀 빨리 닳아요,21.01.23.,3,0,한달사용기,종류: 08 교정칫솔-슬림형
2295,안전하게 잘 받았어요,21.01.02.,5,0,0,선택1: 교정및어금니 / 선택2: 교정칫솔 / 선택3: 05-2)슬림형(부드러운)
2296,교정칫솔필요해서 여기서구입해요,21.01.19.,4,0,0,선택1: 교정및어금니 / 선택2: 교정칫솔 / 선택3: 05-2)슬림형(부드러운)
2297,잘 쓸께요. 치카치카.,20.12.30.,5,0,0,선택1: 어린이칫솔 / 선택2: 유아칫솔 / 선택3: 07-1)유아(15개월-36개월)
2298,아직 사용안했지만 기대중이예요,20.12.30.,3,0,0,선택1: 교정및어금니 / 선택2: 교정칫솔 / 선택3: 05-3)고급슬림형(부드러운)
2299,아직 사용안했지만 기대중이예요,20.12.30.,3,0,0,선택1: 교정및어금니 / 선택2: 교정칫솔 / 선택3: 05-1)일반형(단단한)
2300,"부드럽고 쓰기좋아요
담에  또 구매하러 오겠습니다~",21.01.17.,4,0,0,선택1: 교정및어금니 / 선택2: 교정칫솔 / 선택3: 05-2)슬림형(부드러운)
2301,한달사용기온가족이 씁니다..,21.01.04.,5,0,한달사용기,종류: 01 성인이중슬림모(보편적인)
2302,한달사용기재구매좋아요 좋아요 매년구입해서 사용합니다~,21.01.21.,4,재구매,한달사용기,종류: 06 유아올슬림모(13개월-36개월)
2303,한달사용기부드러우면서 잘 닦입니다,21.01.21.,5,0,한달사용기,종류: 03 성인올슬림모-고급형(민감성)
2304,한달사용기부드러우면서 잘 닦입니다,21.01.21.,5,0,한달사용기,종류: 05 어린이이중슬림모(7세-10세)
2305,재구매배송빠르고 가격착해요 잘씁니다,20.12.29.,5,재구매,0,선택1: 교정및어금니 / 선택2: 어금니칫솔 / 선택3: 06-1)일반형(단단한)
2306,"헤드부분이 조금만 더 작았으면 좋겠어요
모가 부드러워서 좋아요",20.12.19.,5,0,0,선택1: 성인칫솔 / 선택2: 일반형칫솔 / 선택3: 01-2)이중모(탄력적인)
2307,재구매배송진짜 빠르고 가격이 착해요,20.12.29.,5,재구매,0,선택1: 성인칫솔 / 선택2: 2-3줄모 / 선택3: 03-1)두줄모(단단한)
2308,"아직 사용전입니다.
배송은 빠릅니다.",20.12.29.,4,0,0,선택1: 성인칫솔 / 선택2: 고급형칫솔 / 선택3: 02-1)이중모(탄력적인)
2309,"아직 사용전이에요~ 
부드럽고 세척력이 좋으면 좋겠네요~ 모두 국내생상이라 믿고 구매합니다",20.12.15.,4,0,0,종류: 03 성인올슬림모-고급형(민감성)
2310,"한달사용기사용해보니 생각보다 좋네요~
더 깨끗하게 닦여요~",21.01.12.,4,0,한달사용기,종류: 02 성인올슬림모-일반형(민감성)
2311,한달사용기재구매할듯굿너무좋아요,21.01.19.,5,0,한달사용기,선택1: 어린이칫솔 / 선택2: 기린칫솔 / 선택3: 08-2)기린이중(7세-11세)
2312,한달사용기재구매할듯굿너무좋아요,21.01.19.,5,0,한달사용기,선택1: 교정및어금니 / 선택2: 교정칫솔 / 선택3: 05-2)슬림형(부드러운)
2313,"배송빨랐어요
항상 미소칫솔 이용하는데 좋아요",21.01.17.,5,0,0,선택1: 어린이칫솔 / 선택2: 기린칫솔 / 선택3: 08-2)기린이중(7세-11세)
2314,"칫솔 자주교체하는데 저렴한가격에 잘샀어요
손잡이 부분은 좀 미끄러지긴하네요",20.12.17.,4,0,0,종류: 00 성인일반모(단단한)
2315,"칫솔 자주교체하는데 저렴한가격에 잘샀어요
손잡이 부분은 좀 미끄러지긴하네요",20.12.17.,4,0,0,종류: 01 성인이중슬림모(보편적인)
2316,한달사용기늘 사용하는 제품이라 구매했어요 부드럽고 좋네요,20.12.21.,5,0,한달사용기,종류: 03 성인올슬림모-고급형(민감성)
2317,한달사용기제인생 칫솔입니다. 잘닦이고 가성비 좋아요.,20.12.26.,5,0,한달사용기,종류: 03 성인올슬림모-고급형(민감성)
2318,배송도 빠르고 좋아욥! 칫솔케이스도 있어서 편리하네요^^,20.12.20.,5,0,0,종류: 01 성인이중슬림모(보편적인)
2319,늘 주문해서 쓰는 제품입니다~~~,21.01.19.,5,0,0,선택1: 성인칫솔 / 선택2: 일반형칫솔 / 선택3: 01-2)이중모(탄력적인)
2320,"만족합니다ㅎ
치과에서 비싸게주고 샀었는데... ㅠㅠ",21.01.11.,5,0,0,선택1: 어린이칫솔 / 선택2: 유아칫솔 / 선택3: 07-1)유아(15개월-36개월)
2321,"재구매착한 가격에 빠른 배송까지 해주시고 감사합니다 
양치후 잇몸 마사지로 최고예요!
치아가 건강해지는 기분이 듭니다!
감사합니다!^^",20.12.11.,5,재구매,0,종류: 11 어금니-슬림형
2322,빠른 배송 감사합니다~,20.12.29.,5,0,0,선택1: 성인칫솔 / 선택2: 고급형칫솔 / 선택3: 02-1)이중모(탄력적인)
2323,재구매항상사용합니다 .쓰기편하고 좋아요.,20.12.21.,5,재구매,0,선택1: 성인칫솔 / 선택2: 일반형칫솔 / 선택3: 01-3)올슬림모(부드러운)
2324,"항상 주문해서 쓰는곳이예요,  딸이 교정이 끝나서 이제 마지막 주문이 됐네요",21.01.11.,5,0,0,선택1: 성인칫솔 / 선택2: 고급형칫솔 / 선택3: 02-1)이중모(탄력적인)
2325,칫솔마다 캡이 씌워져있고 품질이 좋아요~,20.12.25.,5,0,0,종류: 08 교정칫솔-슬림형
2326,칫솔마다 캡이 씌워져 있고 품질이 좋네요~,20.12.25.,5,0,0,종류: 07 교정칫솔-일반형
2327,칫솔 좋아요 나중에 재구매할게요,21.01.11.,5,0,0,선택1: 교정및어금니 / 선택2: 어금니칫솔 / 선택3: 06-2)돔형(단단한)
2328,개운하게 잘닦여요 치실도 사은품으로 주셨네요 감사합니다,20.12.16.,5,0,0,선택1: 교정및어금니 / 선택2: 교정칫솔 / 선택3: 05-3)고급슬림형(부드러운)
2329,좋은제품 저렴하게 산거같아 좋아요ㅎ,21.01.14.,5,0,0,선택1: 교정및어금니 / 선택2: 어금니칫솔 / 선택3: 06-1)일반형(단단한)
2330,재구매항상 여기서 구매합니다,21.01.16.,5,재구매,0,선택1: 교정및어금니 / 선택2: 어금니칫솔 / 선택3: 06-1)일반형(단단한)
2331,"교정칫솔 일반형을 샀는데, 칫솔 케이스에는 '일반형'이라고 스티커 붙여져있긴 했지만 케이스 자체에는 '슬림형'으로 체크가 되어 있어서 약간 의아하긴 했어요! 그래도 제가 항상 쓰던 일반 교정 칫솔이랑 느낌이 같아서 일반형인가보다 하고 사용하고 있습니다! 엄청 단단하지 않아서 치아도 많이 아프지 않고, 그렇다고 너무 부드럽지도 않아서 잘 닦이는 것 같아요~",20.12.16.,4,0,0,종류: 07 교정칫솔-일반형
2332,"생각보다 부드럽고 좋은데 
솔부분이 좀 작은 느낌이네요",20.12.21.,4,0,0,선택1: 성인칫솔 / 선택2: 일반형칫솔 / 선택3: 01-3)올슬림모(부드러운)
2333,한달사용기이를 닦고나면 상쾌하고 개운합니다 한번 구입후 계속 쓰고 있어요,21.01.09.,5,0,한달사용기,종류: 03 성인올슬림모-고급형(민감성)
2334,예전에 쓰다가 다시 사용합니다.,21.01.15.,5,0,0,선택1: 성인칫솔 / 선택2: 일반형칫솔 / 선택3: 01-3)올슬림모(부드러운)
2335,"한달사용기교정 때문에 사서 사용 중인데 부드럽고 좋아요
아주 만족스럽습니다~",20.12.19.,5,0,한달사용기,종류: 08 교정칫솔-슬림형
2336,"한달사용기가격대비 아주좋습니다
교정하는6학년딸아이줄려고샀습니다",21.01.09.,3,0,한달사용기,종류: 08 교정칫솔-슬림형
2337,한달사용기아이들이 몇년째 사용하는 칫솔입니다,20.12.22.,5,0,한달사용기,종류: 01 성인이중슬림모(보편적인)
2338,"아이들과 늘 쓰던 제품이에요
잇몸에 피가나서 올슬림모로 바꿨는데 괜찮은것같아요",20.12.15.,5,0,0,종류: 05 어린이이중슬림모(7세-10세)
2339,칫솔모 부드럽고요 치과서 줬던 그칫솔 맞는거 같아요,21.01.05.,4,0,0,선택1: 성인칫솔 / 선택2: 고급형칫솔 / 선택3: 02-1)이중모(탄력적인)
2340,재구매추천해요!! 앞으로 칫솔은 여기에서만 사고 싶을정도로 좋아요,21.01.04.,5,재구매,0,종류: 11 어금니-슬림형
2341,"어금니칫솔이름을몰라서얼마나찾았는지몰라요
칫솔사용후·이빨이너무뽀독뽀독좋아요",21.01.02.,5,0,0,선택1: 성인칫솔 / 선택2: 일반형칫솔 / 선택3: 01-1)일반형(단단모)
2342,재구매늘그던서뉴튜커뉴투ㅜㅇ,20.12.29.,5,재구매,0,선택1: 교정및어금니 / 선택2: 교정칫솔 / 선택3: 05-1)일반형(단단한)
2343,써봐야 알것지만 그냥,20.12.25.,5,0,0,선택1: 성인칫솔 / 선택2: 일반형칫솔 / 선택3: 01-1)일반형(단단모)
2344,부드럽게 구석구석 잘 닦입니다 잘쓸게요:),21.01.14.,5,0,0,선택1: 성인칫솔 / 선택2: 2-3줄모 / 선택3: 03-2)비타민올(세줄모)
2345,질이 짱 좋아요. 가격도 착하고~ 인생 칫솔 찾은 듯!,21.01.05.,5,0,0,선택1: 성인칫솔 / 선택2: 일반형칫솔 / 선택3: 01-2)이중모(탄력적인)
2346,아들 아이가 교정하고 나서는 항상 이 칫솔만 주문해서 쓰고 있어요,21.01.06.,4,0,0,선택1: 성인칫솔 / 선택2: 일반형칫솔 / 선택3: 01-1)일반형(단단모)
2347,"잘 닦이고 좋아서 재구매 했어요.
포장도 꼼꼼하게 잘해주시고 배송도 빠르고
잘쓸께요.",20.12.13.,5,0,0,종류: 02 성인올슬림모-일반형(민감성)
2348,젤 착한 가격에 치과용칫솔 쓰게되서 좋으내요~~^^  서비스치실 혀클리너도 감사해요~,20.12.11.,4,0,0,종류: 00 성인일반모(단단한)
2349,빠른배송과 양호한 가성비 모두 만족스럽습니다~!!,21.01.10.,5,0,0,선택1: 교정및어금니 / 선택2: 어금니칫솔 / 선택3: 06-2)돔형(단단한)
2350,한달사용기재구매항상 감사합니다.^^,21.01.18.,5,재구매,한달사용기,종류: 11 어금니-슬림형
2351,"한달사용기나름만족입니다
교정하는딸줄려구매했습니다",21.01.09.,3,0,한달사용기,종류: 07 교정칫솔-일반형
2352,부드럽고  아이가 칫솔질 거부감 없어 잘 사용 하고 있습니다.,20.12.18.,5,0,0,종류: 05 어린이이중슬림모(7세-10세)
2353,치과전용이라 더 믿음가요!,20.12.24.,5,0,0,선택1: 어린이칫솔 / 선택2: 기린칫솔 / 선택3: 08-2)기린이중(7세-11세)
2354,닦아보니 미세모라 자극이 안되면서도 모가 짱짱한느낌이 있고 잘닦이는거 같아요,20.12.08.,5,0,0,종류: 03 성인올슬림모-고급형(민감성)
2355,한달사용기칫솔모가  부드럽고  좋네요~,21.01.13.,4,0,한달사용기,종류: 01 성인이중슬림모(보편적인)
2356,한달사용기칫솔모가 부드럽고 좋네요~,21.01.13.,4,0,한달사용기,종류: 5-1 너구리올슬림모(24개월-6세)
2357,치아관리에 도움이 됩니다 좋아요~,21.01.11.,5,0,0,선택1: 성인칫솔 / 선택2: 고급형칫솔 / 선택3: 02-1)이중모(탄력적인)
2358,재구매늘쓰던거라 좋아요ㅍㅌ츄,20.12.29.,5,재구매,0,선택1: 교정및어금니 / 선택2: 어금니칫솔 / 선택3: 06-1)일반형(단단한)
2359,재구매광폭칫솔 처음 주문해보고 써봤는데 잇몸이랑 다 닦여서 너무 좋아요 다음에 이 칫솔만 주문할게요!!,20.12.29.,5,재구매,0,선택1: 성인칫솔 / 선택2: 광폭칫솔 / 선택3: 04-2)올슬림모(부드러운)
2360,가성비 대비 좋아요,21.01.14.,5,0,0,선택1: 교정및어금니 / 선택2: 교정칫솔 / 선택3: 05-3)고급슬림형(부드러운)
2361,"칫솔모가 작은듯 하지만
 치과보다 저렴해서 좋아요",21.01.08.,5,0,0,선택1: 성인칫솔 / 선택2: 고급형칫솔 / 선택3: 02-1)이중모(탄력적인)
2362,재구매늘 쓰던 칫솔 입니다. 좋아요! 배송이 정말 빨라요 마침 칫솔 떨어져서 곤란했는데 정말 빠른배송 감사합니당:),20.12.29.,5,재구매,0,선택1: 교정및어금니 / 선택2: 교정칫솔 / 선택3: 05-2)슬림형(부드러운)
2363,항상 쓰고있어요 배송도빨라요,21.01.07.,5,0,0,선택1: 성인칫솔 / 선택2: 일반형칫솔 / 선택3: 01-2)이중모(탄력적인)
2364,배송도 빠르고 저렴하게 잘산거같아요 양치질도 편하고 좋아요,20.12.12.,5,0,0,종류: 09 어금니-일반형
2365,배송도 빠르고 저렴하게 잘산거같아요 양치질도 편하고 좋아요,20.12.12.,5,0,0,종류: 08 교정칫솔-슬림형
2366,"재구매빠른 배송에 감사드려요!
양치후 사용하면 정말 치석제거에 최고예요!
감사합니다!^^",20.12.11.,5,재구매,0,종류: 09 어금니-일반형
2367,"배송빠르고 좋아요.
두번째구매입니다~~~~~",20.12.17.,5,0,0,종류: 03 성인올슬림모-고급형(민감성)
2368,잘 받았습니다 고맙습니다,20.12.22.,5,0,0,선택1: 교정및어금니 / 선택2: 교정칫솔 / 선택3: 05-1)일반형(단단한)
2369,튼튼하고 좋아요. 치실 선물도 잘 받았습니다,21.01.03.,5,0,0,선택1: 교정및어금니 / 선택2: 어금니칫솔 / 선택3: 06-1)일반형(단단한)
2370,재구매좋아요 좋아요좋아요 좋아요,21.01.15.,5,재구매,0,선택1: 교정및어금니 / 선택2: 교정칫솔 / 선택3: 05-1)일반형(단단한)
2371,좋습니다. 부드러울거 같네요,21.01.11.,5,0,0,선택1: 성인칫솔 / 선택2: 초미세모 / 선택3: 0)초미세모
2372,재구매재구매했어요 쓰기 편하고 솔이 너무 강하지않아 좋음,21.01.01.,5,재구매,0,선택1: 성인칫솔 / 선택2: 고급형칫솔 / 선택3: 02-2)올슬림모(부드러운)
2373,"재구매광폭치솔은 처음 사용해본건데, 사용해보고 리뷰 작성할께요!
감사합니다!^^",20.12.11.,5,재구매,0,종류: 16 광폭이중(보편적인)
2374,이번에 교정을 시작해서 샀는데 솔이 조금 빳빳한데 저렴한 가격에 잘 산거같아요. 교정 잘 끝낼때까지 좋은 가격으로 팔아주시면 감사하겠습니다!,20.12.24.,5,0,0,종류: 07 교정칫솔-일반형
2375,늘쓰던거 맞아요 너무좋아요,20.12.17.,5,0,0,선택1: 성인칫솔 / 선택2: 고급형칫솔 / 선택3: 02-2)올슬림모(부드러운)
2376,치아관리에 도움 됩니다,21.01.11.,4,0,0,선택1: 교정및어금니 / 선택2: 어금니칫솔 / 선택3: 06-3)슬림형(부드러운)
2377,좋아요. 부드러워요.,20.12.22.,5,0,0,선택1: 어린이칫솔 / 선택2: 기린칫솔 / 선택3: 08-2)기린이중(7세-11세)
2378,재구매이 칫솔 너무 좋아요 부드럽고 잘 닦여요,21.01.04.,5,재구매,0,종류: 02 성인올슬림모-일반형(민감성)
2379,"재구매유치원때부터 쓰기시작. 지금은 9살이네요.
재구매 함",21.01.01.,5,재구매,0,선택1: 어린이칫솔 / 선택2: 기린칫솔 / 선택3: 08-2)기린이중(7세-11세)
2380,재구매늘 사용하는데 좋으네요,20.12.21.,5,재구매,0,선택1: 성인칫솔 / 선택2: 고급형칫솔 / 선택3: 02-2)올슬림모(부드러운)
2381,재구매배송빠르고 사랑니랑 치아 구석구석 잘닦여요,20.11.26.,5,재구매,0,종류: 10 어금니-돔형
2382,배송 빠르고 칫솔이 부드러워 자극이 적어 좋겠어요,20.12.17.,5,0,0,선택1: 교정및어금니 / 선택2: 교정칫솔 / 선택3: 05-2)슬림형(부드러운)
2383,저희가족은 늘이제품만 씁니다,20.12.18.,5,0,0,종류: 10 어금니-돔형
2384,재구매항상사용잘 하고 있습니다.^^,20.12.21.,5,재구매,0,선택1: 성인칫솔 / 선택2: 고급형칫솔 / 선택3: 02-3)미소금올(부드러운)
2385,부드럽고 좋아요 ㅎㅎ,20.12.23.,4,0,0,선택1: 어린이칫솔 / 선택2: 기린칫솔 / 선택3: 08-2)기린이중(7세-11세)
2386,재구매교정시작하고 여기서만 사요 배송도 빠르고 좋습니다,20.12.30.,5,재구매,0,선택1: 교정및어금니 / 선택2: 교정칫솔 / 선택3: 05-1)일반형(단단한)
2387,"한달사용기잘쓰고있어오ㅡ
엄마도 뺏어갔습니다",20.12.20.,4,0,한달사용기,종류: 10 어금니-돔형
2388,"재구매치과다녀온 후로 잇몸에 맞는 칫솔 찾았는데,써보니 개운하고 좋아요
다른 칫솔 이제 못쓰겠어요
저렴하고, 아주 좋습니다!!",20.12.23.,5,재구매,0,선택1: 성인칫솔 / 선택2: 일반형칫솔 / 선택3: 01-2)이중모(탄력적인)
2389,기존에 쓰던 건데 배송이 빨라서 좋았어요,21.01.05.,5,0,0,선택1: 성인칫솔 / 선택2: 일반형칫솔 / 선택3: 01-2)이중모(탄력적인)
2390,재구매항상 여기서 시켜요 배송도 빠르고 잘 쓰고있습니다,20.12.30.,5,재구매,0,선택1: 교정및어금니 / 선택2: 어금니칫솔 / 선택3: 06-2)돔형(단단한)
2391,몇 년 째 여기 칫솔만 사용 중이에요 초반에 몇몇개 솔에서 형광물질?이 함유된 것으로 보여진 적이 있어 문의 드리니 응대도 빠르고 친절하게 해주셔서 그 때부터 믿고 계속 사용하고 있습니다,20.11.30.,5,0,0,종류: 02 성인올슬림모-일반형(민감성)
2392,몇 년 째 여기 칫솔만 사용 중이에요 초반에 몇몇개 솔에서 형광물질?이 함유된 것으로 보여진 적이 있어 문의 드리니 응대도 빠르고 친절하게 해주셔서 그 때부터 믿고 계속 사용하고 있습니다,20.11.30.,5,0,0,종류: 01 성인이중슬림모(보편적인)
2393,한달사용기항상 여기서 사는 것 같아요 너무 좋아여🔥🔥,21.01.01.,5,0,한달사용기,종류: 02 성인올슬림모-일반형(민감성)
2394,재구매색깔도 예쁘고 사랑니 닦는데 좋아요,20.11.26.,5,재구매,0,종류: 09 어금니-일반형
2395,좋다고해서 구매했어요,20.12.19.,5,0,0,선택1: 성인칫솔 / 선택2: 고급형칫솔 / 선택3: 02-2)올슬림모(부드러운)
2396,"전에 써보고 양치시 개운해서 재구매합니다
완젼부드러분모두 아니구 뻣뻣한것두 아니구 적당히 힘있으면서도 부드러운?~칫솔입니다",20.12.05.,4,0,0,종류: 03 성인올슬림모-고급형(민감성)
2397,재구매치아가 민감하고 관리가 어려워 칫솔 구매에 신중해요. 여기저기 좋다는 거 써보다 가격대비 좋아 정착합니다.,20.12.02.,5,재구매,0,종류: 17 광폭올(민감성)
2398,"월요일 입금했는데 화요일 아침에 바로 받을수있어서 넘 좋았고, 치실5개 보너스로 주셔서 넘넘 좋습니다^^ 강추합니다",20.12.22.,5,0,0,선택1: 교정및어금니 / 선택2: 어금니칫솔 / 선택3: 06-2)돔형(단단한)
2399,칫솔은 이것만 쓴지  5 년이 넘었어요~  가끔 칫솔모가 하나씩  삐져 나와 있는데  그거 빼고 완전  좋아요 ㅎ,20.12.03.,5,0,0,종류: 03 성인올슬림모-고급형(민감성)
2400,"아직 사용전이에요.
칫솔모 크기도 적당하고, 그립감도 괜찮은거 같아요",20.12.27.,5,0,0,선택1: 성인칫솔 / 선택2: 고급형칫솔 / 선택3: 02-2)올슬림모(부드러운)
2401,한달사용기재구매계속 이거만 사용해요~~~~~,21.01.10.,5,재구매,한달사용기,종류: 07 교정칫솔-일반형
2402,한달사용기재구매계속 이거만 사용해요~~~~~,21.01.10.,5,재구매,한달사용기,종류: 09 어금니-일반형
2403,저렴한 가격에 다양하게 살 수 있어서 좋아요 사놓은거 다 안써도 좋으니까 교정이 빨리 끝났으면 좋겠어요 후엉ㅠㅠ 증정품으로 치간칫솔이랑 혀클리너도 보내주셨네요 감사함당,20.11.25.,5,0,0,종류: 08 교정칫솔-슬림형
2404,저렴한 가격에 다양하게 살 수 있어서 좋아요 사놓은거 다 안써도 좋으니까 교정이 빨리 끝났으면 좋겠어요 후엉ㅠㅠ 증정품으로 치간칫솔이랑 혀클리너도 보내주셨네요 감사함당,20.11.25.,5,0,0,종류: 07 교정칫솔-일반형
2405,저렴한 가격에 다양하게 살 수 있어서 좋아요 사놓은거 다 안써도 좋으니까 교정이 빨리 끝났으면 좋겠어요 후엉ㅠㅠ 증정품으로 치간칫솔이랑 혀클리너도 보내주셨네요 감사함당,20.11.25.,5,0,0,종류: 09 어금니-일반형
2406,딸이 교정중인데 교정칫솔 좋고 저도 잇몸 약한데 마사지하기 좋습니다^^,20.12.11.,5,0,0,종류: 08 교정칫솔-슬림형
2407,처음 사봤는데 부드럽네요,20.12.17.,4,0,0,종류: 08 교정칫솔-슬림형
2408,저렴한가격에 딱 이를케어하기좋은 그립감과 모감입니다 일반형이좋아요,20.12.30.,5,0,0,선택1: 성인칫솔 / 선택2: 일반형칫솔 / 선택3: 01-2)이중모(탄력적인)
2409,재구매단단하다고 되어있는데 생각한거보다 더 단단?뻣뻣해요. 치석제거엔 좋을거같은데 매일쓰긴 좀부담스러워요.,20.12.22.,3,재구매,0,종류: 01 성인이중슬림모(보편적인)
2410,몇번째 주문이예요 너무 좋아요,21.01.05.,5,0,0,선택1: 성인칫솔 / 선택2: 일반형칫솔 / 선택3: 01-1)일반형(단단모)
2411,"초극세모로 부드럽게 양치 할 수 있다고해서 다음에 스켈링후 잇몸에 자극을 주지 않고 사용하려고 구매했어요
이중모하고 비교해보고 저한테 맞는 칫솔롤 다음에 또 구매할께요",20.11.25.,4,0,0,종류: 02 성인올슬림모-일반형(민감성)
2412,재구매가성비 좋아용 ㅎㅎㅎ 체고,21.01.10.,5,재구매,0,선택1: 교정및어금니 / 선택2: 교정칫솔 / 선택3: 05-1)일반형(단단한)
2413,재구매가성비 체고ㅎㅎㅎ 좋아용,21.01.10.,5,재구매,0,선택1: 교정및어금니 / 선택2: 어금니칫솔 / 선택3: 06-1)일반형(단단한)
2414,매번 사용하는 칫솔입니다,21.01.06.,5,0,0,종류: 02 성인올슬림모-일반형(민감성)
2415,생각보다  칫솔모가  많이  납작하네요. 어금니안쪽까지  닦기가  좀 힘드네요.  어금니칫솔모로  잘 관리 해야겠어요.,20.12.03.,3,0,0,종류: 00 성인일반모(단단한)
2416,"배송 빠르고 좋아요
가성비가 좋아요",21.01.08.,3,0,0,선택1: 성인칫솔 / 선택2: 광폭칫솔 / 선택3: 04-2)올슬림모(부드러운)
2417,원래 쓰던 거라 샀어요!! 배송 빠르고 덤도 주셨어요 ❤️,20.12.10.,5,0,0,종류: 08 교정칫솔-슬림형
2418,닦아보니 미세모라 자극이 안되면서도 모가 짱짱한느낌이 있고 잘닦이는거 같아요,20.12.08.,5,0,0,종류: 05 어린이이중슬림모(7세-10세)
2419,재구매잘 쓰겠습니다~~!!!,20.12.22.,5,재구매,0,선택1: 성인칫솔 / 선택2: 고급형칫솔 / 선택3: 02-2)올슬림모(부드러운)
2420,재구매잘  쓰겠습니다~~!!!,20.12.22.,5,재구매,0,선택1: 어린이칫솔 / 선택2: 기린칫솔 / 선택3: 08-2)기린이중(7세-11세)
2421,재구매잘 쓰겠습니다~~!!!,20.12.22.,5,재구매,0,선택1: 성인칫솔 / 선택2: 초미세모 / 선택3: 0)초미세모
2422,재구매잘 쓰겠습니다~~!!!,20.12.22.,5,재구매,0,선택1: 어린이칫솔 / 선택2: 유아칫솔 / 선택3: 07-1)유아(15개월-36개월)
2423,"재구매칫솔떨어지기 무섭게 주문했어요
너무 좋아요",20.12.29.,5,재구매,0,선택1: 성인칫솔 / 선택2: 고급형칫솔 / 선택3: 02-1)이중모(탄력적인)
2424,"여러칫솔써봤지만
크기나 칫솔모도 제일만족ㅎㄱㆍㅂ니다",20.12.18.,5,0,0,종류: 05 어린이이중슬림모(7세-10세)
2425,빠른 배송 감사드립니다,21.01.05.,5,0,0,선택1: 성인칫솔 / 선택2: 일반형칫솔 / 선택3: 01-2)이중모(탄력적인)
2426,"아직 미사용이지만 전에 쓰던거보다 좀
투박한것 같기도하고요~",20.12.29.,3,0,0,선택1: 교정및어금니 / 선택2: 교정칫솔 / 선택3: 05-3)고급슬림형(부드러운)
2427,"한달사용기생각보다 좀 단단해서 슬림형 살 걸 했나 했는데 금방 부드러워지더라구요 
만족하며 잘 사용하고 있습니다",20.12.19.,4,0,한달사용기,종류: 10 어금니-돔형
2428,"이중으로 양치해서 미세모로만 하는 부드러운 칫솔질은 양치가 덜되는 느낌이 있어서 개운하게 칫솔질하고 싶어서 구매했어요
처음 사용이라 기대합니다",20.11.25.,4,0,0,종류: 01 성인이중슬림모(보편적인)
2429,배송도 빠르고 제품도 만족합니다.,21.01.05.,5,0,0,선택1: 성인칫솔 / 선택2: 2-3줄모 / 선택3: 03-2)비타민올(세줄모)
2430,재구매어금니 칫솔로 어금니 꼭 닦아주세요,21.01.04.,5,재구매,0,종류: 09 어금니-일반형
2431,만족합니다~ 치과용이라,20.12.10.,5,0,0,종류: 12 해피덴-비타민이중슬림모(보편적인)
2432,"완전 좋아요 
빳빳하니 치석제거도 되는 느낌
구석구석 잘닦입니다
제가 찾는 칫솔 그대로 왔네요
많이파세요",20.11.28.,5,0,0,종류: 00 성인일반모(단단한)
2433,아이가 쓰기에 맞춤으로,21.01.04.,4,0,0,선택1: 교정및어금니 / 선택2: 교정칫솔 / 선택3: 05-2)슬림형(부드러운)
2434,딸은 교정칫솔 저는 미세모 써보니 좋아요^^,20.12.11.,5,0,0,종류: 07 교정칫솔-일반형
2435,재구매항상 구입해서 잘 쓰고있습니다,21.01.02.,5,재구매,0,선택1: 성인칫솔 / 선택2: 일반형칫솔 / 선택3: 01-1)일반형(단단모)
2436,재구매사랑니에음식물껴서계속쓰는제품이예요,20.12.10.,5,재구매,0,종류: 11 어금니-슬림형
2437,재구매여기 칫솔 좋아서 안써본 거 주문중입니다. 배송 빠르고 좋아요,20.12.02.,5,재구매,0,종류: 16 광폭이중(보편적인)
2438,재구매단단해요. 매일 쓰긴 부담스러운듯. 미세모랑 섞어쓰면 좋을거같아요.,20.12.22.,3,재구매,0,종류: 00 성인일반모(단단한)
2439,"몇년째 쟁여놓고 잘쓰고있습니다ㅎㅎ
이번에 처음 사은품도 받았네요!!",20.12.01.,5,0,0,종류: 03 성인올슬림모-고급형(민감성)
2440,친구가 치과에서 받아서 어금니 칫솔 사용해보니 개운하다고해서 구매해봤어요  돔형하고 슬림형하고 같이 구매했는데 돔형 좋습니다 잘닦이네요,20.11.25.,4,0,0,종류: 10 어금니-돔형
2441,"어금니 칫솔 찾아보다 구매했어요 치과납품 칫솔이라길래 구매했구요 친구가 어금니 칫솔 사용하면 개운하다길래 구매해요
아직 사용전이지만 기대해봅니다",20.11.25.,4,0,0,종류: 11 어금니-슬림형
2442,만족합니다~  잘 쓸게요,21.01.03.,5,0,0,선택1: 성인칫솔 / 선택2: 일반형칫솔 / 선택3: 01-1)일반형(단단모)
2443,이 제품도 처음 써보는데 부드럽고 좋아요,20.12.09.,5,0,0,종류: 02 성인올슬림모-일반형(민감성)
2444,"아직 사용전이라 잘 모르겠지만, 써보고 좋으면 또 주문할게요",20.12.06.,5,0,0,종류: 11 어금니-슬림형
2445,재구매치아 틈이 있어 구석구석 닦기 좋아요😁 배송도 빠르고요 감사해요,20.12.02.,5,재구매,0,종류: 02 성인올슬림모-일반형(민감성)
2446,재구매치아 틈이 있어 구석구석 닦기 좋아요😁 배송도 빠르고요 감사해요,20.12.02.,5,재구매,0,종류: 01 성인이중슬림모(보편적인)
2447,재구매치아 틈이 있어 구석구석 닦기 좋아요😁 배송도 빠르고요 감사해요,20.12.02.,5,재구매,0,종류: 09 어금니-일반형
2448,어금니 잘 닦을 수 있어서 좋네요~,20.12.11.,5,0,0,종류: 05 어린이이중슬림모(7세-10세)
2449,어금니 잘 닦을 수 있어서 좋네요~,20.12.11.,5,0,0,종류: 09 어금니-일반형
2450,어금니 잘 닦을 수 있어서 좋네요~,20.12.11.,5,0,0,종류: 10 어금니-돔형
2451,어금니 잘 닦을 수 있어서 좋네요~,20.12.11.,5,0,0,종류: 11 어금니-슬림형
2452,어금니 잘 닦을 수 있어서 좋네요~,20.12.11.,5,0,0,종류: 16 광폭이중(보편적인)
2453,어른꺼 처음써보는데 좋습니다,20.12.10.,5,0,0,종류: 01 성인이중슬림모(보편적인)
2454,"재구매지난번 구매했던 칫솔 다 쓰고 재구매했습니다.
가족들도 만족하며 잘 쓰고 있어요.",20.12.19.,5,재구매,0,선택1: 성인칫솔 / 선택2: 고급형칫솔 / 선택3: 02-1)이중모(탄력적인)
2455,"늘 사용하던 제품이라 또 구매했어요.
아이들이 사용하는데 
가격도 저렴하면서 품질도 좋고
아이들이 양치를 잘하네요~
또 구매할게요^^",20.11.26.,5,0,0,종류: 01 성인이중슬림모(보편적인)
2456,한달사용기추천........,21.01.07.,4,0,한달사용기,종류: 03 성인올슬림모-고급형(민감성)
2457,마트에서 파는 세일 칫솔보다 좋은것 깉아요개운해요,20.12.05.,4,0,0,종류: 01 성인이중슬림모(보편적인)
2458,임플란트하신 엄마께 사드렸는데 맘에드신다네요,20.12.26.,5,0,0,종류: 09 어금니-일반형
2459,한달사용기많이 싸게 구매해서 좋아요🔥🔥🥰,21.01.01.,5,0,한달사용기,종류: 07 교정칫솔-일반형
2460,배송도 빠르고 제품 너무 좋아요,20.12.09.,5,0,0,종류: 05 어린이이중슬림모(7세-10세)
2461,한달사용기저렴하지만 가격대비 정말 괜찮은 칫솔이예요,20.12.27.,5,0,한달사용기,종류: 01 성인이중슬림모(보편적인)
2462,재구매구석구석 닦기 좋아요 솔이 미세해요😁 배송도 빠르고요 감사해요,20.12.02.,5,재구매,0,종류: 13 해피덴-비타민올슬림모(민감성)
2463,"사랑니 발치하고 나서 끝 어금니 뒷부분은 꼭 어금니 칫솔로 꼼꼼하게 닦아줘야해요!
사랑니 발치로 유명하신 치과의사선생님이 어금니 칫솔 쓰래서 사봤습니다

숱이 좀 적지만 만족합니다",20.11.20.,5,0,0,종류: 10 어금니-돔형
2464,재구매항상 사용해요 치실도 서비스로 주셨네요,20.12.03.,5,재구매,0,종류: 08 교정칫솔-슬림형
2465,조아요 너ㅜ조아요 조아요,20.12.14.,5,0,0,종류: 13 해피덴-비타민올슬림모(민감성)
2466,"아직 사용전입니다.
배송은 빠릅니다.",20.12.29.,4,0,0,선택1: 성인칫솔 / 선택2: 고급형칫솔 / 선택3: 02-2)올슬림모(부드러운)
2467,미세모라 자극이 없어요,20.12.10.,5,0,0,종류: 02 성인올슬림모-일반형(민감성)
2468,"아직 사용전이지만,
후기가 좋아 구매했습니다.",20.12.27.,5,0,0,선택1: 성인칫솔 / 선택2: 고급형칫솔 / 선택3: 02-1)이중모(탄력적인)
2469,제꺼 쓰면서 만족스러워서 아이들것도 같이 구매,20.12.05.,4,0,0,종류: 05 어린이이중슬림모(7세-10세)
2470,한달사용기많이 구매해서 좋아요🤍🤍,21.01.01.,5,0,한달사용기,종류: 08 교정칫솔-슬림형
2471,한달사용기충치치료 끝낸 아들에게 사용중인데 정말 좋아요,20.12.05.,5,0,한달사용기,종류: 09 어금니-일반형
2472,한달사용기재구매늘 사용하는 칫솔이에요,20.12.30.,5,재구매,한달사용기,종류: 05 어린이이중슬림모(7세-10세)
2473,한달사용기재구매늘 사용하는 칫솔이에요,20.12.30.,5,재구매,한달사용기,종류: 00 성인일반모(단단한)
2474,재구매좋아요 구석구석 잘 딲여요,20.12.04.,5,재구매,0,종류: 09 어금니-일반형
2475,한달사용기결국에는 이 칫솔로 돌아오더라구요 너무 좋아요,20.12.22.,5,0,한달사용기,0
2476,항상 여러가지 여기서 구입해 써요,20.12.07.,5,0,0,종류: 5-2 너구리이중슬림모(7세-10세)
2477,항상 여러가지 여기서 구입해 써요,20.12.07.,5,0,0,종류: 02 성인올슬림모-일반형(민감성)
2478,항상 여러가지 여기서 구입해 써요,20.12.07.,5,0,0,종류: 01 성인이중슬림모(보편적인)
2479,항상 여러가지 여기서 구입해 써요,20.12.07.,5,0,0,종류: 17 광폭올(민감성)
2480,항상 여러가지 여기서 구입해 써요,20.12.07.,5,0,0,종류: 08 교정칫솔-슬림형
2481,배송빠르고 잘쓰고 있습니다,20.12.09.,5,0,0,종류: 03 성인올슬림모-고급형(민감성)
2482,아직은 안써봤지만 잘 닦일거 같네요,20.12.07.,5,0,0,종류: 01 성인이중슬림모(보편적인)
2483,가성비좋아요 배송도 빠르구요,20.12.05.,5,0,0,종류: 03 성인올슬림모-고급형(민감성)
2484,가성비좋아요 배송도 빠르구요,20.12.05.,5,0,0,종류: 01 성인이중슬림모(보편적인)
2485,재구매솔이 세지도 너무 연하지도 않고 모가 미세해 잘 닦여여😁 배송도 빠르고요 감사해요,20.12.02.,5,재구매,0,종류: 12 해피덴-비타민이중슬림모(보편적인)
2486,빠르게 배송해줘서 김사해요,20.12.08.,5,0,0,종류: 09 어금니-일반형
2487,늘 쓰던 칫솔이에요~ 좋아요,20.12.09.,5,0,0,종류: 04 어린이올슬림모(24개월-6세)
2488,재구매사용하기 좋아요 늘 써고 있어요,20.12.04.,5,재구매,0,종류: 08 교정칫솔-슬림형
2489,모 넓이가 좀 좁은 것 같긴 한데 쓰기에 괜찮아요,20.12.05.,5,0,0,종류: 14 미소덴탈 금올슬림모(민감성)
2490,아직써보지않았지만좋겠죠,20.12.08.,5,0,0,종류: 00 성인일반모(단단한)
2491,애들이 편하고 좋대요,20.12.09.,5,0,0,종류: 05 어린이이중슬림모(7세-10세)
2492,색깔도 여러개 잘주었네요,20.12.08.,5,0,0,종류: 16 광폭이중(보편적인)
2493,사은품과빠른배성좋아요,20.12.08.,5,0,0,종류: 12 해피덴-비타민이중슬림모(보편적인)
2494,"서비스로 이것저것 챙겨주시네요♡
구치부 칫솔로..교정기 사이사이 닦고 있어요.
뾰족한게 닦기 좋네요~",20.11.24.,5,0,0,종류: 11 어금니-슬림형
2495,늘 쓰던 칫솔이에요~~ 좋아요,20.12.09.,4,0,0,종류: 03 성인올슬림모-고급형(민감성)
2496,매번 쓰던것만 주문하다가 넓은모 한번 시켜봤는데 넘~흐 좋으네요!!,20.12.22.,5,0,0,선택1: 성인칫솔 / 선택2: 일반형칫솔 / 선택3: 01-2)이중모(탄력적인)
2497,매번 쓰던것만 주문하다가 넓은모 한번 시켜봤는데 넘~흐 좋으네요!!,20.12.22.,5,0,0,선택1: 성인칫솔 / 선택2: 광폭칫솔 / 선택3: 04-1)이중(탄력적인)
2498,상품 좋고 배송 완전 빠르네요.,20.12.08.,5,0,0,종류: 01 성인이중슬림모(보편적인)
2499,처음 써보는데 좋네요,20.12.09.,5,0,0,종류: 00 성인일반모(단단한)
2500,재구매저렴해서 한번 주문해봤는데 모가 엉성하네요,20.12.04.,3,재구매,0,종류: 01 성인이중슬림모(보편적인)
2501,치과용이라 좋아요~,20.12.10.,5,0,0,종류: 01 성인이중슬림모(보편적인)
2502,아이칫솔 자주 갈아주려고 샀어요~양치할때 안아파해서 괜찮은것같아요~,20.11.26.,4,0,0,종류: 04 어린이올슬림모(24개월-6세)
2503,우선 배송도 빠르고 포장도 꼼꼼해서 좋았구요 칫솔도 일반칫솔보다 부드럽고 작아서 좋습니다,20.12.16.,5,0,0,종류: 11 어금니-슬림형
2504,부드러워요~ 색깔도 다양하게 줬어요,20.12.02.,4,0,0,종류: 01 성인이중슬림모(보편적인)
2505,"처음 구매 해본뒤로는 계속 이곳 칫솔만 쓰고있어요
잇몸이 약한편인데 미세모로 양치질 하니 좋아요
치실과 칫솔만 구매했는데, 1회용 치실과 혀 클리너도 사은품으로 주셔서 감사합니다 :)",20.12.11.,5,0,0,종류: 03 성인올슬림모-고급형(민감성)
2506,잘받았어요 좋습니다,20.12.08.,5,0,0,종류: 01 성인이중슬림모(보편적인)
2507,생각보다 부드럽지는 않는데 양치할때 불편한건 없어요!!,20.12.22.,4,0,0,선택1: 교정및어금니 / 선택2: 교정칫솔 / 선택3: 05-2)슬림형(부드러운)
2508,"적당히 탄력있어서 잘 닦이네요
사은품도 넣어주셨네요",20.11.28.,5,0,0,종류: 01 성인이중슬림모(보편적인)
2509,확실히 단단하네요. 조심히 써야겠어요,20.12.02.,4,0,0,종류: 00 성인일반모(단단한)
2510,재구매아주좋아요 감사합니다,20.12.07.,5,재구매,0,종류: 01 성인이중슬림모(보편적인)
2511,재구매구석진곳 하기 좋고 부드러워서 좋아요,20.12.04.,5,재구매,0,종류: 11 어금니-슬림형
2512,치과용 칫솔이라 부드럽고 좋아요^^,20.12.26.,5,0,0,종류: 03 성인올슬림모-고급형(민감성)
2513,일반칫솔로 잘 닿지 않는 부분까지 쓸 수 있어서 좋네요~ 칫솔모가 조금 덜 부드러운 게 아쉽네요,20.11.22.,4,0,0,종류: 10 어금니-돔형
2514,좋아요 부드라워요 잘쓸게요,20.12.03.,5,0,0,종류: 01 성인이중슬림모(보편적인)
2515,좋아요 부드러어뇨 잘쓸게요,20.12.03.,5,0,0,종류: 03 성인올슬림모-고급형(민감성)
2516,한달사용기칫솔모가 작아 어금니까지 잘 닦여요^^,20.12.05.,5,0,한달사용기,종류: 00 성인일반모(단단한)
2517,재구매광폭을 한번 써보구선 더 잘 닦이는 느낌이라 구매해봤어요. 아직 여기선 처음 사보는거라 잘 쓸게요,20.11.21.,4,재구매,0,종류: 16 광폭이중(보편적인)
2518,아이가 치아교정 시작하면서 여러개 구매했네요. 만족합니다~,20.11.25.,5,0,0,종류: 07 교정칫솔-일반형
2519,배송 진짜 빨라요.,20.12.09.,5,0,0,종류: 04 어린이올슬림모(24개월-6세)
2520,재구매항상 사용하던 칫솟 저렴하고 좋습니다,20.12.03.,5,재구매,0,종류: 07 교정칫솔-일반형
2521,저렴하게 구매했어요~꾸준히 써봐야될듯~단단한모 아프지않고 좋네요~,20.12.15.,5,0,0,종류: 00 성인일반모(단단한)
2522,"재구매여기서 두번째 구입하는데 마음에 들어요!!
한번 쓰기 시작하니까 개운해서 계속 쓰게 됩니다.",20.11.21.,5,재구매,0,종류: 09 어금니-일반형
2523,"재구매여기서 두번째 구입하는데 마음에 들어요!!
한번 쓰기 시작하니까 개운해서 계속 쓰게 됩니다.",20.11.21.,5,재구매,0,종류: 10 어금니-돔형
2524,한달사용기잘 사용하고있습니다,20.12.06.,5,0,한달사용기,종류: 11 어금니-슬림형
2525,한달사용기잘 사용하고있습니다,20.12.06.,5,0,한달사용기,종류: 09 어금니-일반형
2526,좋네요 아주아주 항상 사용하는제품 이예요,20.12.23.,5,0,0,종류: 09 어금니-일반형
2527,부드럽고 치아 잇몸에 좋아서 항상 여기꺼씁니다!,20.12.01.,5,0,0,종류: 01 성인이중슬림모(보편적인)
2528,항상 쓰던 칫솔인데 다 떨어져서 다시 구매햇어요^^,20.12.01.,5,0,0,종류: 02 성인올슬림모-일반형(민감성)
2529,재구매교정하는 내내 교정용 쓰다가 이제 교정 끝나서 일반용으로 바꿔 주문합니다~^^,20.11.30.,5,재구매,0,종류: 15 미소덴탈 숯올슬림모(민감성)
2530,약간 제 가준에서는 부드러운편이요,20.12.02.,4,0,0,종류: 10 어금니-돔형
2531,재구매구석구석 잘 닦이고 좋아요,20.12.04.,5,재구매,0,종류: 10 어금니-돔형
2532,믿고쓰는 미소칫솔. 애들이 이 칫솔만 쓰려고 해서 몇 년째 쓰고 있어요. 이번엔 어른 것도 사봤어요.,20.11.20.,5,0,0,종류: 01 성인이중슬림모(보편적인)
2533,아이들이 좋아합니다.양치해보니 잘닦이고 좋아요,20.12.15.,5,0,0,종류: 03 성인올슬림모-고급형(민감성)
2534,재구매쓰고 다 써서 재구매 했습니다.,20.12.04.,5,재구매,0,종류: 08 교정칫솔-슬림형
2535,한달사용기잘 사용하고있습니다.,20.12.06.,5,0,한달사용기,종류: 10 어금니-돔형
2536,어금니용 먼저 쓰고 있는데 괜찮아요,20.12.22.,5,0,0,종류: 10 어금니-돔형
2537,어금니용 먼저 쓰고 있는데 괜찮아요,20.12.22.,5,0,0,종류: 01 성인이중슬림모(보편적인)
2538,어금니용 먼저 쓰고 있는데 괜찮아요,20.12.22.,5,0,0,종류: 07 교정칫솔-일반형
2539,뽀족해서 사용하기 좀 불평 ㅠㅠ 일반형이 좋아요,20.11.26.,5,0,0,종류: 10 어금니-돔형
2540,한달사용기비싼칫솔 쓰다 쓰니 느낌이 다르지만 이것대로 또 적응되네요: 2-3주 단위로 교체하면 될 것 같아요,20.11.24.,5,0,한달사용기,종류: 08 교정칫솔-슬림형
2541,한달사용기재구매만족합니다. 항상 주문하는 제품입니다.,20.12.17.,5,재구매,한달사용기,종류: 01 성인이중슬림모(보편적인)
2542,만족도 5점만족도 5점,21.01.16.,5,0,0,종류: 00 성인일반모(단단한)
2543,만족도 5점만족도 5점,21.01.16.,5,0,0,종류: 01 성인이중슬림모(보편적인)
2544,잘쓰겠습니다~~~~,20.12.29.,5,0,0,선택1: 교정및어금니 / 선택2: 교정칫솔 / 선택3: 05-2)슬림형(부드러운)
2545,좋아요 부드러뤄요 배송빨라요,20.12.03.,5,0,0,종류: 02 성인올슬림모-일반형(민감성)
2546,좋아요.만족합니다.,20.12.20.,5,0,0,선택1: 성인칫솔 / 선택2: 일반형칫솔 / 선택3: 01-2)이중모(탄력적인)
2547,쓰던거라 좋아서 또 주문했어요,20.12.21.,5,0,0,선택1: 어린이칫솔 / 선택2: 기린칫솔 / 선택3: 08-1)기린올(24개월-6세)
2548,재구매항상쓰는 칫솔입니다,20.12.03.,5,재구매,0,종류: 01 성인이중슬림모(보편적인)
2549,재구매좋아서 계속 구매하고있습니다,20.12.21.,5,재구매,0,종류: 01 성인이중슬림모(보편적인)
2550,재구매최고에요 추천해요!!!!,20.11.30.,5,재구매,0,종류: 14 미소덴탈 금올슬림모(민감성)
2551,재구매적당히부드럽고좋아요,20.12.22.,4,재구매,0,종류: 05 어린이이중슬림모(7세-10세)
2552,가성비 좋아요. 구매잘했어요.,20.12.19.,5,0,0,종류: 01 성인이중슬림모(보편적인)
2553,재구매칫솔이 그립감이 좋아용 ~,20.12.24.,5,재구매,0,선택1: 성인칫솔 / 선택2: 초미세모 / 선택3: 0)초미세모
2554,미세모라 자극적이지 않아 사용시 편합니다~,20.12.18.,5,0,0,종류: 17 광폭올(민감성)
2555,재구매좋아서계속구매하고있어요~,20.12.21.,5,재구매,0,종류: 02 성인올슬림모-일반형(민감성)
2556,칫솔 사이즈가 작아서 양치하기 편해요 사은품도 맘에들어요,20.11.20.,4,0,0,종류: 01 성인이중슬림모(보편적인)
2557,잘받았습니다.감사합니다.,20.12.22.,5,0,0,선택1: 성인칫솔 / 선택2: 일반형칫솔 / 선택3: 01-1)일반형(단단모)
2558,좋아요. 부드러워요.,20.12.22.,5,0,0,선택1: 성인칫솔 / 선택2: 고급형칫솔 / 선택3: 02-2)올슬림모(부드러운)
2559,칫솔이 커서그런지 좍 감기는 맛은 없는데 그래도 부드러워서 소소~해요,20.12.14.,4,0,0,종류: 03 성인올슬림모-고급형(민감성)
2560,좋네여 저렴하고 일반형은 시원한 느낌이 들어요,20.11.26.,5,0,0,종류: 07 교정칫솔-일반형
2561,재구매저렴하고 좋습니다 ㅎㅎ,20.12.03.,5,재구매,0,종류: 01 성인이중슬림모(보편적인)
2562,생각보다 딱딱하지않고 잘 닦여서 좋았어요,20.11.27.,4,0,0,종류: 07 교정칫솔-일반형
2563,"예전에 써보고 좋아서 또 구매해요
치과용이라 믿고쓰며 촘촘하니 양치후에 깔끔한 느낌이예요",20.11.15.,5,0,0,종류: 02 성인올슬림모-일반형(민감성)
2564,재구매아주좋아여 기본에 충실,20.11.30.,5,재구매,0,종류: 02 성인올슬림모-일반형(민감성)
2565,세번째구매에요 교정에 아주 좋아요,20.11.22.,5,0,0,종류: 08 교정칫솔-슬림형
2566,한달사용기언제나 시키는 제품,20.12.22.,5,0,한달사용기,종류: 01 성인이중슬림모(보편적인)
2567,한달사용기언제나 시키는 제품,20.12.22.,5,0,한달사용기,종류: 02 성인올슬림모-일반형(민감성)
2568,한달사용기언제나 시키는 제품,20.12.22.,5,0,한달사용기,종류: 05 어린이이중슬림모(7세-10세)
2569,저렴히구매해서잘사용하고있어요,20.12.18.,5,0,0,선택1: 어린이칫솔 / 선택2: 기린칫솔 / 선택3: 08-2)기린이중(7세-11세)
2570,배송도 빠르고 꼼꼼한데다 가격도 착하고 좋아요,20.12.17.,5,0,0,종류: 03 성인올슬림모-고급형(민감성)
2571,재구매아주 좋습니다 추천해요 👍,20.11.30.,5,재구매,0,종류: 03 성인올슬림모-고급형(민감성)
2572,"튼튼하고 좋아요!
여기가 제일 저렴하고 무배 기준 낮아서 샀어요",20.11.20.,5,0,0,종류: 16 광폭이중(보편적인)
2573,"튼튼하고 좋아요!
여기가 제일 저렴하고 무배 기준 낮아서 샀어요",20.11.20.,5,0,0,종류: 15 미소덴탈 숯올슬림모(민감성)
2574,항상 구매하는 품목입니다.,20.12.20.,5,0,0,종류: 05 어린이이중슬림모(7세-10세)
2575,슬림형이 사용하기 확실히 부드럽네여 굿,20.11.26.,5,0,0,종류: 08 교정칫솔-슬림형
2576,"아직 안사용 해봤어요
우선 착한가격에 별4개입니다",20.11.24.,4,0,0,종류: 03 성인올슬림모-고급형(민감성)
2577,올슬림모 튼튼하고 잘닦이는기분들어요,20.12.16.,5,0,0,선택1: 성인칫솔 / 선택2: 고급형칫솔 / 선택3: 02-2)올슬림모(부드러운)
2578,"재구매이전에 이중슬림모랑 올슬림모 써 보고 저희한테는 올슬림모가 더 잘 맞고 괜찬은거 같아서 이번에 다시 올슬림모로 주문 했습니다.
양치 열심히 하고 담에 또 주문할께요 ^^",20.12.04.,3,재구매,0,종류: 03 성인올슬림모-고급형(민감성)
2579,재구매칫솔모가 부드러워서 피곤할때 몸이 더 민감할때 잇몸도 잘 관리할 수 있어서 좋아요,20.11.21.,4,재구매,0,종류: 03 성인올슬림모-고급형(민감성)
2580,재구매..넘 좋아요..잇몸이 안좋아서 구매..,20.11.22.,5,0,0,종류: 00 초미세모(매우부드러운)
2581,치과칫솔이라 믿고 구매합니다~,20.12.18.,5,0,0,종류: 05 어린이이중슬림모(7세-10세)
2582,재구매매번 교정칫솔살때마다 이용하는데 서비스도 챙겨주시고 감사합니다! 이번엔 칫솔들이 튼튼한것 같아요! 다음에 또 이용할게요~,20.12.01.,5,재구매,0,종류: 07 교정칫솔-일반형
2583,써본칫솔중에 제일 좋은거같아요,20.12.16.,5,0,0,선택1: 성인칫솔 / 선택2: 고급형칫솔 / 선택3: 02-4)미소숯올(부드러운)
2584,배송이 빨라서 좋았어요~ 치실도 받았네요,20.11.22.,4,0,0,종류: 01 성인이중슬림모(보편적인)
2585,"이를 닦을 때 무의식적으로 세게 닦는 경우가 많지만 실제는 그냥 무언가 닿기만 해도 이는 깨끗이 닦인다고 하더군요. 그래서 부드럽고 가는 칫솔을 구입했습니다. 정말 이를 닦는데 닿는 느낌이 들지 않을 정도로 부드럽습니다. 그래도 이를 닦은 뒤 확인하니뽀드득 잘 닦였습니다. 잇몸에 자극이 없어서 아주 좋습니다. 바람이 있다면, 칫솔이 내구성이 좋았으면 합니다. 살살 닦고 있지만 너무 부드러우니 기우이겠지만, 조금 걱정이 되더군요. 다음에 구입할 때는 내구도에 대한 정보도 공유할게요.",20.11.09.,5,0,0,종류: 00 초미세모(매우부드러운)
2586,너무 좋아요~~! 치실도 감사합니다 !,20.12.13.,5,0,0,종류: 07 교정칫솔-일반형
2587,항상 잘 쓰고 있어요~,20.12.20.,5,0,0,종류: 03 성인올슬림모-고급형(민감성)
2588,항생 잘 쓰고 있어요~,20.12.20.,5,0,0,종류: 16 광폭이중(보편적인)
2589,좋아요. 좋아요.좋아요,21.01.11.,4,0,0,선택1: 교정및어금니 / 선택2: 교정칫솔 / 선택3: 05-1)일반형(단단한)
2590,저렴히구매해서좋네요,20.12.18.,5,0,0,선택1: 교정및어금니 / 선택2: 교정칫솔 / 선택3: 05-2)슬림형(부드러운)
2591,개별 포장에 써보니 너무 좋아요 칫솔질 하는 느낌도 좋고 깨끗하게 잘 닦이는것같아요,20.12.08.,5,0,0,종류: 01 성인이중슬림모(보편적인)
2592,재구매좋아요~~~~~~~,20.12.27.,4,재구매,0,선택1: 성인칫솔 / 선택2: 일반형칫솔 / 선택3: 01-2)이중모(탄력적인)
2593,한달사용기의외로 잘안쓰게 되네요.끝이 뭉툭한모양으로 살걸 그랬어요.,20.11.16.,3,0,한달사용기,종류: 09 어금니-일반형
2594,한달사용기재구매교정하고 이제품만 쓰고있어요,20.12.15.,5,재구매,한달사용기,종류: 07 교정칫솔-일반형
2595,한달사용기좋아요 근데 몇번 부러졌서 아쉽네요,20.12.11.,4,0,한달사용기,종류: 01 성인이중슬림모(보편적인)
2596,매번 또 또 구매합니다.,20.11.30.,5,0,0,종류: 01 성인이중슬림모(보편적인)
2597,재구매칫솔모가 너무 뻣뻣하지도 않고 너무 부드럽지도 않아요~ 양치하면 깨끗하고 개운하게 이가 닦이면서 잇몸은 아프지 않아 좋네요~!!,20.11.11.,5,재구매,0,종류: 02 성인올슬림모-일반형(민감성)
2598,칫솔모가 더 부드럽고 칫솔캡도 있어서 좋네요~,20.11.22.,4,0,0,종류: 02 성인올슬림모-일반형(민감성)
2599,"재구매칫솔은 항상 여기제품만 주문합니다
마트에서 사는건 못쓰겠어요",20.12.09.,5,재구매,0,종류: 04 어린이올슬림모(24개월-6세)
2600,한달사용기부드러운 모가 사용하기 편하네요,20.12.14.,5,0,한달사용기,종류: 05 어린이이중슬림모(7세-10세)
2601,"재구매에요
칫솔계속 이것만썽ㆍ느",20.11.21.,5,0,0,종류: 04 어린이올슬림모(24개월-6세)
2602,재구매늘쓰던거예요 배송도빠르고 좋아요,20.12.08.,4,재구매,0,종류: 01 성인이중슬림모(보편적인)
2603,한달사용기재구매계속 사용하는 중이에여,20.12.15.,4,재구매,한달사용기,종류: 16 광폭이중(보편적인)
2604,"좋인요~
두번째구매에요!",20.12.17.,5,0,0,종류: 02 성인올슬림모-일반형(민감성)
2605,일반형이 좋은거같아여 잘쓸게ㅇㅕ 좋네요,20.11.26.,5,0,0,종류: 09 어금니-일반형
2606,칫솔모가 너무 좋아요,20.12.15.,5,0,0,종류: 5-1 너구리올슬림모(24개월-6세)
2607,아이 교정칫솔 사서 사용해  보니 좋아서 어른것도 구매해서 써요~만족합니다~,20.12.01.,5,0,0,종류: 00 성인일반모(단단한)
2608,올슬림모 좋아요 잘닦여요,20.12.16.,5,0,0,선택1: 성인칫솔 / 선택2: 고급형칫솔 / 선택3: 02-3)미소금올(부드러운)
2609,한달사용기칫솔이안닿이는 부분도 잘 닦여서 좋습니다!,20.12.11.,5,0,한달사용기,종류: 10 어금니-돔형
2610,만족합니다만족합니다,20.11.24.,5,0,0,종류: 10 어금니-돔형
2611,만족합니다만족합니다,20.11.24.,5,0,0,종류: 02 성인올슬림모-일반형(민감성)
2612,만족합니다만족합니다,20.11.24.,5,0,0,종류: 11 어금니-슬림형
2613,"이중슬림모랑 올슬림모 번갈아가면서
사용중이예요 마트나 다른 곳에서
칫솔 사서 쓰면 잇몸붓고 잘 안닦인느낌
드는데 여기꺼 칫솔은 그런거없이 만족해요",20.11.27.,5,0,0,종류: 01 성인이중슬림모(보편적인)
2614,재구매교정 이후로 늘 교정용칫솔 써요!! 일반모보다 슬림모 추천합니다👍🏻 어금니용도 너무 유용해요!!! 추천추천,20.11.10.,5,재구매,0,종류: 09 어금니-일반형
2615,재구매교정 이후로 늘 교정용칫솔 써요!! 일반모보다 슬림모 추천합니다👍🏻 어금니용도 너무 유용해요!,20.11.10.,5,재구매,0,종류: 10 어금니-돔형
2616,재구매교정 이후로 늘 교정용칫솔 써요!! 일반모보다 슬림모 추천합니다👍🏻 어금니용도 너무 유용해요!,20.11.10.,5,재구매,0,종류: 08 교정칫솔-슬림형
2617,좋아요. 예상했던 그정도입니다. 근데 가격이 싸서 만족해요 ㅎㅎ 치과에선느 2500원에 팔던데 900원이라서... 5개 샀습니다. 일회용 치실도 5개 넣어주셨네요. 잘쓸게요~,20.11.25.,5,0,0,종류: 08 교정칫솔-슬림형
2618,칫솔모가 너무너무 좋아요,20.12.15.,5,0,0,종류: 04 어린이올슬림모(24개월-6세)
2619,한달사용기부드러우니 조아요~~^^,20.12.17.,4,0,한달사용기,종류: 00 초미세모(매우부드러운)
2620,처음샀지만 부드러운거같아요,20.12.12.,4,0,0,종류: 03 성인올슬림모-고급형(민감성)
2621,한달사용기아이가 너무 좋아해요,20.12.14.,5,0,한달사용기,종류: 03 성인올슬림모-고급형(민감성)
2622,여기 치솔 사용해 보니 좋아서 다시 구매하게 되네요~만족합니다~,20.12.01.,5,0,0,종류: 01 성인이중슬림모(보편적인)
2623,칫솔 모가 치아사이 사이 잘 닦여서 좋아요,20.11.20.,4,0,0,종류: 05 어린이이중슬림모(7세-10세)
2624,부드럽고 좋아요!!!! 서비스로 주신 치실과 혀클리너도 잘 쓸게요 감사합니다,20.11.10.,5,0,0,종류: 03 성인올슬림모-고급형(민감성)
2625,부드럽고 좋아요!!!! 서비스로 주신 치실과 혀클리너도 잘 쓸게요 감사합니다,20.11.10.,5,0,0,종류: 01 성인이중슬림모(보편적인)
2626,부드럽고 좋아요!!!! 서비스로 주신 치실과 혀클리너도 잘 쓸게요 감사합니다,20.11.10.,5,0,0,종류: 00 성인일반모(단단한)
2627,늘쓰던거라 좋아요~~^^,20.12.15.,5,0,0,종류: 05 어린이이중슬림모(7세-10세)
2628,치과용이라 좋아요 배송도 빠르고 잘 쓰겠습니다,20.12.02.,4,0,0,종류: 04 어린이올슬림모(24개월-6세)
2629,저렴하고 잘닦여서 좋아요~,20.11.21.,5,0,0,종류: 01 성인이중슬림모(보편적인)
2630,치솔모가 잘 닦여서 좋아요,20.11.20.,4,0,0,종류: 03 성인올슬림모-고급형(민감성)
2631,한달사용기재구매어금니 안쪽까지 잘 닦입니다,20.12.10.,5,재구매,한달사용기,종류: 10 어금니-돔형
2632,"재구매배송도 빠르고 상품도 맘에 들어요 
사은품도 감사합니다",20.12.02.,5,재구매,0,종류: 03 성인올슬림모-고급형(민감성)
2633,저렴하게 잘 샀어요!!,20.12.13.,5,0,0,종류: 08 교정칫솔-슬림형
2634,저렴하게 잘 샀어요!!,20.12.13.,5,0,0,종류: 07 교정칫솔-일반형
2635,이번에 다른 걸로 주문,20.12.11.,4,0,0,종류: 02 성인올슬림모-일반형(민감성)
2636,재구매전에 써보고 좋아서 재구매해요 솔이 작고부드러워서 쓰시 좋아요,20.11.29.,5,재구매,0,종류: 03 성인올슬림모-고급형(민감성)
2637,한달사용기틈이 있는 치아라 구석구석 케어되는 것을 선호해서 만족스러웠어요 재구매 하려구요,20.11.26.,5,0,한달사용기,종류: 12 해피덴-비타민이중슬림모(보편적인)
2638,재구매여기꺼 쓰다가 마트꺼는 못쓰겠어요,20.12.09.,5,재구매,0,종류: 00 성인일반모(단단한)
2639,어금니 청소에 좋아요ㅋ,20.11.20.,4,0,0,종류: 11 어금니-슬림형
2640,아주 만독하고 발흐고 잇습니다,20.12.08.,5,0,0,종류: 01 성인이중슬림모(보편적인)
2641,"처음사용해보는데 은근 단단하네요
잘사용할게요",20.12.07.,4,0,0,종류: 10 어금니-돔형
2642,배송도 빠르고 만족합니다,20.12.09.,4,0,0,종류: 08 교정칫솔-슬림형
2643,배송도 빠르고 만족합니다,20.12.09.,5,0,0,종류: 11 어금니-슬림형
2644,재구매아주좋아요 감사합니다,20.11.18.,5,재구매,0,종류: 01 성인이중슬림모(보편적인)
2645,칫솔모가 너무 딱딱해요... ㅠ,20.11.20.,2,0,0,종류: 08 교정칫솔-슬림형
2646,한달사용기저 렴하고 좋네요  또 살게요,20.11.19.,5,0,한달사용기,종류: 02 성인올슬림모-일반형(민감성)
2647,한달사용기저 렴하고 좋네요  또 살게요,20.11.19.,5,0,한달사용기,종류: 10 어금니-돔형
2648,한달사용기저 렴하고 좋네요  또 살게요,20.11.19.,5,0,한달사용기,종류: 09 어금니-일반형
2649,한달사용기저 렴하고 좋네요  또 살게요,20.11.19.,5,0,한달사용기,종류: 00 성인일반모(단단한)
2650,한달사용기저 렴하고 좋네요  또 살게요,20.11.19.,5,0,한달사용기,종류: 01 성인이중슬림모(보편적인)
2651,한달사용기저 렴하고 좋네요  또 살게요,20.11.19.,5,0,한달사용기,종류: 11 어금니-슬림형
2652,부드럽고 잘 닦여요,20.12.09.,5,0,0,종류: 00 성인일반모(단단한)
2653,한달사용기부드럽고 잇몸이 아프지 않고 편안합니다. 감사합니다~,20.11.30.,5,0,한달사용기,종류: 01 성인이중슬림모(보편적인)
2654,한달사용기부드럽고 잇몸이 아프지 않고 편안합니다. 감사합니다~,20.11.30.,5,0,한달사용기,종류: 00 초미세모(매우부드러운)
2655,충치 치료하고 이제 이 관리 제대로 하려고 샀어요.,20.11.13.,5,0,0,종류: 11 어금니-슬림형
2656,재구매항상 여기서 사요 가성비 굿굿,20.11.13.,5,재구매,0,종류: 07 교정칫솔-일반형
2657,재구매좋아요좋아요좋아요좋아,21.01.01.,4,재구매,0,선택1: 교정및어금니 / 선택2: 어금니칫솔 / 선택3: 06-3)슬림형(부드러운)
2658,재구매좋아요좋아요좋아요좋아,21.01.01.,4,재구매,0,선택1: 성인칫솔 / 선택2: 고급형칫솔 / 선택3: 02-2)올슬림모(부드러운)
2659,항상 여기서 시켜요 칫솔 종류가 다양해서 좋아용 ㅎㅎ 근데 칫솔이 좀 빨리 망가져요ㅠ 교정기 때문에 더 그렇겠지만... 다 쓰면 또 주문할게용,20.11.19.,5,0,0,종류: 10 어금니-돔형
2660,한달사용기아이들이 칫솔이 부드럽다고 하네요. 감사합니다~~,20.11.30.,5,0,한달사용기,종류: 05 어린이이중슬림모(7세-10세)
2661,저렴하고 좋아요 아직 사용전이지만 믿고 삽니다. 사은품도 주시고 감사합니다.,20.11.03.,4,0,0,종류: 03 성인올슬림모-고급형(민감성)
2662,개별포장 깔끔해요. 잘 쓸게요,20.11.13.,5,0,0,종류: 10 어금니-돔형
2663,아직사용전인데...좋기를바라요,20.12.07.,4,0,0,종류: 01 성인이중슬림모(보편적인)
2664,"재구매올슬림모가 교정한 치아에 제일 좋은거 같아요~ 
계속 사용하고 있는 칫솔이에요",20.11.03.,5,재구매,0,종류: 02 성인올슬림모-일반형(민감성)
2665,한달사용기튼튼하고 교정이에 잘맞아요.,20.11.16.,5,0,한달사용기,종류: 00 성인일반모(단단한)
2666,일반치솔은 제대로 왔는데 어금니 치솔 한개가 치솔모가 없이 대만 있는 불량품이 왔네요.  검수가 제대로 안 되나 봅니다.  교환요청하려다 먼저 교환문의했습니다.  답변 기다립니다.  문의에는 사진 첨부가 안 되어서 여기에 쓰고 사진첨부합니다.,20.10.22.,1,0,0,종류: 01 성인이중슬림모(보편적인)
2667,빠른배송좋아요 사은품좋아요,20.12.08.,5,0,0,종류: 10 어금니-돔형
2668,한달사용기좋아요 잘 쓰고 있어요,20.11.14.,5,0,한달사용기,종류: 11 어금니-슬림형
2669,한달사용기좋아요 잘 쓰고 있어요,20.11.14.,5,0,한달사용기,종류: 10 어금니-돔형
2670,한달사용기좋아요 잘 쓰고 있어요,20.11.14.,5,0,한달사용기,종류: 01 성인이중슬림모(보편적인)
2671,저렴하게 질 좋은 칫솔 잘 구매했습니다,20.12.04.,5,0,0,종류: 01 성인이중슬림모(보편적인)
2672,저렴하고 부드러운 칫솔 잘 구매했어요,20.12.04.,5,0,0,종류: 00 초미세모(매우부드러운)
2673,떨어져 갈 때마다 항상 재구입중 많이 파세용,20.11.12.,5,0,0,종류: 01 성인이중슬림모(보편적인)
2674,"재구매두번째 구매합니다
배송도 빠르고 상품도 맘에 들어요",20.12.02.,5,재구매,0,종류: 01 성인이중슬림모(보편적인)
2675,"올 초에 칫솔 여러 종류를  구매하고 
제게 맞는 칫솔을  찾았네요 ㅎ
제 경우엔 비타민 칫솔처럼 칫솔모가
큰것은 불편하고 칫솔모가 단단한건
잇몸에 피가나더라고요 ㅠ
5종류쯤 구매했었는데
그 중 ㅡ 성인 이중 슬림모가 딱이였어요
마음에 들어서
30개 사서 쟁여뒀습니다",20.10.23.,5,0,0,종류: 01 성인이중슬림모(보편적인)
2676,"배송도 느리지 않고 좋아요
잇몸이 약해서 제일 부드러운걸로 써봣는데 매우 만족합니다",20.11.06.,4,0,0,종류: 03 성인올슬림모-고급형(민감성)
2677,"배송도 느리지 않고 좋아요
잇몸이 약해서 제일 부드러운걸로 써봣는데 매우 만족합니다",20.11.06.,4,0,0,종류: 02 성인올슬림모-일반형(민감성)
2678,"배송도 느리지 않고 좋아요
잇몸이 약해서 제일 부드러운걸로 써봣는데 매우 만족합니다",20.11.06.,4,0,0,종류: 00 초미세모(매우부드러운)
2679,"재구매좋아요~
좋아요~~",20.12.13.,3,재구매,0,종류: 10 어금니-돔형
2680,부드러워서 자주 애용합니다,20.12.05.,4,0,0,종류: 03 성인올슬림모-고급형(민감성)
2681,부드러워서 자주 애용합니다,20.12.05.,4,0,0,종류: 05 어린이이중슬림모(7세-10세)
2682,뾰족해서 이 구석구석 닦기에 좋네요.,20.11.13.,5,0,0,종류: 09 어금니-일반형
2683,빠른배송감사드립니다,20.12.06.,5,0,0,종류: 05 어린이이중슬림모(7세-10세)
2684,편리하고 튼튼하고 좋아요,20.12.05.,5,0,0,종류: 07 교정칫솔-일반형
2685,항상 쓰던 제품입니다.,20.12.07.,5,0,0,종류: 01 성인이중슬림모(보편적인)
2686,부드럽고 깔끔하게 잘 닦입니다,20.12.04.,4,0,0,종류: 01 성인이중슬림모(보편적인)
2687,"일반 칫솔보다 부드럽지는 않지만 
잘 닦여서 좋아요~
안쪽 어금니까지 구석구석~",20.11.02.,4,0,0,종류: 10 어금니-돔형
2688,"일반 칫솔보다 부드럽지는 않지만 
잘 닦여서 좋아요~
안쪽 어금니까지 구석구석~",20.11.02.,4,0,0,종류: 11 어금니-슬림형
2689,재구매빠른배송 감사합니다.,20.12.06.,5,재구매,0,종류: 08 교정칫솔-슬림형
2690,한달사용기일반 칫솔로는 닦이지 않는 곳까지 닦을 수 있어 좋습니다.,20.11.29.,5,0,한달사용기,0
2691,항상조아요..잘쓰고 재구매할게요,20.11.30.,5,0,0,종류: 03 성인올슬림모-고급형(민감성)
2692,"아이 교정중이라 잘 사용 중이여서 다시 구매 
했어요~",20.12.01.,5,0,0,종류: 08 교정칫솔-슬림형
2693,여기 상품이 가장 좋았어요 잘 쓰고 있어요,20.11.07.,5,0,0,종류: 09 어금니-일반형
2694,재구매좋아요 좋아요~^^,20.12.29.,4,재구매,0,종류: 06 유아올슬림모(13개월-36개월)
2695,재구매가성비굿!항상 써요,20.12.01.,4,재구매,0,종류: 09 어금니-일반형
2696,교정 중이라 칫솔 좋아서 다시구매 했네요~,20.12.01.,5,0,0,종류: 07 교정칫솔-일반형
2697,재구매빠른 배송 좋습니다.,20.12.06.,5,재구매,0,종류: 11 어금니-슬림형
2698,"배송 빠르고요.
재구매이고 잘 받았습니다.",20.11.27.,4,0,0,종류: 08 교정칫솔-슬림형
2699,"항상 쓰는제품이에요
이번엔 너구리로 구입했는데 아이가 더 좋아하네요
떨어질때쯤 또 구입할게요",20.11.24.,5,0,0,종류: 5-2 너구리이중슬림모(7세-10세)
2700,한달사용기교정칫솔 여전히 잘쓰고 있어요 대량으로 사두니 너무 편해용,20.11.02.,5,0,한달사용기,종류: 08 교정칫솔-슬림형
2701,사용해 보니 좋아서 다시 구매하게 됐어요~~,20.12.01.,5,0,0,종류: 16 광폭이중(보편적인)
2702,"사용하기 편해요~
일반 칫솔 보다는 부드럽지는 않지만
잘 닦기는 기분이 드네요^^",20.11.02.,4,0,0,종류: 08 교정칫솔-슬림형
2703,저렴하게 잘 구매했습니다~~~,20.12.04.,5,0,0,종류: 07 교정칫솔-일반형
2704,한달사용기재구매항상 구매해서 쓰는 칫솔이에요,20.11.11.,5,재구매,한달사용기,종류: 03 성인올슬림모-고급형(민감성)
2705,재구매칫솔은 늘 여기서 구매해요.. 늘만족합니다,20.11.06.,5,재구매,0,종류: 04 어린이올슬림모(24개월-6세)
2706,칫솔은 이 제품만 써요😁😁,20.12.05.,5,0,0,종류: 03 성인올슬림모-고급형(민감성)
2707,재구매배송도 빠르고 상품도 맘에 들어요,20.12.02.,5,재구매,0,종류: 04 어린이올슬림모(24개월-6세)
2708,재구매배송도 빠르고 상품도 맘에 들어요,20.12.02.,5,재구매,0,종류: 05 어린이이중슬림모(7세-10세)
2709,재구매배송도 빠르고 상품도 맘에 들어요,20.12.02.,5,재구매,0,종류: 02 성인올슬림모-일반형(민감성)
2710,항상 잘쓰고 잇어요..잘쓱·ㄷ재구매할께요,20.11.30.,5,0,0,종류: 02 성인올슬림모-일반형(민감성)
2711,배송도 빠르고 늘 주문하는거라서 너무 좋아요 굿,20.11.07.,5,0,0,종류: 08 교정칫솔-슬림형
2712,신랑이 칫솔질을 쎄게하긴하는데 하루쓰고 이렇게됐네요 .. 제가쓰는 이중슬림모는 괜찮네요~,20.10.28.,3,0,0,종류: 00 성인일반모(단단한)
2713,한달사용기가볍게 쓰기 좋아요,20.12.03.,5,0,한달사용기,종류: 01 성인이중슬림모(보편적인)
2714,"잘 선택했어요...두아이가쓸거라 얼마못갈듯하지만
써보고 다시주문할께요",20.10.30.,5,0,0,종류: 07 교정칫솔-일반형
2715,재구매개인적으로 오x비 칫솔보다 좋아어,20.11.30.,5,재구매,0,종류: 01 성인이중슬림모(보편적인)
2716,재구매쓰던 칫솔 구매하면서 한번 써볼까 해서 주문해봤는데 부드럽고 좋아요,20.11.03.,5,재구매,0,종류: 00 초미세모(매우부드러운)
2717,항상 구입해요..잘 사용중이예요,20.11.05.,5,0,0,종류: 03 성인올슬림모-고급형(민감성)
2718,"항상쓰는 제품이에요
빠른 배송 감사합니다
떨어질때쯤 또 구입할게요 ㅎㅎ",20.11.24.,5,0,0,종류: 03 성인올슬림모-고급형(민감성)
2719,빠른배송 감사드립니다,20.12.01.,5,0,0,종류: 03 성인올슬림모-고급형(민감성)
2720,한달사용기재구매조아요 ~~~~~~,20.12.10.,4,재구매,한달사용기,종류: 15 미소덴탈 숯올슬림모(민감성)
2721,"아이 치아는 일반칫솔로는 안쪽으로 닦기어려운데 딱이에요.
잘 쓰고있어요",20.11.02.,4,0,0,종류: 10 어금니-돔형
2722,"몇년째 사용중 인 치솔입니다
항상 깔끔하니 잘딱여요",20.11.25.,5,0,0,종류: 03 성인올슬림모-고급형(민감성)
2723,재구매했어요  교정용 저렴하고 조아요,20.11.24.,5,0,0,종류: 07 교정칫솔-일반형
2724,잇몸이 부어서 제일 부드러운 칫솔을 주문했는데 부드러우면서도 탄력이 있어 잇몸이 안아프고 좋아요. 그리고 생각보다는 더 깔끔하게 닦이네요,20.10.23.,4,0,0,종류: 00 초미세모(매우부드러운)
2725,"어떤 의사샘이 이 칫솔로 잇몸과 이 경계선을 닦는게 정말 좋다고 하셔서 구입했습니다. 시간은 많이 걸리지만, 다음날 아침 잇몸의 불편함이 확연하게 줄어서 만족합니다.",20.11.09.,5,0,0,종류: 11 어금니-슬림형
2726,추천...........,20.12.06.,4,0,0,종류: 03 성인올슬림모-고급형(민감성)
2727,"교정용써보고 재구함
일반치솔도 사용해보려고요",20.11.24.,5,0,0,종류: 16 광폭이중(보편적인)
2728,믿고쓰는칫솔입니다.,20.11.30.,5,0,0,종류: 01 성인이중슬림모(보편적인)
2729,"배송 빠르고염.
재구매이고 잘 받았습니다.",20.11.27.,4,0,0,종류: 07 교정칫솔-일반형
2730,재구매부드럽게 잘 닦여서 좋아요. 담에 또 구매하러 올게요,20.11.20.,5,재구매,0,종류: 03 성인올슬림모-고급형(민감성)
2731,재구매올슬림모 기본형이 가장 좋은거 같습니다. 혀클리너와 칫솔케이스 사은품 받아봤었는데 치실은 처음이네요 ㅋ,20.10.22.,5,재구매,0,종류: 02 성인올슬림모-일반형(민감성)
2732,좋은품질 빠른배송 만족합니다.,20.11.07.,5,0,0,종류: 05 어린이이중슬림모(7세-10세)
2733,한달사용기갈때마다 안사도 되서 너무 편해요 다쓰면 또살구임,20.11.02.,5,0,한달사용기,종류: 09 어금니-일반형
2734,항상 쓰는거라  좋아요.,20.11.29.,5,0,0,종류: 05 어린이이중슬림모(7세-10세)
2735,써보니까 좋아서 다시 시켰어요,20.11.06.,5,0,0,종류: 00 성인일반모(단단한)
2736,재구매좋아요.자주 교체해야해서 구매했어요.,20.11.22.,5,재구매,0,종류: 08 교정칫솔-슬림형
2737,재구매어금니랑 세세하게 잘 닦아야하는 곳에 쓰기 편해요,20.11.22.,5,재구매,0,종류: 10 어금니-돔형
2738,신랑은 일반칫솔사용하고 전 교정칫솔사용하는데    사용하기 좋아요 너무강하지도않고 적당하니 칫솔질하기 편해요 : ),20.10.23.,5,0,0,종류: 07 교정칫솔-일반형
2739,한달사용기늘쓰는제품   좋아요 ~~~,20.11.10.,5,0,한달사용기,종류: 00 성인일반모(단단한)
2740,"교정용써보고 재구매함 
일반모도 써보려고요",20.11.24.,5,0,0,종류: 00 성인일반모(단단한)
2741,"정말 부드럽네요
만져봐도 진짜 부드러워요
많이 파세요!",20.10.22.,5,0,0,종류: 00 초미세모(매우부드러운)
2742,매번 쓰던거라..서비스도 감사합니다~~,20.11.25.,5,0,0,종류: 01 성인이중슬림모(보편적인)
2743,한달사용기잇몸이 약한 편인데 생각보다 모가 힘이 있어서 잇몸에 상처가 나네요ㅜㅜ,20.10.31.,3,0,한달사용기,종류: 14 미소덴탈 금올슬림모(민감성)
2744,배송좋고 물건도 좋아요 사은품도 좋아요,20.10.25.,5,0,0,종류: 00 성인일반모(단단한)
2745,"한달사용기치아 안쪽이 제대로 닦이지 않아 구매했어요
아직은 잘 모르겠네요
치아 홈부분 닦으려는데  솔에 약간 힘이 없는듯..
더 오래 사용해봐야겠어요",20.10.18.,3,0,한달사용기,종류: 11 어금니-슬림형
2746,항상쓰는제품입니다 너무 좋아요,20.11.24.,5,0,0,종류: 03 성인올슬림모-고급형(민감성)
2747,가격이 저렴하고 칫솔모가 부드러워서 아이들도 사용 할 수 있을 것 같아요.,20.10.28.,5,0,0,종류: 01 성인이중슬림모(보편적인)
2748,부드럽고 사이즈도 좋고 만족해요,20.11.03.,5,0,0,종류: 08 교정칫솔-슬림형
2749,"재구매재구매하는 제품 
칫솔 중에 최고",20.11.04.,5,재구매,0,종류: 03 성인올슬림모-고급형(민감성)
2750,재구매매번 빠른 배송에 감사합니다. 교정중에 있는데 진짜 좋네요 아주 초초초~~~강추입니다.,20.11.13.,5,재구매,0,종류: 01 성인이중슬림모(보편적인)
2751,잘 받았습니다 감사합니다,20.11.25.,5,0,0,종류: 07 교정칫솔-일반형
2752,잘 받았습니다 감사합니다,20.11.25.,5,0,0,종류: 08 교정칫솔-슬림형
2753,잘 받았습니다 감사합니다,20.11.25.,5,0,0,종류: 05 어린이이중슬림모(7세-10세)
2754,잘 받았습니다 감사합니다,20.11.25.,5,0,0,종류: 04 어린이올슬림모(24개월-6세)
2755,잘 받았습니다 감사합니다,20.11.25.,5,0,0,종류: 5-2 너구리이중슬림모(7세-10세)
2756,잘 받았습니다 감사합니다,20.11.25.,5,0,0,종류: 11 어금니-슬림형
2757,부드럽고 배송빠르고 만족합니다,20.11.03.,5,0,0,종류: 02 성인올슬림모-일반형(민감성)
2758,치석제거용으로 쓰려고 단단한 모는 일단 하나만 구입했습니다. 효과를 기대해봅니다,20.10.21.,5,0,0,종류: 00 성인일반모(단단한)
2759,써보니까 정말 양치 잘 됩니다. 싼 가격에 최고네요,20.10.31.,5,0,0,종류: 09 어금니-일반형
2760,재구매늘 사용하는 교정칫솔입니당,20.11.03.,5,재구매,0,종류: 08 교정칫솔-슬림형
2761,치아가 잘 닦이고 좋아요,20.11.04.,5,0,0,종류: 07 교정칫솔-일반형
2762,매번 재구매 하고 있어요~^^,20.11.26.,5,0,0,종류: 04 어린이올슬림모(24개월-6세)
2763,1년째 이 제품만 사용하고 있어요 막 쓰기에 좋은 상품이에요,20.11.18.,5,0,0,종류: 07 교정칫솔-일반형
2764,"늘 사용하는 제품
굿굿굿",20.11.26.,5,0,0,종류: 05 어린이이중슬림모(7세-10세)
2765,매번 쓰던거라..감사합니다..,20.11.25.,5,0,0,종류: 05 어린이이중슬림모(7세-10세)
2766,"헤드가 작네요
다른거랑 비교하니 반보다 조금 크네요
부드럽고 좋아요",20.10.22.,5,0,0,종류: 06 유아올슬림모(13개월-36개월)
2767,"칫솔모가 단단한편이라  잘  닦이는 느낌입니다
시중 칫솔보다 더 좋은것같아요
앞으로도 애용할꺼예요",20.11.12.,5,0,0,종류: 03 성인올슬림모-고급형(민감성)
2768,재구매아이가 교정하고 있어서 샀는데 좋다고 하네요.,20.11.20.,5,재구매,0,종류: 08 교정칫솔-슬림형
2769,한달사용기매번쓰던거에요 정말 잘 닦여요,20.10.28.,5,0,한달사용기,종류: 06 유아올슬림모(13개월-36개월)
2770,재구매잇몸이 안좋아져서 부드러운모 선택했어요.칫솔모가 매우 부드러운데도 잘 닦이네요~개운함은 덜할것같아 걱정했는데 좋아요~,20.10.16.,5,재구매,0,종류: 00 초미세모(매우부드러운)
2771,항상쓰던 칫솔이에요~~ 칫솔모가 부드럽고 잘닦여요 잇몸이 약해서 부드러운모를 쓰다보니 이게 편해서 계속쓰네요~ 사은품주신거 감사해요^^,20.10.14.,4,0,0,종류: 02 성인올슬림모-일반형(민감성)
2772,재구매항상 쓰던 거에여 좋아요 한번씩 모가 교정기에 끼어서 불편하지만,20.10.21.,5,재구매,0,종류: 12 해피덴-비타민이중슬림모(보편적인)
2773,지인이 줘서 써봤는데 아이가 좋다고해서 구매했어요.,20.10.28.,4,0,0,종류: 05 어린이이중슬림모(7세-10세)
2774,항상 여기서 구매해요,20.11.23.,5,0,0,종류: 04 어린이올슬림모(24개월-6세)
2775,한달사용기좋아요 가격도 저렴하고 위덴하고 비슷합니다,20.10.24.,5,0,한달사용기,종류: 01 성인이중슬림모(보편적인)
2776,"재구매교정 2년차
이것만 써요",20.11.03.,5,재구매,0,종류: 07 교정칫솔-일반형
2777,왜 하나만 구매했나 후회 중..,20.11.22.,5,0,0,종류: 07 교정칫솔-일반형
2778,가성비좋고  좋아요,20.11.23.,5,0,0,종류: 03 성인올슬림모-고급형(민감성)
2779,열심히 칫솔질해도 치석이 잘 제거되지 않는 칫솔도 맀는데 이 칫솔은 치석도 잘 제거되고 잘 닦여요 다음에 재구매 의사 있습니다 많이 파세용,20.10.29.,5,0,0,종류: 03 성인올슬림모-고급형(민감성)
2780,한달사용기교정중인데 칫솔모가 부드럽고 좋아요 다 쓰면 추가구매 할 예정이에요,20.10.24.,5,0,한달사용기,종류: 08 교정칫솔-슬림형
2781,계속 주문해서 쓰고있어요,20.11.01.,5,0,0,종류: 00 성인일반모(단단한)
2782,일반 칫솔 단단하고 작아서 꼼꼼히 잘닦여서 좋아요. 배송도 빨라요,20.10.21.,5,0,0,종류: 00 성인일반모(단단한)
2783,한달사용기칫솔모가 부드럽고 색상구분하기도 편해요,20.11.18.,5,0,한달사용기,종류: 01 성인이중슬림모(보편적인)
2784,사용하기 좋아요~~~~,20.11.05.,5,0,0,종류: 07 교정칫솔-일반형
2785,사용하기 좋아요~~~~,20.11.05.,5,0,0,종류: 08 교정칫솔-슬림형
2786,전에 쓰던거보다 모가 부드럽네요 가격 대비 나쁘지않은거같습니다,20.10.20.,5,0,0,종류: 10 어금니-돔형
2787,"치과에서ㅈ받은칫솔이 너무맘에 들어서 검색을했는뎨 딱나오네요.
요 칫솔은 교정중인 아이와 저희들도 잘쓰고있어요",20.10.15.,5,0,0,종류: 08 교정칫솔-슬림형
2788,"치과에서ㅈ받은칫솔이 너무맘에 들어서 검색을했는뎨 딱나오네요.
요 칫솔은 교정중인 아이와 저희들도 잘쓰고있어요",20.10.15.,5,0,0,종류: 01 성인이중슬림모(보편적인)
2789,치과용 칫솔을 싸게 잘 사서 좋아요,20.10.29.,5,0,0,종류: 05 어린이이중슬림모(7세-10세)
2790,보통ㅇ에요 보통ㅇㅇ,20.12.01.,2,0,0,0
2791,재구매항상 사용합니다 아주좋아요,20.10.30.,5,재구매,0,종류: 00 성인일반모(단단한)
2792,한달사용기매번 쓰는거에요 재구매 할거에요,20.10.28.,5,0,한달사용기,종류: 03 성인올슬림모-고급형(민감성)
2793,늘 사용하는 제품 만족합니다,20.11.19.,5,0,0,종류: 09 어금니-일반형
2794,치솔은 좋습니다.  불량이 하나 있어서 문의했는데 새걸로 보내주시고 사은품으로 치솔 하나 더 챙겨주셔서 감사합니다.  처음 불량품때문에 별하나 뺐습니다.  배송도 빠르고 문의에도 빨리 답변 주시고 새상품으로 보내주셔서 감사합니다.  치솔도 써보니 잘 닦이고 좋습니다.,20.10.26.,4,0,0,종류: 10 어금니-돔형
2795,한달사용기재구매항상 만족합니다. 한 달에 한 번씩 교체해요.,20.10.24.,5,재구매,한달사용기,종류: 00 성인일반모(단단한)
2796,배송빠르고 생각했던거임,20.10.30.,4,0,0,종류: 07 교정칫솔-일반형
2797,계속 사용하던거라 재주문했어요 사용하기 좋아요,20.10.23.,5,0,0,종류: 01 성인이중슬림모(보편적인)
2798,초등5학년 아이가 사용해보더니 너무 개운하게 칫솔질이 된다고 마음에 든다고 하네요,20.10.21.,4,0,0,종류: 01 성인이중슬림모(보편적인)
2799,재구매개인적으로 성인 일반모가 탄력이 좋고 부드러우며 지속력이 오래 가는것 같습니다.,20.11.11.,5,재구매,0,종류: 00 성인일반모(단단한)
2800,가격도 저렴하고 모도 부드러워요.,20.10.28.,4,0,0,종류: 03 성인올슬림모-고급형(민감성)
2801,좋아요 좋아요 좋아요,20.12.13.,5,0,0,종류: 00 초미세모(매우부드러운)
2802,재구매배송빠르고 좋아요.,20.11.21.,4,재구매,0,종류: 07 교정칫솔-일반형
2803,교정기 띠ㅢ문에 양치하기 힘든데 잘 닦였으면 좋겠어요,20.10.21.,5,0,0,종류: 07 교정칫솔-일반형
2804,다 쓰면 또 주문할게용,20.11.19.,5,0,0,종류: 09 어금니-일반형
2805,"한달사용기며칠 사용 해 보았어요
아직은   드라마틱한 효과까지는  모르겠어요",20.10.18.,3,0,한달사용기,종류: 09 어금니-일반형
2806,배송빠르고 잘 받았습니다 좋아요,20.10.27.,5,0,0,종류: 01 성인이중슬림모(보편적인)
2807,어린이 칫솔 구입했는데 좋아요 짧고 쓰기편해요 다음에도 구입할 생각입니다. 좋은 상품 많이 주세요,20.11.03.,4,0,0,종류: 05 어린이이중슬림모(7세-10세)
2808,"재구매미세모라 구석구석 잘 닦여요^^ 
칫솔너무 약하지않아서 애들 닦여줄때 좋아요~  두번째 구매입니다 3살된 막내도 이걸로 닦아요 이중미세모는 생각보다 너무 부드러워서 이번엔 셋 다 이걸로 닦여봅니다 만족해요!",20.10.25.,5,재구매,0,종류: 05 어린이이중슬림모(7세-10세)
2809,부드러운모 찾다 사게됐네요.,20.10.28.,4,0,0,종류: 01 성인이중슬림모(보편적인)
2810,늘 쓰던거라 또 구매합니다 이만한칫솔이 없네요 굿입니다,20.11.11.,5,0,0,종류: 01 성인이중슬림모(보편적인)
2811,재구매항상 사용해요 좋아요,20.10.31.,4,재구매,0,종류: 01 성인이중슬림모(보편적인)
2812,다 쓰면 또 주문할게용 ㅎㅎ,20.11.19.,5,0,0,종류: 00 성인일반모(단단한)
2813,재구매항상 재주문해서 잘쓰고있습니다.,20.11.16.,5,재구매,0,종류: 05 어린이이중슬림모(7세-10세)
2814,다 쓰면 또 주문 할개용 ㅎㅎ,20.11.19.,5,0,0,종류: 03 성인올슬림모-고급형(민감성)
2815,상품 질이 좋고 잡기가 편해요,20.10.26.,5,0,0,종류: 05 어린이이중슬림모(7세-10세)
2816,"재구매두번째 구입
잘쓰고있어요",20.10.14.,5,재구매,0,종류: 05 어린이이중슬림모(7세-10세)
2817,배송도빠르고 좋습니다,20.11.17.,5,0,0,종류: 08 교정칫솔-슬림형
2818,좋아요~ 다음에 또 재구매할게요!,20.11.13.,5,0,0,0
2819,좋아요~ 다음에 또 재구매할게요!,20.11.13.,5,0,0,0
2820,좋아요~ 다음에 또 재구매할게요!,20.11.13.,5,0,0,0
2821,좋아요~ 다음에 또 재구매할게요!,20.11.13.,5,0,0,0
2822,다른 칫솔보다 부드러우면서 힘도있어서 잘 닦이고 더 깔끔한 느낌입니다,20.11.09.,5,0,0,종류: 02 성인올슬림모-일반형(민감성)
2823,헤드가 작고 칫솔모가 부드럽네요~~,20.10.28.,5,0,0,종류: 01 성인이중슬림모(보편적인)
2824,헤드가 작고 칫솔모가 부드럽네요~~,20.10.28.,5,0,0,종류: 05 어린이이중슬림모(7세-10세)
2825,한달사용기재구매헝성 사용해요 좋아요,20.10.30.,5,재구매,한달사용기,종류: 11 어금니-슬림형
2826,한달사용기재구매항상 사뇬 해요 좋아요,20.10.30.,5,재구매,한달사용기,종류: 03 성인올슬림모-고급형(민감성)
2827,재구매항상 사용해요 좋아요,20.10.30.,5,재구매,0,종류: 11 어금니-슬림형
2828,"재구매잘쓰고 있어요
치솔 좋음",20.10.14.,5,재구매,0,종류: 01 성인이중슬림모(보편적인)
2829,"재구매매번 쓰는 겁니다.
품질이며 닦임성이 매우 뛰어 납니다.",20.10.22.,5,재구매,0,종류: 05 어린이이중슬림모(7세-10세)
2830,"괜찮습니다.
일반 마트에서 쓰는것보다는요",20.10.24.,4,0,0,종류: 01 성인이중슬림모(보편적인)
2831,교정 미세모로 구입했어요~부드러워요~,20.10.21.,4,0,0,종류: 08 교정칫솔-슬림형
2832,"기존에 아이들 이 회사 다른 종류 칫솔을 계속 사용하였었습니다.
이번에 너구리올슬림모는 처음 구매해봅니다.
이 칫솔도 좋을거라 기대합니다.",20.10.07.,4,0,0,종류: 5-1 너구리올슬림모(24개월-6세)
2833,칫솔도 치간칫솔도 치실도 사용잘하고있습니다~!!!,20.11.16.,5,0,0,종류: 07 교정칫솔-일반형
2834,한달사용기재구매젛아여 잘쓰고 잇어요 한상여기거 사용,20.11.07.,5,재구매,한달사용기,종류: 03 성인올슬림모-고급형(민감성)
2835,기대한만큼 좋지는 않은데 쓸만해요,20.10.23.,3,0,0,종류: 11 어금니-슬림형
2836,배송이 엄청 빨라요,20.11.16.,5,0,0,종류: 08 교정칫솔-슬림형
2837,두번째 구입합니다 사용하기 편하고 좋아요,20.11.11.,4,0,0,종류: 08 교정칫솔-슬림형
2838,"배송도 빠르고
제품도좋네",20.11.17.,5,0,0,종류: 07 교정칫솔-일반형
2839,재구매항상 애용하고 있는 칫솔이예요,20.10.24.,5,재구매,0,종류: 05 어린이이중슬림모(7세-10세)
2840,"기존에 쓰던거라, 재주문 했습니다.
사이즈가 적당해서 만족합니다.",20.10.19.,4,0,0,종류: 02 성인올슬림모-일반형(민감성)
2841,재구매항상 잘쓰고있습니다.,20.11.16.,5,재구매,0,종류: 04 어린이올슬림모(24개월-6세)
2842,맘에들어요  맘에들어요,20.11.16.,5,0,0,종류: 04 어린이올슬림모(24개월-6세)
2843,"교정칫솔  항상 여기꺼 씁니다.
배송도 빠르고, 좋아요~^^",20.10.21.,5,0,0,종류: 07 교정칫솔-일반형
2844,항상 쓰는 칫솔이라 양치질하고 나면 아프지도 않고 개운하고 좋아요,20.11.07.,5,0,0,종류: 03 성인올슬림모-고급형(민감성)
2845,좋아요좋아요좋아요ㅎ,20.11.18.,5,0,0,종류: 01 성인이중슬림모(보편적인)
2846,"계속 아이들 칫솔 구매하여 사용하였었는데, 미세모에 부드러우며 이가 잘 닦이더라구요.
아이들 이름 각인 새길수 있는것도 좋구요.",20.10.07.,4,0,0,종류: 05 어린이이중슬림모(7세-10세)
2847,재구매배송도 빠르고 늘 쓰는 제품 좋아요,20.11.12.,5,재구매,0,종류: 08 교정칫솔-슬림형
2848,"가성비 최고 입니당
포장완전히 꼼꼼 신경 써 주시네용~^^",20.10.20.,5,0,0,종류: 10 어금니-돔형
2849,"한달사용기노란색 초미세모
부드러운데 두번쓰니 망가짐",20.11.10.,3,0,한달사용기,종류: 00 초미세모(매우부드러운)
2850,한달사용기부드럽고 시림없고 좋아요!,20.11.14.,4,0,한달사용기,종류: 07 교정칫솔-일반형
2851,다시 이 칫솔로 돌아왔어요. 이것저것 써봤는데 결국 이 칫솔이네요ㅎㅎ,20.10.09.,5,0,0,종류: 01 성인이중슬림모(보편적인)
2852,"재구매한번 사용해 보고 좋아서 추가주문해요 
다른 가족분들꺼도 주문했어요 
유아용은 처음 사보는데 부드럽고 좋네요",20.10.08.,5,재구매,0,종류: 11 어금니-슬림형
2853,칫솔 좋아요 교정해서 교정용 칫솔 필요한데 여기가 저렴하고 성능도 굳,20.10.18.,5,0,0,종류: 11 어금니-슬림형
2854,아직사용전 모가부드러워서 기대되요,20.11.11.,5,0,0,종류: 00 초미세모(매우부드러운)
2855,당뇨환자가 쓰기 좋은 부드러운 칫솔이네요,20.10.13.,4,0,0,종류: 00 초미세모(매우부드러운)
2856,한달사용기재구매아이칫솔 주문하면서 샀어요,20.10.22.,5,재구매,한달사용기,종류: 03 성인올슬림모-고급형(민감성)
2857,한달사용기재구매이치솔만 써요 아주 좋습니다,20.10.22.,5,재구매,한달사용기,종류: 03 성인올슬림모-고급형(민감성)
2858,두번째 구매인데 배송도 빠르고 또 재구매 할꺼에요,20.10.18.,5,0,0,종류: 03 성인올슬림모-고급형(민감성)
2859,재구매항상 여기서 칫솔구매해요!! 넘 좋습니당,20.11.05.,5,재구매,0,종류: 03 성인올슬림모-고급형(민감성)
2860,좋아요~ 항상 구매 하는 제품입니다^^,20.10.17.,5,0,0,종류: 01 성인이중슬림모(보편적인)
2861,재구매하드한것과 보편적인것 두가지 사용해보고 이중슬림모는 많이 부드러울 줄 알았는데 (하드한 것 좋아하는 타입이에요) 이중슬림모도 잘 닦이고 좋아서 추가구매해요,20.10.08.,5,재구매,0,종류: 01 성인이중슬림모(보편적인)
2862,처음 써보는데 써보고 한달 후기 남기려구요,20.10.20.,4,0,0,종류: 01 성인이중슬림모(보편적인)
2863,처음 써보는데 써보고 한달 후기 남기려구요,20.10.20.,4,0,0,종류: 02 성인올슬림모-일반형(민감성)
2864,한달사용기잘받았습니다 감사합니다,20.10.22.,5,0,한달사용기,종류: 00 초미세모(매우부드러운)
2865,부드러워서  쓰기 참  편안하네요!,20.11.11.,5,0,0,종류: 02 성인올슬림모-일반형(민감성)
2866,한달사용기사용하기 편하구 양치가 잘되서 좋아요,20.11.08.,4,0,한달사용기,종류: 11 어금니-슬림형
2867,이가 좋지 않아 써보니 부드러워 너무너무 좋아요~,20.11.08.,5,0,0,종류: 00 초미세모(매우부드러운)
2868,재구매어른용만 써보다가 추가주문하면서 유아용도 사봤어요 사은품까지 챙겨주시고 넘나 감사합니다 다 쓰면 또 재구매할께요,20.10.08.,5,재구매,0,종류: 06 유아올슬림모(13개월-36개월)
2869,재구매부드럽고 좋아요~ 재구매합니당,20.10.15.,5,재구매,0,종류: 08 교정칫솔-슬림형
2870,"빠른배송과
알록달록 색상으루골고루..좋네여 
저렴하게 잘 샀으요",20.10.08.,5,0,0,종류: 05 어린이이중슬림모(7세-10세)
2871,한달사용기아주 만족합니다..재구매 할 예정입니다,20.11.03.,5,0,한달사용기,종류: 01 성인이중슬림모(보편적인)
2872,한달사용기효과좋구 조카들도 좋아하네요,20.11.08.,4,0,한달사용기,종류: 10 어금니-돔형
2873,한달사용기어금니치솔 늘 쓰는제품 좋아요,20.11.08.,4,0,한달사용기,종류: 09 어금니-일반형
2874,계속쓰는칫솔입니다.,20.10.22.,4,0,0,종류: 01 성인이중슬림모(보편적인)
2875,계속쓰는칫솔입니다.,20.10.22.,4,0,0,종류: 08 교정칫솔-슬림형
2876,쓰던거라  재주문했네요,20.10.20.,4,0,0,종류: 07 교정칫솔-일반형
2877,한달사용기아주조아요♡♡♡♡♡♡♡,20.11.17.,5,0,한달사용기,종류: 00 초미세모(매우부드러운)
2878,"기존에 쓰던거라, 재 주문했습니다.",20.10.19.,4,0,0,종류: 00 성인일반모(단단한)
2879,처음 구매했는데 맘에 들어요. 특히 이중광폭 칫솔 넓어서 더 깨끗하게 닦이는것같아요. 재구매의사 있어요.,20.10.24.,4,0,0,종류: 00 성인일반모(단단한)
2880,처음 구매했는데 맘에 들어요. 특히 이중광폭 칫솔 넓어서 더 깨끗하게 닦이는것같아요. 재구매의사 있어요.,20.10.24.,4,0,0,종류: 16 광폭이중(보편적인)
2881,처음 구매했는데 맘에 들어요. 특히 이중광폭 칫솔 넓어서 더 깨끗하게 닦이는것같아요. 재구매의사 있어요.,20.10.24.,4,0,0,종류: 05 어린이이중슬림모(7세-10세)
2882,처음 구매했는데 맘에 들어요. 특히 이중광폭 칫솔 넓어서 더 깨끗하게 닦이는것같아요. 재구매의사 있어요.,20.10.24.,4,0,0,종류: 01 성인이중슬림모(보편적인)
2883,한달사용기좋은 제품 감사합니다~,20.11.10.,5,0,한달사용기,종류: 07 교정칫솔-일반형
2884,한달사용기좋은 제품 감사합니다~,20.11.10.,5,0,한달사용기,종류: 08 교정칫솔-슬림형
2885,"한달사용기좋네요
감사드립니다",20.11.10.,5,0,한달사용기,종류: 02 성인올슬림모-일반형(민감성)
2886,여행때 가져왔는데 너무 좋네요,20.10.18.,5,0,0,종류: 10 어금니-돔형
2887,"한달사용기이번에 첫째는 네임붙이고 막내는 너구리 몇마리 사줬네요~~
공룡 그림도 좋아했는데 너구리 캐릭터도 아주 좋아하네요~~~
벌써 다 써가요~~또 구매하러온김에 흔기남겨요~",20.09.29.,5,0,한달사용기,종류: 5-1 너구리올슬림모(24개월-6세)
2888,배송도 빠르고 좋아요. 교정용 치솔로는 최고 같아요.,20.10.11.,5,0,0,종류: 08 교정칫솔-슬림형
2889,"재구매교정칫솔 자주 교체해야해서 재주문 했어요..
솔도 잘 안 빠지고 만족합니다.",20.10.07.,5,재구매,0,종류: 01 성인이중슬림모(보편적인)
2890,친구가 추천해서 써보고는 다른건 못쓰겠어요 깔끔하게 잘 닦여요,20.10.28.,5,0,0,종류: 03 성인올슬림모-고급형(민감성)
2891,어금니칫솔이라서 잘 쓸게요,20.10.18.,5,0,0,종류: 09 어금니-일반형
2892,한달사용기이렇게 저렇게 사용해 봤는데 기대했던 것 만큼 상쾌하거나 치석같은게 제거되지는 않음 치석제거세트도 같이 샀는데 기구 끝이 두꺼워서 사용하려는대로 사용이 안되어서 그냥 가지고만 있음,20.10.01.,3,0,한달사용기,종류: 10 어금니-돔형
2893,배송 빠르고 저렴히 잘 샀어요,20.11.07.,5,0,0,종류: 05 어린이이중슬림모(7세-10세)
2894,어금니칫솔입니다. 잘쓸게요,20.10.18.,5,0,0,종류: 10 어금니-돔형
2895,양이 넉넉했는데 어느새 다 쓰고 두번째 주문했습니다^^,20.10.13.,5,0,0,종류: 05 어린이이중슬림모(7세-10세)
2896,전에 썼던 교정용 칫솔은 좀 솔이 쎄다가 생각 들었는데 이건 부드러워서 좋은거 같아요,20.10.29.,5,0,0,종류: 07 교정칫솔-일반형
2897,좋은가격에 사서 좋아요 사은품으로 혀클리너도 주셨네요 ㅎ,20.10.08.,4,0,0,종류: 09 어금니-일반형
2898,어금니 돔형 쓰다보면 계속 쓰게 돼요 개운해요,20.11.04.,5,0,0,종류: 10 어금니-돔형
2899,재구매교정중이라 구석구석 닦기 좋아요. 칼배송 감사해용,20.10.28.,5,재구매,0,종류: 10 어금니-돔형
2900,일반형의 강도 있는 칫솔,20.10.18.,5,0,0,종류: 07 교정칫솔-일반형
2901,부드럽고 조아요~~~,20.10.22.,5,0,0,종류: 01 성인이중슬림모(보편적인)
2902,재구매항상 쓰던거에요^^,20.10.21.,5,재구매,0,종류: 01 성인이중슬림모(보편적인)
2903,우리가 아는 어금니 칫솔,20.10.18.,5,0,0,종류: 11 어금니-슬림형
2904,한달사용기잘닦이고 조아요 근데 한개는 불량인지 자꾸 모가 빠져서 버림 ㅠ,20.10.06.,5,0,한달사용기,종류: 07 교정칫솔-일반형
2905,칫솔모가 촘촘하면서 사용시 굉장히 부드럽게 닦여서 좋아요,20.11.01.,4,0,0,종류: 14 미소덴탈 금올슬림모(민감성)
2906,이것도 강도가 있어요,20.10.18.,5,0,0,종류: 08 교정칫솔-슬림형
2907,한달사용기재구매일반형은 슬림형에 비해 모가 튼튼해서 양치를 힘줘서 세게 하시는 분들은 잇몸에 상처 입을 수도 있어요! 제가 그랬거든요 ㅋㅋ 부드러운모를 찾으신다면 슬림형을 구매하세요,20.10.17.,5,재구매,한달사용기,종류: 07 교정칫솔-일반형
2908,재구매단단한 모랑 번갈아가며 사용해요. 빠른 배송 감사해용,20.10.28.,5,재구매,0,종류: 01 성인이중슬림모(보편적인)
2909,어금니가 잘 안닦여서 사봤어요,20.10.15.,5,0,0,종류: 00 성인일반모(단단한)
2910,"치과에서 받아서 사용하고 좋아서 직접 구매해사용하려 합니다.
가격도 좋고 잘 닦이고 좋아요",20.10.07.,4,0,0,종류: 15 미소덴탈 숯올슬림모(민감성)
2911,"한달사용기교정 치과 치솔이랑 같은 제품인데 더 저렴해요
또 구매할께요",20.10.27.,4,0,한달사용기,종류: 08 교정칫솔-슬림형
2912,재구매어른용 구매해보고 좋아서 추가구매하면서어린이용도 사봤어요 부드럽고 좋아서 닳으면 또 구매할께요,20.10.08.,5,재구매,0,종류: 05 어린이이중슬림모(7세-10세)
2913,한달사용기더  사용해 볼게요,20.10.18.,3,0,한달사용기,종류: 10 어금니-돔형
2914,재구매재구매합니다 빠른배송 감사요,20.10.15.,5,재구매,0,종류: 17 광폭올(민감성)
2915,재구매항상 쓰는 제품입니다. 만족합니다.,20.10.31.,5,재구매,0,종류: 01 성인이중슬림모(보편적인)
2916,치과 칫솔이라고 해서 샀어요,20.10.15.,5,0,0,종류: 01 성인이중슬림모(보편적인)
2917,"한달사용기아들 둘 네임스티커 붙이기 귀찮아서 사용하다가 저도 사용해보고 신랑도 사용해보려고 구매했는데 좋네요~~
아빠엄마는 네임못쓰나요?ㅋㅋ욕심나네요~~ㅎㅎ",20.09.29.,5,0,한달사용기,종류: 00 성인일반모(단단한)
2918,재구매저는 둘다 써보고 슬림형이 더 나은것 같아 이걸로 다시 구매했어요~,20.10.08.,5,재구매,0,종류: 08 교정칫솔-슬림형
2919,한달사용기손잡이도 얇지않고 좋아요,20.11.05.,4,0,한달사용기,종류: 05 어린이이중슬림모(7세-10세)
2920,"한달사용기아이들꺼만 사용해보다가 얼마나 좋은지 이번기회에 저도 발담았네요~
치과전용 칫솔이라니 마음도 놓이고 좋네요~~",20.09.29.,5,0,한달사용기,종류: 01 성인이중슬림모(보편적인)
2921,재구매재구매합니다 배송빨라요,20.10.15.,5,재구매,0,종류: 13 해피덴-비타민올슬림모(민감성)
2922,재구매항상 사용하고 있는 제품입니다.,20.11.04.,5,재구매,0,종류: 01 성인이중슬림모(보편적인)
2923,조아여 만족만족  ㅎ,20.11.28.,4,0,0,종류: 08 교정칫솔-슬림형
2924,재구매잘 받 앗 어 요 !,20.11.09.,4,재구매,0,종류: 14 미소덴탈 금올슬림모(민감성)
2925,재구매잘 받 앗 어 여 !,20.11.09.,4,재구매,0,종류: 15 미소덴탈 숯올슬림모(민감성)
2926,재구매잘 받 앗 어 요 !,20.11.09.,4,재구매,0,종류: 00 초미세모(매우부드러운)
2927,재구매세번째 구매중 ㅎㅎ,20.11.09.,4,재구매,0,종류: 16 광폭이중(보편적인)
2928,한달사용기교정하고 있는데 부드럽고 좋아요. 더 구석구석하려면 이것보다 얇은게 좋을것같아여,20.10.21.,4,0,한달사용기,종류: 09 어금니-일반형
2929,너무 좋습니다 ~ 재구매의사있어용,20.10.14.,5,0,0,종류: 10 어금니-돔형
2930,항상 쓰는 칫솔로 재구매했어요~~~강추합니다,20.10.07.,5,0,0,종류: 01 성인이중슬림모(보편적인)
2931,"너구리 이중 슬림모는 첫 구매인데, 다른 제품 쓰고 좋았어서 너구리 이중 슬림모는 어떨까 싶어 구매해봅니다.",20.10.07.,4,0,0,종류: 5-2 너구리이중슬림모(7세-10세)
2932,재구매빡빡 닦아야 개운한 사람이라서 완전 좋습니다. 빠른배송 감사합니다,20.10.28.,5,재구매,0,종류: 00 성인일반모(단단한)
2933,아직 써보지는 못했는데ᆢ  잘 사용하겠습니다,20.10.27.,5,0,0,종류: 01 성인이중슬림모(보편적인)
2934,"아이들 계속 사용하던 회사제품입니다.
칫솔이 부드러우면서 세척력이 좋습니다",20.10.07.,4,0,0,종류: 04 어린이올슬림모(24개월-6세)
2935,"칫솔 이중모 부드럽고좋네요^^
지금도 치과칫솔 쓰고있는데 제가쓰는것보다 면적이 좀 좁아서 순간 어린이용으로 착각했는데 그건아닌거같고 ㅎㅎ 그냥 다른거같습니다 ㅎㅎ 
열심히 양치질 더하면되겠어요 ㅎㅎ
배송 칼입니다",20.09.18.,4,0,0,종류: 01 성인이중슬림모(보편적인)
2936,"가성비 좋을듯합니다
아직 써보진 않았지만 좋으면 재구매",20.10.09.,5,0,0,종류: 08 교정칫솔-슬림형
2937,좋아요 가격도 여기가 제일 저렴해요 다른곳보다! 배송비때문에 좀 그렇지만 두고두고 쓸거 쟁여놓는다 생각하고 여러개 사면 일반칫솔 가격과 비슷한데 이건 저한테 너무 딱맞는 칫솔이라 계속 구매하게 될 것 같슴다,20.10.08.,5,0,0,종류: 01 성인이중슬림모(보편적인)
2938,양치질이 부드럽게 잘 되네요. 감사합니다~~,20.10.27.,5,0,0,종류: 05 어린이이중슬림모(7세-10세)
2939,한달사용기기대했던 것만큼 내 마음먹은 것처럼 이가 닦이는것 같지는 않음... 특히 같이 구매한 치석제거세트가 생각보다 두꺼워서 이에 직접 쓰기가 어려움,20.10.01.,2,0,한달사용기,종류: 09 어금니-일반형
2940,재구매잘 받 앗 어 오요 ㅇ,20.11.09.,4,재구매,0,종류: 12 해피덴-비타민이중슬림모(보편적인)
2941,잘 닦이고 사이즈도 딱 좋고 항상 만족하며 쓰고 있습니다~~,20.10.29.,5,0,0,종류: 01 성인이중슬림모(보편적인)
2942,치과에서 받아 사용했었는데 만족스러워 직접 구입해 봅니다,20.10.07.,4,0,0,종류: 01 성인이중슬림모(보편적인)
2943,사랑니 발치하고 나서 맨끝쪽 어금니를 잘 관리하라고 하셔서 구매했는데 얇아서 끝쪽에도 무리없이 들어가고 돔형이라 어금니 전체를 구서구석 닦을 수 있어서 좋습니다!,20.10.18.,5,0,0,종류: 10 어금니-돔형
2944,배송이 좀 느렸어요 그래도 맘조게요,20.11.02.,5,0,0,종류: 02 성인올슬림모-일반형(민감성)
2945,"다른 비싼 브랜드 칫솔보다 이게 훨씬 낫습니다 ^^ 치과에서 일하는 지인에게 추천받아서 쓰게 되었는데요, 안닦이던 곳 구석구석 깨끗하게 잘 닦여요",20.09.23.,5,0,0,종류: 01 성인이중슬림모(보편적인)
2946,"다음엔 슬림형 사야겠어요! 그래도 어금니 뒤쪽, 사이사이 한번씩 닦아주기 좋음",20.10.20.,3,0,0,종류: 09 어금니-일반형
2947,부드럽게 잘 닦여서 만감한 잇몸에 쓰기 딱 좋아요~~,20.10.29.,5,0,0,종류: 03 성인올슬림모-고급형(민감성)
2948,교정기를 껴서 칫솔로는 시원하게 또 깨끗하게 안닦이는 부분이 있는데 교정칫솔로 한번 닦아주고 어금니랑 잘 안닦이는 부분을 어금니 칫솔로 한번 더 닦아주면 아주 상쾌한 양치질을 할 수 있는것 같아요!! 정말 이런 칫솔 만들어주신건 너무 좋은거같아요ㅜㅜ,20.10.08.,5,0,0,종류: 09 어금니-일반형
2949,재구매잘받앗어요 ~~~~~,20.11.09.,4,재구매,0,종류: 01 성인이중슬림모(보편적인)
2950,일부러 치과에서 파는 칫솔이랑 같은걸로 찾아서 주문했어요. 칫솔이 너무 크지 않아서 안쪽까지 잘 들어가고 칫솔모도 부드러워서 좋아요.,20.09.24.,5,0,0,종류: 03 성인올슬림모-고급형(민감성)
2951,항상 칫솔 떨어질때마다 구매하네요~ㅋ,20.10.31.,5,0,0,종류: 15 미소덴탈 숯올슬림모(민감성)
2952,재구매좋아서 재주문 했어요,20.10.13.,5,재구매,0,종류: 02 성인올슬림모-일반형(민감성)
2953,"엄청 부드럽네요
아이들이 쓰기에 좋을것같아요
다만 성인어른이 쓰기에는 좀 너무약하다 싶을수잇다는거
참고하세요^^많이파세요",20.10.15.,5,0,0,종류: 00 초미세모(매우부드러운)
2954,일반형인데도 솔이 부드럽고좋습니당,20.10.30.,5,0,0,종류: 07 교정칫솔-일반형
2955,칫솔모가 촘촘해서 좋네요,20.11.01.,5,0,0,종류: 03 성인올슬림모-고급형(민감성)
2956,"재구매교정중이라 이제품은 꼭 필요하네요
돔형태로 되서 편리해요",20.10.21.,5,재구매,0,종류: 09 어금니-일반형
2957,교정중인 딸아이 칫솔 바꿔주었는데 사용해보니 괜첞다고 하네요,20.10.24.,5,0,0,종류: 07 교정칫솔-일반형
2958,부드럽게 양치질이 잘 됩니다. 좋은 상품 감사합니다~~,20.10.27.,5,0,0,종류: 00 초미세모(매우부드러운)
2959,연휴꼈는데도 배송이빠르네요,20.10.09.,5,0,0,종류: 10 어금니-돔형
2960,치아에부담없이아주조아요,20.10.30.,5,0,0,종류: 00 초미세모(매우부드러운)
2961,"재구매여러번 재구매하고 있어요. 원래는 잇몸이 약해서 성인이중슬림모만 썼었는데, 지난달부터 교정을 시작하면서 교정용 칫솔 두 가지를 5개/5개씩 사서 써봤어요. 일반형은 양치할 때마다 칫솔모가 교정장치에 걸려서 좀 불편한데 슬림형은 칫솔모 걸려서 빠지는거 없이 편하게 잘 썼어요. 그래서 이번에 슬림형이랑 어금니칫솔 등등 30개 정도 다시 재주문 했습니다. 교정칫솔이 잘 벌어지는 편이라 자주자주 교체하게되고, 또 집/회사/본가 등등 여기저기 손 닿는데마다 칫솔을 두게 되서 칫솔이 많이 필요하더라고요. 교정칫솔때문에 고민하시는 분들 있을까봐 자세히 써봤어요ㅎㅎ 또 주문하겠습니다~",20.07.29.,5,재구매,0,종류: 10 어금니-돔형
2962,"잇몸이 약한 저에게 정말 딱이에요
많이 파세요~~~~",20.10.07.,5,0,0,종류: 03 성인올슬림모-고급형(민감성)
2963,어금니까지 구석구석 닦을수 있어서 좋네요,20.10.27.,5,0,0,종류: 00 성인일반모(단단한)
2964,한달사용기아직도 잘 쓰고 있어요 짱 좋음,20.10.29.,5,0,한달사용기,종류: 07 교정칫솔-일반형
2965,교정칫솔이 필요해서 구매를 했는데 칫솔모가 교정기 철사에 껴서 몇 일 안 썼는데 금방 빠져버리네요..;;;,20.10.20.,2,0,0,종류: 08 교정칫솔-슬림형
2966,재구매배송빠르고 제품좋아요,20.10.10.,5,재구매,0,종류: 10 어금니-돔형
2967,"한달사용기재구매저는 양치질을 좀 세게하는편이라 늘 모가 금방 휘어지곤했는데요.칫솔모가 세서 휘어짐이 잘 없고 뭔가 깨끗하게 닦인 느낌이랄까요.
가격도 저렴해서 한 달에 한 번씩 교체해서 사용중입니다.
처음에는 2개 주문했는데 써보고 괜찮아서 20개정도 주문한 것 같아요. 아직 잘 쓰고 있습니다. 어금니칫솔도 한번 사용해보고싶네요. 
다 사용후 또 구입하러올게요.",20.09.26.,4,재구매,한달사용기,종류: 00 성인일반모(단단한)
2968,"한달사용기착한 가격에 일단.주문했구요. .
아이들 교정에 어금니가 깊게 파인 구조로 아주.요긴하게 잘.사용하고있네요.",20.09.24.,5,0,한달사용기,종류: 10 어금니-돔형
2969,처음 사용해보는건데 틈새를 한번 잘 닦아보겠어요,20.10.24.,5,0,0,종류: 10 어금니-돔형
2970,부드럽게 양치질이 잘 됩니다. 수고하세요~~,20.10.27.,5,0,0,종류: 01 성인이중슬림모(보편적인)
2971,항상 만족하며 잘 쓰고 있어요~~,20.10.29.,5,0,0,종류: 05 어린이이중슬림모(7세-10세)
2972,잘써볼게요~ 쓰고한달사용후기남길게요 ㅎㅎ 배송은 빨라서 좋아요!,20.09.29.,5,0,0,종류: 03 성인올슬림모-고급형(민감성)
2973,잘써볼게요~ 쓰고한달사용후기남길게요 ㅎㅎ 배송은 빨라서 좋아요!,20.09.29.,5,0,0,종류: 15 미소덴탈 숯올슬림모(민감성)
2974,잘써볼게요~ 쓰고한달사용후기남길게요 ㅎㅎ 배송은 빨라서 좋아요!,20.09.29.,5,0,0,종류: 14 미소덴탈 금올슬림모(민감성)
2975,"배송도 빠르고 좋아요. 양치도 시원하게 잘 되고 좋아요!!!
어금니용이랑 칫솔도 식구별로 구매했어요^^",20.09.26.,5,0,0,종류: 05 어린이이중슬림모(7세-10세)
2976,"배송도 빠르고 좋아요. 양치도 시원하게 잘 되고 좋아요!!!
어금니용이랑 칫솔도 식구별로 구매했어요^^",20.09.26.,5,0,0,종류: 04 어린이올슬림모(24개월-6세)
2977,"배송도 빠르고 좋아요. 양치도 시원하게 잘 되고 좋아요!!!
어금니용이랑 칫솔도 식구별로 구매했어요^^",20.09.26.,5,0,0,종류: 15 미소덴탈 숯올슬림모(민감성)
2978,"배송도 빠르고 좋아요. 양치도 시원하게 잘 되고 좋아요!!!
어금니용이랑 칫솔도 식구별로 구매했어요^^",20.09.26.,5,0,0,종류: 14 미소덴탈 금올슬림모(민감성)
2979,재구매하는 칫솔이에요,20.10.29.,5,0,0,종류: 00 성인일반모(단단한)
2980,솔도부드럽고 짱이에요!,20.10.30.,5,0,0,종류: 08 교정칫솔-슬림형
2981,재구매다좋고 매우 잘쓰겠습니자 배송빨라요,20.10.26.,5,재구매,0,종류: 11 어금니-슬림형
2982,양치할때 잘닦여서 좋앗어여,20.10.07.,5,0,0,종류: 07 교정칫솔-일반형
2983,그냥 일반 치아가지고잇는 사람인데요 어쩌다 한번 구매해보고 애터미 칫솔보다 더 안아프고 이가 편하게 잘 닦이더라구요 계속 여기서 구매할듯,20.10.08.,5,0,0,종류: 03 성인올슬림모-고급형(민감성)
2984,자주바꾸는  칫솔   다량구매했습니다    잇몸이 약간  긁히네요,20.10.23.,4,0,0,종류: 00 성인일반모(단단한)
2985,"미세모가 꼼꼼하게 양치를 도와줘서 좋네요
적당히 부드러우면서도 튼튼해서 양치가잘되요~
많이파세요",20.10.15.,5,0,0,종류: 01 성인이중슬림모(보편적인)
2986,"좋습니다
아이도 좋아하네여",20.10.08.,5,0,0,종류: 04 어린이올슬림모(24개월-6세)
2987,항상 쓰는 건데 제일 좋음,20.10.29.,5,0,0,종류: 01 성인이중슬림모(보편적인)
2988,좋아요 계속쓸게요마니파세요,20.10.24.,4,0,0,종류: 00 성인일반모(단단한)
2989,늘 쓰던거라 넘좋고 미세하게 잘 닦이고 잇몸이 상처를 안 받아서 넘 좋은 칫솔이네요,20.10.19.,5,0,0,종류: 01 성인이중슬림모(보편적인)
2990,재구매배송 빠르고 좋아요~,20.10.30.,5,재구매,0,종류: 02 성인올슬림모-일반형(민감성)
2991,교정을 해서 교정칫솔은 필수인데 이 칫솔은 칫솔모가 아주 부드럽고 자극도 별로 없었던거 같아요! 많이많이 사둬서 쟁여두고 있답니당 교정인들이게는 정말 이 칫솔 필수에요ㅜㅜㅎ,20.10.08.,5,0,0,종류: 08 교정칫솔-슬림형
2992,칫솔모가 좀 작아요,20.10.08.,4,0,0,종류: 05 어린이이중슬림모(7세-10세)
2993,애들 선물하기도 좋아요,20.10.27.,5,0,0,종류: 5-1 너구리올슬림모(24개월-6세)
2994,아직 사용전입니다.잘 쓸게요,20.10.06.,5,0,0,종류: 08 교정칫솔-슬림형
2995,아직 사용전입니다.잘쓸게요,20.10.06.,5,0,0,종류: 10 어금니-돔형
2996,사이즈도 좋고 딱 쓰기 좋을꺼같아요,20.10.24.,5,0,0,종류: 16 광폭이중(보편적인)
2997,배송짱빨라여잘쓸게여,20.10.08.,5,0,0,종류: 08 교정칫솔-슬림형
2998,한달사용기진짜 칫솔모가 너무 두껍고 뻣뻣해서 잇몸 다 쓸려서 피나고 난리났어요 돈아까워요,20.10.12.,1,0,한달사용기,종류: 07 교정칫솔-일반형
2999,항상쓰던거임다쓰고 재구매할게요,20.10.24.,5,0,0,종류: 01 성인이중슬림모(보편적인)
3000,재구매유아용새로생겼길래사봤어요아이가물고해서오래못썼지만괜찮아요,20.09.29.,5,재구매,0,종류: 06 유아올슬림모(13개월-36개월)
3001,"한달사용기재구매한번 써보고 너무 만족하게 되네요.,다 사용하면 다시 구매 할것같아요.",20.09.29.,4,재구매,한달사용기,종류: 01 성인이중슬림모(보편적인)
3002,좋아요^^ 좋아서 재구매했어요 ㅎㅎ,20.10.24.,5,0,0,종류: 14 미소덴탈 금올슬림모(민감성)
3003,잘 쓰고 있어요. 돔형이 좀더 차별적인 느낌이긴 하네요.,20.09.26.,4,0,0,0
3004,깔끔하게 포장되어 왔어요~ 칫솔을 꺼내보니 생각보다 뻣뻣한 것 같아요~,20.09.17.,5,0,0,종류: 02 성인올슬림모-일반형(민감성)
3005,택배자체는 빨리 보내주셨는데 물류에서 조금 늦었어요. 제품잘 받았고 덤으로 주신 혀클리너도 좋습니다. 교정중인데 칫솔없어서 머리아팠는데 한 달에 하나씩 교정 끝날때까지 쓸 거같아요ㅎㅎ 잘 쓰겠습니다,20.09.10.,5,0,0,종류: 07 교정칫솔-일반형
3006,싸고좋아요 계속쓰게될것같음,20.10.24.,5,0,0,종류: 13 해피덴-비타민올슬림모(민감성)
3007,항상쓰던거라 좋음 싸기까지함,20.10.24.,4,0,0,종류: 12 해피덴-비타민이중슬림모(보편적인)
3008,재구매매번 구입해요 ㅎ쟁여두는걸 좋아해서 살때 많이 사서 자주 교체해주거든요 ㅎ 좋아요 ㅎ,20.10.13.,5,재구매,0,종류: 00 성인일반모(단단한)
3009,재구매2년동안 꾸준히 잘 사용하고 있어요,20.10.24.,5,재구매,0,종류: 11 어금니-슬림형
3010,재구매계속 재주문해서 쓰고 있어요 일년째~,20.10.18.,5,재구매,0,종류: 01 성인이중슬림모(보편적인)
3011,한달사용기아주 튼튼하고 좋습니다 잘사용중이에요,20.10.01.,5,0,한달사용기,종류: 08 교정칫솔-슬림형
3012,잘쓸게염 칫솔 ㅋㄷ,20.10.08.,5,0,0,종류: 07 교정칫솔-일반형
3013,"두번째 구매입니다 ^^ 배송도 빠르고 좋아요
특히 어금니 칫솔은 온 가족이 좋아하는 아이템입니다 ! 어금니 뒷먼 살살 닦아줄 때 참 잘 샀다고 느낌이다 ! 그리고 교정용 칫솔도 젛아요. 초반에는 이가 아파서 부드러운 모를 선택했는데 이번에는 좀 더 단단한 모 선택했어요 ! 여기서  치간칫솔 저렴하게 팔면 더 왕창 살 수 있을거 같아요 ㅋㅋㅋ",20.09.02.,5,0,0,종류: 09 어금니-일반형
3014,치과 사은품인 칫솔이 좋아서 검색해봤는데 나오질 않길래 같은 제조사를 찾아 구입했습니다. 만족합니다.,20.09.17.,5,0,0,종류: 01 성인이중슬림모(보편적인)
3015,찾던 치과칫솔을 저렴하게 잘 샀어요,20.10.22.,5,0,0,종류: 07 교정칫솔-일반형
3016,치과에서 사은품으로 받은 칫솔이 좋길래 같은 회사 걸로 검색해서 구입했습니다. 양가부모님것과 제것도 구입했습니다.,20.09.17.,5,0,0,종류: 00 성인일반모(단단한)
3017,"교정유지장치하고있는데 병원에서 사서쓰다가 인터넷으로 주문했습니다.
괜찮네요",20.10.10.,5,0,0,종류: 08 교정칫솔-슬림형
3018,아직 사용전이지만 칫솔모 마음에 듭니다,20.10.21.,5,0,0,종류: 03 성인올슬림모-고급형(민감성)
3019,항상 쓰는 제품입니다.,20.10.25.,5,0,0,종류: 01 성인이중슬림모(보편적인)
3020,한달사용기재구매좋아요 좋아요~^^,20.11.17.,4,재구매,한달사용기,종류: 06 유아올슬림모(13개월-36개월)
3021,한달사용기재구매좋아요 좋아요~^^,20.11.17.,4,재구매,한달사용기,종류: 10 어금니-돔형
3022,한달사용기재구매좋아요 좋아요~^^,20.11.17.,4,재구매,한달사용기,종류: 01 성인이중슬림모(보편적인)
3023,한달사용기재구매좋아요 좋아요~^^,20.11.17.,4,재구매,한달사용기,종류: 09 어금니-일반형
3024,한달사용기재구매좋아요 좋아요^^^,20.11.17.,4,재구매,한달사용기,종류: 03 성인올슬림모-고급형(민감성)
3025,"한달사용기강한모 좋아요
이빨에 자꾸 껴서 짜증났는데 살살 양치해도 개운",20.10.12.,5,0,한달사용기,종류: 10 어금니-돔형
3026,잘닦여요 교정했을땐 교정용으로!,20.10.18.,5,0,0,종류: 08 교정칫솔-슬림형
3027,쓰기 좋은거 같아요,20.10.24.,5,0,0,종류: 14 미소덴탈 금올슬림모(민감성)
3028,"재구매항상 쓰던거예요
넘좋음ㅠ
다른칫솔은 쓰지도 못하겠어요
책임져욧ㅠㅠ
미리미리 주문해야겠어용",20.10.08.,5,재구매,0,종류: 00 성인일반모(단단한)
3029,"딸아이 치아교정 때문에 구매 아직 사용전이라
만족스러웠으면 좋겠어요~",20.10.15.,5,0,0,종류: 10 어금니-돔형
3030,재구매사랑니때문에계속구매중인데좋아요,20.09.29.,5,재구매,0,종류: 11 어금니-슬림형
3031,추천받아서 주문했어요~~~ 칫솔모가 힘있고 좋아요~,20.10.16.,5,0,0,0
3032,"신속배송 고맙습니다.
구석구석 잘 닦여서 세번째주문 입니다.
쭉~ 좋은제품 품질 유지해 주세요~!",20.09.23.,5,0,0,종류: 01 성인이중슬림모(보편적인)
3033,치과에서 받은 칫솔이 너무 좋길래 검색해서 같은 걸로 구입했습니다. 사은품도 잘 쓰겠습니다.,20.09.17.,5,0,0,종류: 02 성인올슬림모-일반형(민감성)
3034,한달사용기가성비 짱입니다 아주 좋아요~^^,20.10.23.,5,0,한달사용기,종류: 09 어금니-일반형
3035,"포장도 깔끔하게 되어 있고, 배송도 빠르고 안전하게 잘 받았습니다.",20.09.27.,3,0,0,종류: 11 어금니-슬림형
3036,재구매잇몸에 무리가지 않아서 좋네요,20.10.21.,5,재구매,0,종류: 08 교정칫솔-슬림형
3037,우선 단단해서 너무 좋네요 전에 썼던 거는 그렇게까지 단단하지 않아서 치아가 잘 안 닦이는 듯한 느낌이였거든요,20.10.11.,4,0,0,종류: 07 교정칫솔-일반형
3038,한달사용기교정하고 있는데 부드럽고 좋아요.,20.10.21.,5,0,한달사용기,종류: 12 해피덴-비타민이중슬림모(보편적인)
3039,한달사용기교정하고 있는데 부드럽고 좋아요.,20.10.21.,5,0,한달사용기,종류: 08 교정칫솔-슬림형
3040,한달사용기교정하고 있는데 부드럽고 좋아요.,20.10.21.,5,0,한달사용기,종류: 07 교정칫솔-일반형
3041,아깽이 이빨닦기 힘들었는데 훨 수월해요,20.09.22.,5,0,0,종류: 05 어린이이중슬림모(7세-10세)
3042,"저번에도 구매했던 곳이라 믿고 구매합니다.
가격대비 칫솔모가 좋아요~",20.10.11.,5,0,0,종류: 08 교정칫솔-슬림형
3043,가격도 저렴하고 모양도 고가 제품이랑 똑같고 포장도 잘되어서 왔네용 잘 쓸게요~,20.09.26.,4,0,0,종류: 08 교정칫솔-슬림형
3044,"항상 사용하는 칫솔입니다
세번째 구매에용",20.10.19.,5,0,0,종류: 02 성인올슬림모-일반형(민감성)
3045,"항상 사용하는 칫솔입니다
세번째 구매에용",20.10.19.,5,0,0,종류: 01 성인이중슬림모(보편적인)
3046,잘닦이고 시원해요. 근데 손잡이 부분이 뚱뚱해서 깊숙한 곳 닦을때는 걸리적거려요ㅠ,20.09.19.,4,0,0,종류: 12 해피덴-비타민이중슬림모(보편적인)
3047,가격은 저렴한데 칫솔은 좋아요~ 2년전부터 구매해서 계속 사용중인데 부담없이 막쓸수 있어서 좋아요,20.10.08.,5,0,0,종류: 01 성인이중슬림모(보편적인)
3048,한달사용기튼튼하고 칫솔모가 좋네요,20.10.01.,5,0,한달사용기,종류: 07 교정칫솔-일반형
3049,재구매빠른배송 만족합니다,20.10.23.,5,재구매,0,종류: 06 유아올슬림모(13개월-36개월)
3050,아직 사용전이지만 저렴한 가격에 구입해서 좋네요. 사용해보고 한달후기 다시 남길게요.,20.09.18.,5,0,0,종류: 09 어금니-일반형
3051,아직 사용전이지만 저렴한 가격에 구입해서 좋네요. 사용해보고 한달후기 다시 남길게요.,20.09.18.,5,0,0,종류: 08 교정칫솔-슬림형
3052,아직 사용전이지만 저렴한 가격에 구입해서 좋네요. 사용해보고 한달후기 다시 남길게요.,20.09.18.,5,0,0,종류: 10 어금니-돔형
3053,아직 사용전이지만 저렴한 가격에 구입해서 좋네요. 사용해보고 한달후기 다시 남길게요.,20.09.18.,5,0,0,종류: 07 교정칫솔-일반형
3054,교정중인데 솔질이 잘되네여  또구매할게염,20.09.27.,5,0,0,종류: 08 교정칫솔-슬림형
3055,워터픽없을때 여행가서 간편하고 좋아요,20.10.18.,5,0,0,종류: 09 어금니-일반형
3056,"맘에쏙들어요
늘쓰던거라서 좋네요",20.10.15.,5,0,0,종류: 01 성인이중슬림모(보편적인)
3057,"빠른배송으로잘받았구요
미세모라좋은거같아요
아이들껏두같이주문했는데 써보고조으면 또주문할께요~~~^^",20.10.06.,5,0,0,종류: 01 성인이중슬림모(보편적인)
3058,색깔 별로 주셔서 좋아요 모는 만져보니 부드럽고 좋은데 써보고 좋으면 재구매 할게요,20.09.22.,4,0,0,종류: 10 어금니-돔형
3059,재구매두번째구매 만족합니다,20.10.21.,5,재구매,0,종류: 02 성인올슬림모-일반형(민감성)
3060,마트에서 사서 쓰는 것보다 가격은 비슷하지만 성능은 더 좋은 느낌입니다,20.09.23.,5,0,0,종류: 02 성인올슬림모-일반형(민감성)
3061,처음 사용해 보는 칫솔이라서 좀 더 사용해봐야 겠습니다.,20.09.27.,4,0,0,종류: 10 어금니-돔형
3062,칫솔모가 마음에 듭니다,20.10.21.,5,0,0,종류: 04 어린이올슬림모(24개월-6세)
3063,종합접 소견으로는 만족스러운 편에 속했어요.,20.09.26.,4,0,0,0
3064,칫솔모가 탄탄한 것 같아요~ 좋아요~,20.10.16.,5,0,0,0
3065,일단 배송이 빠르고 종류가 다양하니까 좋네요 ㅎㅎ,20.10.17.,5,0,0,종류: 10 어금니-돔형
3066,부드럽고 가성비좋아요,20.09.30.,5,0,0,종류: 01 성인이중슬림모(보편적인)
3067,한달사용기재구매일반모 보다 슬림형이 부드럽고 좋아요,20.10.17.,5,재구매,한달사용기,종류: 08 교정칫솔-슬림형
3068,좋아용 다음에 또 사야지,20.09.29.,5,0,0,종류: 08 교정칫솔-슬림형
3069,"어금니 일반형, 돔형, 거울 등 골고루 구매했습니다.",20.09.27.,3,0,0,종류: 09 어금니-일반형
3070,한달사용기일반 칫솔로 잘 닦이지 않는 곳을 개운하게 닦을수있어서 좋아요,20.09.22.,5,0,한달사용기,종류: 09 어금니-일반형
3071,한달사용기일반 칫솔로 잘 닦이지 않는 곳을 개운하게 닦을수있어서 좋아요,20.09.22.,5,0,한달사용기,종류: 10 어금니-돔형
3072,굿굿 교정치아에 조음 어금니짱,20.09.29.,5,0,0,종류: 10 어금니-돔형
3073,"몇년째 몇번 구매하는건가모르겠네요
암튼 잔뜩쟁여놨다가 씁니다 ㅎ많이파세요",20.09.15.,5,0,0,종류: 02 성인올슬림모-일반형(민감성)
3074,너무 마음에 듭니다,20.10.21.,5,0,0,종류: 01 성인이중슬림모(보편적인)
3075,짱조아여 또 살거에요,20.09.29.,5,0,0,종류: 09 어금니-일반형
3076,재구매이닦을 때 아프지않고 잘닦여요,20.09.27.,5,재구매,0,종류: 01 성인이중슬림모(보편적인)
3077,늘사용하던거 떨어져서 쟁여놨어요 칼배송이고 만족해요,20.09.18.,5,0,0,종류: 08 교정칫솔-슬림형
3078,재구매어금니부분이 잘닦여서 좋아요,20.09.27.,5,재구매,0,종류: 09 어금니-일반형
3079,재구매좋아요좋아요좋아요좋아,20.11.12.,3,재구매,0,종류: 11 어금니-슬림형
3080,재구매좋아요좋아요좋아요좋아,20.11.12.,3,재구매,0,종류: 03 성인올슬림모-고급형(민감성)
3081,한달사용기좋은 제품...빠른배송 ...제품 잘 받앗습니다….오늘도 ... 수고하세요^^,20.10.12.,5,0,한달사용기,0
3082,한달사용기좋은 제품...빠른배송 ...제품 잘 받앗습니다….오늘도 ... 수고하세요^^,20.10.12.,5,0,한달사용기,0
3083,"한달사용기재구매한국 칫솔 치고는 칫솔 머리가 비교적 작은 편이긴 한데 여전히 구석구석 닦기에는 큽니다. 칫솔모도 매우 부드럽다고는 하지만 닦다보면 살짝 아픕니다. 

더 머리가 작고 더 부드러운 칫솔이 있었으면 좋겠는데 한국에서는 구하기가 쉽지가 않네요. 어린이 올 슬림모가 제 이에는 더 잘 맞는 것 같습니다.",20.08.31.,3,재구매,한달사용기,종류: 00 초미세모(매우부드러운)
3084,안닦이던데까지 잘 닦여요,20.10.18.,4,0,0,종류: 07 교정칫솔-일반형
3085,한달사용기잘쓰고  있어요~~,20.10.23.,5,0,한달사용기,종류: 00 성인일반모(단단한)
3086,한달사용기잘쓰고  있어요~~,20.10.23.,5,0,한달사용기,종류: 01 성인이중슬림모(보편적인)
3087,한달사용기잘 쓰고 있어요~~,20.10.23.,5,0,한달사용기,종류: 10 어금니-돔형
3088,좋하요~^^ 자주 바꾸어 쓰는 편이라 부담없어서 좋고 가성비 좋은제품 입니다.,20.10.06.,4,0,0,종류: 01 성인이중슬림모(보편적인)
3089,교정용칫솔을저렴하게살수있어서좋아요,20.10.14.,5,0,0,종류: 08 교정칫솔-슬림형
3090,깔끔하고 빠른 배송 감사드립니다! 저렴하고 치과칫솔과 비슷하게 좋아요 !,20.09.15.,5,0,0,종류: 08 교정칫솔-슬림형
3091,견고하게 마감이 좋아 쓰기 편해요.,20.09.26.,5,0,0,0
3092,"재구매매번쓰던상품 
부드러운데 힘도있어좋아요",20.10.15.,5,재구매,0,종류: 01 성인이중슬림모(보편적인)
3093,어금니칫솔 좋아서 재구매해요,20.10.16.,5,0,0,종류: 00 성인일반모(단단한)
3094,재구매어린이집 보내려고 샀어요,20.09.27.,5,재구매,0,종류: 04 어린이올슬림모(24개월-6세)
3095,재구매항상 쟁여놓고 쓰던거에요 ㅎㅎ 이번에도 주문햇어요 잘 사용할게용,20.09.15.,5,재구매,0,종류: 03 성인올슬림모-고급형(민감성)
3096,"재구매서비스도 주시고 감사해요❤
매번 재구입중입니다",20.09.18.,5,재구매,0,종류: 07 교정칫솔-일반형
3097,한달사용기교정할때 쓰기 편하고 좋습니다.,20.10.17.,5,0,한달사용기,종류: 07 교정칫솔-일반형
3098,잘 사용하고 있어요 부드러워요,20.09.28.,5,0,0,종류: 10 어금니-돔형
3099,재구매가격도 저렴하고 품질도 괜찮아요,20.09.27.,5,재구매,0,종류: 05 어린이이중슬림모(7세-10세)
3100,잘쓰겠습니다 단단하면서 부드러워요,20.09.24.,5,0,0,종류: 08 교정칫솔-슬림형
3101,빠른배송과 저렴한 가격에 만족합니다.,20.10.14.,5,0,0,종류: 09 어금니-일반형
3102,빠른배송과 저렴한 가격에 만족합니다.,20.10.14.,5,0,0,종류: 01 성인이중슬림모(보편적인)
3103,빠른배송과 저렴한 가격에 만족합니다.,20.10.14.,5,0,0,종류: 08 교정칫솔-슬림형
3104,가족구성원별로 맞춤칫솔 ㅎㅎ가성비 최고에요,20.09.18.,5,0,0,종류: 03 성인올슬림모-고급형(민감성)
3105,"정확한 후기 사진이 없어서 제가 올립니당
보라색이 일반 슬림형이구요 초록색이 교정 슬림형이에요 !",20.08.24.,5,0,0,종류: 08 교정칫솔-슬림형
3106,온가족이 여기칫솔만 써요 가성비 최고,20.09.18.,5,0,0,종류: 17 광폭올(민감성)
3107,최고이구요.  사용감도 좋아요,20.10.13.,4,0,0,종류: 02 성인올슬림모-일반형(민감성)
3108,재구매벌써 여러번 구매예요,20.09.27.,5,재구매,0,종류: 5-1 너구리올슬림모(24개월-6세)
3109,한달사용기딸아이교정중이라 구입해서 잘쓰고잇어요,20.09.22.,5,0,한달사용기,종류: 07 교정칫솔-일반형
3110,아직 안써봐서 잘 모르겠지만 비타민 이중슬림모는 나쁘지않았어요,20.09.19.,4,0,0,종류: 01 성인이중슬림모(보편적인)
3111,한달사용기잇몸과 치아사이 플라그제거에 굿입니다~~,20.10.14.,5,0,한달사용기,종류: 09 어금니-일반형
3112,모가 부드럽고 조아여,20.09.27.,5,0,0,종류: 10 어금니-돔형
3113,한달사용기잘 닦이고 부드러워서 잇몸도 상하지 않아요,20.10.13.,5,0,한달사용기,종류: 01 성인이중슬림모(보편적인)
3114,좋아요 좋아요 좋아요좋아요,20.10.20.,5,0,0,종류: 11 어금니-슬림형
3115,좋아요 좋아요 좋아요 좋아요,20.10.20.,5,0,0,종류: 01 성인이중슬림모(보편적인)
3116,편하게 잘 사용하고 있어여 ㅎㅎ !!,20.09.28.,5,0,0,종류: 11 어금니-슬림형
3117,재구매계속 재구매해서 쓰고있어요 이중모 잘닦이고 좋아요,20.10.07.,4,재구매,0,종류: 01 성인이중슬림모(보편적인)
3118,좋아요좋아요 좋아요 좋아요~^^,20.10.20.,5,0,0,종류: 03 성인올슬림모-고급형(민감성)
3119,좋아요 좋아요 좋아요 좋아요~^^,20.10.20.,5,0,0,종류: 09 어금니-일반형
3120,좋아서 재구매합니다,20.10.17.,4,0,0,종류: 01 성인이중슬림모(보편적인)
3121,좋아서 재구매합니다,20.10.17.,4,0,0,종류: 05 어린이이중슬림모(7세-10세)
3122,"재구매 여러번 한 상품입니다.
이중슬림모 가족들 치아에 잘 맞아 매번 구매해서
잘 사용하고 있어요",20.09.10.,4,0,0,종류: 16 광폭이중(보편적인)
3123,"세번째 재구매 만족합니다.
배송도 빠르고, 가격대비 상품 만족하며 잘 사용하고 있어요.
어금니 깊숙히있어 꼼꼼히 해야하는 아들 어금니 칫솔과 교정하고있는.딸아이 아주잘 사용하고있구요. .
함께 챙겨보내주신 혀클리너 감사요~",20.08.19.,5,0,0,종류: 07 교정칫솔-일반형
3124,"세번째 재구매 만족합니다.
배송도 빠르고, 가격대비 상품 만족하며 잘 사용하고 있어요.
어금니 깊숙히있어 꼼꼼히 해야하는 아들 어금니 칫솔과 교정하고있는.딸아이 아주잘 사용하고있구요. .
함께 챙겨보내주신 혀클리너 감사요~",20.08.19.,5,0,0,종류: 11 어금니-슬림형
3125,치과에서 판매하는거랑 같아요,20.10.14.,5,0,0,종류: 01 성인이중슬림모(보편적인)
3126,"아직 사용전이라서 잘몰라요.
사용후 좋으면 재구매할께요~",20.10.08.,3,0,0,종류: 07 교정칫솔-일반형
3127,한달사용기아직도 짱짱함 마음에 든다,20.10.15.,5,0,한달사용기,종류: 10 어금니-돔형
3128,세세하게 닦을 수 있어서 좋아요,20.10.14.,5,0,0,종류: 09 어금니-일반형
3129,싼가격에 이것저것 사서 맞는 칫솔찾아쓸수있어서 좋아요,20.09.19.,4,0,0,종류: 03 성인올슬림모-고급형(민감성)
3130,재구매좋아요 굿굿 맘에들어요,20.10.14.,5,재구매,0,종류: 06 유아올슬림모(13개월-36개월)
3131,한달사용기재구매아이들 입이 작은데 국산 칫솔은 유아용 아니면 머리가 작은 걸 구하기가 쉽지가 않습니다. 그런데 이 제품은 머리가 작아서 구석구석 잘 닦입니다. 치솔도 뻣뻣하지 않아서 자극도 강하지 않고 오랫만에 괜찮은 칫솔 발견해서 기쁩니다.,20.08.31.,5,재구매,한달사용기,종류: 04 어린이올슬림모(24개월-6세)
3132,"좋아여~~
재구매 했어요",20.09.22.,5,0,0,종류: 07 교정칫솔-일반형
3133,늘 여기칫솔만  써요 가성비 최고,20.09.18.,5,0,0,종류: 16 광폭이중(보편적인)
3134,배송도 빠르고 칫솔모도 부드럽습니다,20.10.15.,4,0,0,종류: 05 어린이이중슬림모(7세-10세)
3135,사용하기 편하고 가성비 최고입니다,20.10.13.,4,0,0,종류: 10 어금니-돔형
3136,재구매써보니 괜찮아 재구매  했어요~^^ 울애는 씹어먹는 수준이라~^^;;;자주 교체하기에 부담도 업어 상품  만족합니다. 잇몸에도 무리가지않고 적당한 부드러움에 잘 닦이네요,20.09.24.,5,재구매,0,종류: 01 성인이중슬림모(보편적인)
3137,배송도 빠르고 포장도 잘 되어왔어용  잘쓸겡ㅅㅇ,20.09.28.,5,0,0,종류: 07 교정칫솔-일반형
3138,저렴한 가격에 만족합니다,20.10.14.,5,0,0,종류: 01 성인이중슬림모(보편적인)
3139,재구매세번째 재구매했어요. 잘닦이고 좋아요,20.09.18.,4,재구매,0,종류: 00 성인일반모(단단한)
3140,한달사용기한달에 몇개를 바꿨는지 모르겠네요.거이 한주 1개꼴로  바꿨네요.몇일쓰면 한두군데 모가 통째로 빠집니다.,20.09.28.,2,0,한달사용기,종류: 04 어린이올슬림모(24개월-6세)
3141,배송빠르고 가성비 최고의 제품입니다,20.09.21.,5,0,0,종류: 01 성인이중슬림모(보편적인)
3142,유지장차하고있는데싸게잘구입한거같아요,20.10.10.,5,0,0,종류: 07 교정칫솔-일반형
3143,"배송 빠르고 칫솔모가 부드러워서 좋아요~
타 제품 미세모에 손잡이가 둥근거 사용하다 이제품 쓰니 미끄러지지 않고 모가 더 부드러워서 쓰기 좋네요~",20.09.26.,5,0,0,종류: 03 성인올슬림모-고급형(민감성)
3144,배송이 빠르고 누락없이 잘왔어요.,20.09.22.,5,0,0,종류: 06 유아올슬림모(13개월-36개월)
3145,"재구매했어요
저렴해요",20.09.22.,5,0,0,종류: 08 교정칫솔-슬림형
3146,재구매항상 구매하던거라 잘 쓰고 있습니다~,20.10.12.,4,재구매,0,종류: 08 교정칫솔-슬림형
3147,재구매해요~ 항상 여기서 구매해요.,20.10.11.,4,0,0,종류: 01 성인이중슬림모(보편적인)
3148,한달사용기잘 쓰고 있습니다 만족해요,20.10.13.,4,0,한달사용기,0
3149,한달사용기잘 쓰고 있습니다 만족해요,20.10.13.,4,0,한달사용기,0
3150,한달사용기잘 쓰고 있습니다 만족해요,20.10.13.,5,0,한달사용기,0
3151,재구매매번쓰던상품!! 최고입니당ㅋ,20.10.15.,5,재구매,0,종류: 04 어린이올슬림모(24개월-6세)
3152,치아 사이즈에 딱 맞아서 양치하기 편해요,20.10.10.,5,0,0,종류: 16 광폭이중(보편적인)
3153,치아 사이즈에 딱 맞아서 양치하기 편해요,20.10.10.,5,0,0,종류: 07 교정칫솔-일반형
3154,치아 사이즈에 딱 맞아서 양치하기 편해요,20.10.10.,5,0,0,종류: 00 성인일반모(단단한)
3155,치아 사이즈에 딱 맞아서 양치하기 편해요,20.10.10.,5,0,0,종류: 05 어린이이중슬림모(7세-10세)
3156,치아 사이즈에 딱 맞아서 양치하기 편해요,20.10.10.,5,0,0,종류: 01 성인이중슬림모(보편적인)
3157,어금니칫솔은 처음 써봐요 다들 좋다고 하셔서 일단 구입 했습니다^^ 잘 쓸게요~,20.09.10.,5,0,0,종류: 10 어금니-돔형
3158,배송빠르고너무조아요~~,20.09.24.,5,0,0,종류: 00 성인일반모(단단한)
3159,재구매빠른배송 만족합니다,20.09.23.,5,재구매,0,종류: 00 성인일반모(단단한)
3160,재구매빠른배송 만족합니다,20.09.23.,5,재구매,0,종류: 06 유아올슬림모(13개월-36개월)
3161,재구매빠른배송 만족합니다,20.09.23.,5,재구매,0,종류: 01 성인이중슬림모(보편적인)
3162,한달사용기이중슬림모여서 좋아요 잘쓸게요,20.09.22.,5,0,한달사용기,종류: 01 성인이중슬림모(보편적인)
3163,아이들꺼와같이주문했는데  써보고조으면 재주문할께용~~,20.10.07.,5,0,0,종류: 5-2 너구리이중슬림모(7세-10세)
3164,"어금니칫솔 사용해보니 안쪽까지 꼼꼼히 닦을수있어서 좋네요~
어금니뿐 아니라 앞니 사이 닦는데도 써봤더니 최고!ㅋㅋ",20.09.26.,5,0,0,종류: 11 어금니-슬림형
3165,저희 4인 식구 모두 요것만 씁니다ㅎㅎ가격도 저렴해서 자주자주 교체해서 쓰고 있네요,20.09.08.,5,0,0,종류: 05 어린이이중슬림모(7세-10세)
3166,잘받았습니다 ~칫솔좋아요,20.09.22.,5,0,0,종류: 00 초미세모(매우부드러운)
3167,저희 4인 식구 모두 요것만 씁니다ㅎㅎ가격도 저렴해서 자주자주 교체해서 쓰고 있네요~,20.09.08.,5,0,0,종류: 04 어린이올슬림모(24개월-6세)
3168,모의 강함도 좋고 헤드 크기도 맘에 드네요,20.10.10.,5,0,0,종류: 01 성인이중슬림모(보편적인)
3169,처음 어금니칫솔 써봤는데 너무 좋네요! 배송도 빨랐어요!,20.10.03.,5,0,0,종류: 10 어금니-돔형
3170,가성비 최고의 재품입니다,20.09.21.,5,0,0,종류: 00 성인일반모(단단한)
3171,"잘받았습니다.
칫솔좋아요",20.09.22.,5,0,0,종류: 09 어금니-일반형
3172,고양이 이빨 닦기 좋아요.,20.09.22.,5,0,0,종류: 03 성인올슬림모-고급형(민감성)
3173,"고양이 양치용으로 항상 써요
너무 뾰족한건 불편해서 돔형 쓰는데 내구성은 다른 모양에 비해 쫌 떨어지지만 양치는 더 잘되는듯",20.09.22.,5,0,0,종류: 10 어금니-돔형
3174,칫솔의 특이한 형태로 사용에 요령이 필요,20.09.18.,4,0,0,종류: 09 어금니-일반형
3175,칫솔모의 특이한 형태로 요령이 필요할듯,20.09.18.,4,0,0,종류: 10 어금니-돔형
3176,배송 엄청 빨리 받았어요 일반형은 뾰족하고 돔형은 둥글하네요 둘다 잘쓸것 같아요,20.09.09.,5,0,0,종류: 09 어금니-일반형
3177,편하고   가성비 최고,20.10.13.,4,0,0,종류: 03 성인올슬림모-고급형(민감성)
3178,배송 빠르게 잘 받았습니다 재구매인데 이번에는 돔형도 같이 사봤어요 좀더 둥글둥글해서 부드러울거 같네요 잘쓸게요,20.09.09.,5,0,0,종류: 10 어금니-돔형
3179,한달사용기짱이다   너무  좋아요~~~~~~~~~♡♡교정치솔최고입니다,20.09.20.,5,0,한달사용기,종류: 07 교정칫솔-일반형
3180,재구매항상구매해요.애들쓰기도 좋아요,20.09.15.,5,재구매,0,종류: 03 성인올슬림모-고급형(민감성)
3181,칫솔모가 좋아서 잘쓸게요,20.09.20.,5,0,0,종류: 10 어금니-돔형
3182,칫솔모가 좋고 품질이 좋음,20.09.20.,5,0,0,종류: 01 성인이중슬림모(보편적인)
3183,칫솔 좋아요. 며칠 썼는데 장치에 걸리고 그런것도 못느꼇고 전에 병원에서 줘서 쓰던거랑 비슷한거같아요,20.09.05.,5,0,0,종류: 11 어금니-슬림형
3184,재구매교정하고있는데 신세계,20.10.11.,5,재구매,0,종류: 09 어금니-일반형
3185,부드럽게 칫솔모 잘쓸게요,20.09.20.,5,0,0,종류: 00 초미세모(매우부드러운)
3186,어금니에 이물질이 너무 많이 껴서 샀는데 너무 좋아요 근데 처음엔 칫솔이 뾰족하고 거칠어서 잘못쓰다가 잇몸 싹나가니까 조심히 써야함,20.09.02.,5,0,0,종류: 09 어금니-일반형
3187,재구매~~~~~~~~~~,20.11.09.,4,재구매,0,종류: 03 성인올슬림모-고급형(민감성)
3188,한달사용기구석구석 잘닦임 추천함,20.10.11.,4,0,한달사용기,종류: 11 어금니-슬림형
3189,"재구매요
좋아요^^",20.09.22.,5,0,0,종류: 02 성인올슬림모-일반형(민감성)
3190,한달사용기좋아요 잘 쓰고있어요,20.10.08.,5,0,한달사용기,종류: 10 어금니-돔형
3191,한달사용기잘 사용하고 잇어요~~,20.09.22.,5,0,한달사용기,종류: 01 성인이중슬림모(보편적인)
3192,깨끗하고 상쾌하게 잘닦여요,20.09.19.,4,0,0,종류: 00 성인일반모(단단한)
3193,한달사용기교정칫솔넘 좋은거 같앙‥ㄷ,20.10.11.,4,0,한달사용기,종류: 11 어금니-슬림형
3194,아주조아요♡♡♡♡♡♡,20.10.17.,5,0,0,종류: 00 초미세모(매우부드러운)
3195,한달사용기잇몸이 약한데 미세모덕분에 자극이 덜해요,20.10.07.,5,0,한달사용기,종류: 15 미소덴탈 숯올슬림모(민감성)
3196,칫솔모가 얇아서 구석구석 닦기 좋아요,20.10.07.,4,0,0,종류: 16 광폭이중(보편적인)
3197,칫솔모가 작아서 구석구석 닦기 좋아요,20.10.07.,4,0,0,종류: 00 초미세모(매우부드러운)
3198,원래 이천사꺼 몇년동안 쓰다가 교정 끝물이라 그냥 저렴한걸로 여러개샀는데 생각보다 솔이 너무 날카롭게 컷팅되어있고 억세요ㅠㅠ 미세모로 살걸 그랬나봐요... 잇몸에서 피날것같아여,20.08.25.,3,0,0,종류: 07 교정칫솔-일반형
3199,재구매매번 구입하는 제품이예요...,20.10.11.,4,재구매,0,종류: 01 성인이중슬림모(보편적인)
3200,아직 사용하진 않았습니다.감사합니다.,20.10.08.,4,0,0,종류: 01 성인이중슬림모(보편적인)
3201,솔의 강도가 적당해서 구석 구석 닦기 좋아요,20.09.17.,5,0,0,종류: 10 어금니-돔형
3202,"재구매저번에 2개구입후 사용해봤는데 처음사용할때는 너무 잇몸에 자극이 있나 싶었는데 사용하다보니 그렇지않더라고요.
좋아서 이번에는 21개구입했어요~~
색상도 다양하게보내주시고 혀클리너랑 치실도 보내주셨네요 감사해요.
칫솔 다 사용하면 또 구입할게요~^^",20.08.24.,4,재구매,0,종류: 00 성인일반모(단단한)
3203,이만한 칫솔 어디 없습니다 아주 좋아요,20.09.16.,5,0,0,종류: 03 성인올슬림모-고급형(민감성)
3204,늘 쓰는 제품 입니다. 부드러워요.,20.09.19.,5,0,0,종류: 00 초미세모(매우부드러운)
3205,항상  재구매하고있습니다.  구석구석 잘 닦여서 좋아요,20.09.09.,5,0,0,종류: 02 성인올슬림모-일반형(민감성)
3206,만족스럽게 잘 쓰고있습니다,20.09.18.,5,0,0,종류: 07 교정칫솔-일반형
3207,만족스럽게 잘 쓰고있습니다,20.09.18.,5,0,0,종류: 08 교정칫솔-슬림형
3208,한달사용기좋습니다 교정 칫솔 최고네요,20.10.08.,5,0,한달사용기,종류: 08 교정칫솔-슬림형
3209,재구매이것만써요 우리가족찐템,20.10.03.,5,재구매,0,종류: 10 어금니-돔형
3210,칫솔 재구매했어요 좋아요,20.10.11.,5,0,0,종류: 03 성인올슬림모-고급형(민감성)
3211,"와 찾던 칫솔이에요 ㅋㅋ 
4살아이가 쓰고 있구요 기존엔 비싼칫솔 쓰고있었는데
인제 쫌 저렴이로 바꿔도 될듯해서 알아보다가 여기에 도착
정착할랍니다 ㅜㅜ",20.09.19.,5,0,0,종류: 04 어린이올슬림모(24개월-6세)
3212,재구매아이 칫솔도 가성비 좋고 좋아요,20.10.07.,4,재구매,0,종류: 05 어린이이중슬림모(7세-10세)
3213,한달사용기잘쓰고 잇습니다 ~~~,20.09.22.,5,0,한달사용기,종류: 08 교정칫솔-슬림형
3214,한달사용기아짃용전이네여.............,20.10.15.,3,0,한달사용기,종류: 03 성인올슬림모-고급형(민감성)
3215,재구매폭이 넓어서 양치가 빨라졌어요,20.10.07.,4,재구매,0,종류: 16 광폭이중(보편적인)
3216,재구매교정ㅇㅇ칫솔은 항상 여기서 구매해요,20.10.06.,5,재구매,0,종류: 08 교정칫솔-슬림형
3217,"잘받았어요
미세모라좋아요~^^",20.10.06.,5,0,0,종류: 04 어린이올슬림모(24개월-6세)
3218,재구매배송도 빠르고 좋아요...,20.10.11.,4,재구매,0,종류: 00 성인일반모(단단한)
3219,"재구매교정하고있는 남편칫솔구매 
일반치과에서 산거는 못쓰겠다그해서 이거하나사보고 괜찮댜그해서 20개구매",20.09.06.,5,재구매,0,종류: 08 교정칫솔-슬림형
3220,교정중이라 늘 칫솔은 떨어지지 않게 구비해둬야하는데 일년넘게 꾸준히 이 곳에서만 구매합니다~ 사은품까지 감사합니다~,20.09.20.,5,0,0,종류: 08 교정칫솔-슬림형
3221,항상 쓰던건데 싸게 잘샀어요.,20.09.17.,5,0,0,종류: 05 어린이이중슬림모(7세-10세)
3222,한달사용기whg아요좋아요좋아요,20.11.01.,5,0,한달사용기,종류: 01 성인이중슬림모(보편적인)
3223,"전에 써본적 있는데  아이들이 쓰기 좋을것 같아 재구매
치실과 혀 크리닉  감사합니다",20.09.08.,4,0,0,종류: 02 성인올슬림모-일반형(민감성)
3224,재구매치아 사이사이에 잘 딱입니다,20.10.07.,4,재구매,0,종류: 11 어금니-슬림형
3225,좋아요~~ 잘 왔어요~!,20.10.10.,5,0,0,종류: 08 교정칫솔-슬림형
3226,괜찮아요~  두번째 구매예요~~,20.09.14.,5,0,0,종류: 01 성인이중슬림모(보편적인)
3227,"잘받았습니당.
혀클리너도 챙겨주셔서 감사해요~",20.09.14.,5,0,0,종류: 02 성인올슬림모-일반형(민감성)
3228,교정 내내 이 칫솔 사용중입니다 좋아요,20.10.05.,5,0,0,종류: 07 교정칫솔-일반형
3229,한달사용기조아요 조아요 조아요,20.09.22.,5,0,한달사용기,종류: 03 성인올슬림모-고급형(민감성)
3230,재구매매번 쓰는 칫솔이에요 좋아요 치과보다 저렴하게 구매했어욤~,20.09.27.,5,재구매,0,종류: 07 교정칫솔-일반형
3231,교정 시작한 동생이 너무 잘쓰고있어요,20.09.14.,5,0,0,종류: 09 어금니-일반형
3232,막쓰기좋은것같아요ㅎㅎ,20.09.19.,4,0,0,종류: 13 해피덴-비타민올슬림모(민감성)
3233,교정칫솔 괜찮네요 배송도 빠름 혀클리너도 가격대비 괜찮음,20.09.27.,3,0,0,0
3234,"아이들 쓰기 괜찮을것 같아요 
솔도 적당하고 잘 쓸게요",20.09.08.,4,0,0,종류: 03 성인올슬림모-고급형(민감성)
3235,괜찮아요 ~~~~~~,20.10.16.,4,0,0,종류: 5-1 너구리올슬림모(24개월-6세)
3236,"저렴하게 구입했습니다
감사해요",20.09.15.,4,0,0,종류: 09 어금니-일반형
3237,"저렴하게 구입했습니다
감사해요",20.09.15.,5,0,0,종류: 07 교정칫솔-일반형
3238,"저렴하게 구입했습니다
감사해요",20.09.15.,4,0,0,종류: 08 교정칫솔-슬림형
3239,"저렴하게 구입했습니다
감사해요",20.09.15.,4,0,0,종류: 00 초미세모(매우부드러운)
3240,"저렴하게 구입했습니다
감사해요",20.09.15.,4,0,0,종류: 03 성인올슬림모-고급형(민감성)
3241,재구매아들교정용으로 구매햇어요.칫과에세 구매한것과 별 차이 없어서 저렴하게 사서 잘 사용중입니다.,20.09.01.,4,재구매,0,종류: 07 교정칫솔-일반형
3242,괜찮아요 ~~~~~~~,20.10.16.,4,0,0,종류: 01 성인이중슬림모(보편적인)
3243,아직 사용전이라 한달 써보고 후기 다시 쓸게요. 처음엔 고양이 칫솔 검색하다가 어금니칫솔 찾게 되었고 여기서 주문해야지 하다보니 펫용이 따로 나오길래 다양하게 주문해봤어요. 이것저것 써보고 맞는걸로 정착 예정입니다. 돔형이 펫용이랑 디자인은 같네요. 칫솔모가 다르다하는데...암튼 잘 쓸게요,20.07.20.,3,0,0,종류: 10 어금니-돔형
3244,너무 안좋아요;;;,20.10.11.,1,0,0,종류: 07 교정칫솔-일반형
3245,배송도빠르고 잘사용할게요,20.09.15.,4,0,0,종류: 03 성인올슬림모-고급형(민감성)
3246,잘받았습니다 좋아보여요,20.10.06.,5,0,0,종류: 12 해피덴-비타민이중슬림모(보편적인)
3247,잘받았습니다 좋아보여요,20.10.06.,5,0,0,종류: 01 성인이중슬림모(보편적인)
3248,저렴하게 구매해서 쓸려구요.,20.10.06.,4,0,0,종류: 07 교정칫솔-일반형
3249,배송도 빠르고 잘사용할게요~,20.09.15.,4,0,0,종류: 01 성인이중슬림모(보편적인)
3250,잘 사용해볼께요. 아이들이 좋아해요.,20.09.10.,4,0,0,종류: 05 어린이이중슬림모(7세-10세)
3251,그립감도 좋고 칫솔모도 부드럽고 캐릭터도 예뻐요,20.09.13.,5,0,0,종류: 04 어린이올슬림모(24개월-6세)
3252,매우 조아요~~~~,20.10.12.,4,0,0,종류: 00 초미세모(매우부드러운)
3253,치아가 건강한 청소년 아이들이 사용합니다. 좋다고 하네요,20.09.25.,5,0,0,종류: 00 성인일반모(단단한)
3254,좋아요 칫솔 잘닦여요,20.09.13.,5,0,0,종류: 03 성인올슬림모-고급형(민감성)
3255,가성비최고 배송도 최고,20.09.18.,5,0,0,종류: 01 성인이중슬림모(보편적인)
3256,진직 구입할껄 이거 너무 좋아요!이 사이사이에도 잘 닦기도 칫솔모가 안 닿는 부분까지 말끔히 닦입니다. 또 구매할께요^^,20.08.29.,5,0,0,종류: 10 어금니-돔형
3257,"재구매원래 항상 여기서 일반 칫솔 구매했었는데, 지난달부터 교정 시작해서 교정용 칫솔 사서 쓰고 있습니다. 교정(슬림형)/교정(일반형) 두 개 사서 써봤는데, 일반모는 한 번만 써도 교정장치에 모가 걸려서 다 튕겨나오고 빠져요. 장치에 걸려서 빼기 힘들때도 있고요ㅠㅠ 근데 슬림형은 한 번도 그런적이 없어서, 슬림형으로만 왕창 구매했습니다. 잇몸에 부담도 없고, 칫솔모가 교정장치에 걸리지도 않아요ㅎㅎ 다 쓰면 또 구매하겠습니다~",20.07.24.,5,재구매,0,종류: 01 성인이중슬림모(보편적인)
3258,재구매재구매에요. 털도 안빠지고 내구성 좋아요,20.09.27.,5,재구매,0,종류: 08 교정칫솔-슬림형
3259,작고 부드러워서 좋아요,20.09.08.,5,0,0,종류: 06 유아올슬림모(13개월-36개월)
3260,잘쓸게여~ 무료배송이아니라아쉬워여,20.09.29.,4,0,0,종류: 08 교정칫솔-슬림형
3261,좋습니다 좋아요  .,20.10.08.,5,0,0,종류: 11 어금니-슬림형
3262,늘 쓰던겁니다. 잘 쓸게요,20.09.08.,5,0,0,종류: 11 어금니-슬림형
3263,사용하던 칫솔 구매가 어려워 이제품을 구입해 봤는데 전에 쓰던 제품처럼  부드럽고 아주 좋습니다.,20.09.25.,5,0,0,종류: 03 성인올슬림모-고급형(민감성)
3264,칫솔모가 촘촘해서 단단한 느낌이지만 부드러워서 아프지 않게 잘 닦이고 바디 컬러도 이뻐요~,20.09.25.,5,0,0,종류: 02 성인올슬림모-일반형(민감성)
3265,칫솔모가 촘촘해서 단단한 느낌이지만 부드러워서 아프지 않게 잘 닦이고 바디 컬러도 이뻐요~,20.09.25.,5,0,0,종류: 08 교정칫솔-슬림형
3266,칫솔모가 촘촘해서 단단한 느낌이지만 부드러워서 아프지 않게 잘 닦이고 바디 컬러도 이뻐요~,20.09.25.,5,0,0,종류: 05 어린이이중슬림모(7세-10세)
3267,한달사용기부드럽고 좋네요.잇몸이 약한데 잘쓰고 있어요.,20.09.28.,4,0,한달사용기,종류: 00 초미세모(매우부드러운)
3268,배송 빠르고 좋아요,20.10.06.,5,0,0,종류: 08 교정칫솔-슬림형
3269,어머니 드릴려고 샀어요.잘 전해드리겠습니다.,20.09.06.,5,0,0,종류: 00 초미세모(매우부드러운)
3270,교정내내 사용중 좋습니다.,20.10.05.,5,0,0,종류: 08 교정칫솔-슬림형
3271,"재구매칫솔모도 부드럽고, 크기가 적당해서 항상 재주문하는 제품이네요~",20.09.28.,5,재구매,0,종류: 15 미소덴탈 숯올슬림모(민감성)
3272,재구매늘 쓰던거라 재구매했어요,20.10.04.,5,재구매,0,종류: 02 성인올슬림모-일반형(민감성)
3273,재구매항상구매하고 있어요 좋아요,20.09.15.,5,재구매,0,종류: 01 성인이중슬림모(보편적인)
3274,늘쓰는칫솔이에요 좋습니다,20.09.13.,5,0,0,종류: 10 어금니-돔형
3275,교정치아에 딱임. 딴딴하고 잘 닦여요.,20.09.07.,5,0,0,종류: 00 성인일반모(단단한)
3276,칫솔 좋아요. 배송도 빠르고 만족합니다.,20.09.07.,5,0,0,종류: 00 초미세모(매우부드러운)
3277,일반모는 처음 사용하는데 좋을거같아요 배송도 빠르고 너무 좋아요,20.09.02.,5,0,0,종류: 00 성인일반모(단단한)
3278,재구매늘 쓰던 제품입니다~,20.10.06.,5,재구매,0,종류: 09 어금니-일반형
3279,칫솔모가 촘촘해서 단단한 느낌인데 부드러워서 아프지 않게 잘 닦이고 색깔도 이뻐요,20.09.25.,5,0,0,종류: 01 성인이중슬림모(보편적인)
3280,아이가 좋다고하네요~,20.09.15.,5,0,0,종류: 08 교정칫솔-슬림형
3281,좋아요 병원에서 사서 쓰다가 인터넷으로 처음 구매햇는데 똑같은거같아요 싸게잘상어요,20.09.05.,5,0,0,종류: 08 교정칫솔-슬림형
3282,"항상쟁여놓고사용하는칫솔
너무좋아요",20.09.11.,5,0,0,종류: 05 어린이이중슬림모(7세-10세)
3283,"항상쟁여놓고사용하는칫솔
너무좋아요",20.09.11.,5,0,0,종류: 14 미소덴탈 금올슬림모(민감성)
3284,"항상쟁여놓고사용하는칫솔
너무좋아요",20.09.11.,5,0,0,종류: 09 어금니-일반형
3285,"항상쟁여놓고사용하는칫솔
너무좋아요",20.09.11.,5,0,0,종류: 03 성인올슬림모-고급형(민감성)
3286,"항상쟁여놓고사용하는칫솔
너무좋아요",20.09.11.,5,0,0,종류: 17 광폭올(민감성)
3287,좋아요 교정하고 있는데 부드럽게 잘 닦이네요,20.09.11.,5,0,0,종류: 08 교정칫솔-슬림형
3288,좋은 상품이네요. 치과용 칫솔이라 더 좋습니다,20.09.25.,5,0,0,종류: 01 성인이중슬림모(보편적인)
3289,재구매이 칫솔만 써요! 부드럽고 좋아요,20.09.29.,5,재구매,0,종류: 03 성인올슬림모-고급형(민감성)
3290,좋아요 아직 사용전이에요,20.09.07.,5,0,0,종류: 02 성인올슬림모-일반형(민감성)
3291,재구매좋아서계속구매하고있어요,20.10.02.,5,재구매,0,종류: 01 성인이중슬림모(보편적인)
3292,몇 년째 사용하고 있는 제품입니다,20.09.10.,4,0,0,종류: 01 성인이중슬림모(보편적인)
3293,"재재구매입니다 
잘 쓰고 있어요",20.09.11.,5,0,0,종류: 03 성인올슬림모-고급형(민감성)
3294,"가격도 저렴하고 배송도 빨라 좋네요.
어금니랑 앞니 구석구석 닦기 좋아요
예전부터 치과에서 구매해 첨단칫솔 쓰고 있는데  이번에 바꿔봤는데 만족스럽네요",20.08.23.,5,0,0,종류: 09 어금니-일반형
3295,교정장치 달고 칫솔이 필요해서 구매했는데 좋은갓같아요 잘 쓰겠습니다 !,20.09.25.,5,0,0,종류: 07 교정칫솔-일반형
3296,한달사용기언니 선물하기 좋았어요~,20.10.03.,5,0,한달사용기,종류: 08 교정칫솔-슬림형
3297,부드럽고 편하게 닦입니다 담에 재구매할거같아요,20.09.07.,4,0,0,종류: 07 교정칫솔-일반형
3298,재구매배송도 빠르고 포장도 잘 되서 도착했어요,20.09.10.,5,재구매,0,종류: 03 성인올슬림모-고급형(민감성)
3299,배송도 빠르고 품질도 좋습니다!,20.09.13.,5,0,0,종류: 10 어금니-돔형
3300,만족하며 쓰는 제품입니다,20.09.11.,5,0,0,종류: 11 어금니-슬림형
3301,아직 안써봤지만 항상 치과칫솔 잘쓰고있습니다~~,20.09.28.,5,0,0,종류: 02 성인올슬림모-일반형(민감성)
3302,배송도 빠르고 품질도 좋습니다!!,20.09.13.,5,0,0,종류: 09 어금니-일반형
3303,재구매좋아서 계속구매합니다,20.10.02.,5,재구매,0,종류: 02 성인올슬림모-일반형(민감성)
3304,쟁여놓고 잘 쓰고 있어요,20.09.11.,5,0,0,종류: 00 초미세모(매우부드러운)
3305,광폭ㅎㅎ넓긴하네요.잘 쓰겠습니다.,20.09.06.,5,0,0,종류: 17 광폭올(민감성)
3306,"칫솔은 일단 하나만 사봤는데 너무 마음에 들어요. 다음에 다시 여러개 구매하려구요
어금니칫솔은 인터넷보다가 우연히 알게 되었는데 틈새까지 너무 잘 닦여서 좋아요!!",20.08.22.,4,0,0,종류: 02 성인올슬림모-일반형(민감성)
3307,굿 잘쓰고있습니다 마니파세욘,20.09.30.,5,0,0,종류: 05 어린이이중슬림모(7세-10세)
3308,"늘이것만써요
모도 적당히 부드럽고 튼튼해서 좋습니다",20.09.01.,5,0,0,종류: 05 어린이이중슬림모(7세-10세)
3309,아이들이 잘 사용할것 같아요.,20.09.10.,4,0,0,종류: 04 어린이올슬림모(24개월-6세)
3310,"칫솔모가 얇으면서 단단해서 구석구석 닦기 좋아요
재구매의사 있습니다",20.09.24.,5,0,0,종류: 03 성인올슬림모-고급형(민감성)
3311,재구매좋아요.......,20.10.11.,4,재구매,0,종류: 16 광폭이중(보편적인)
3312,깜끔하게 배송 잘 왔어요.^^잘 쓰겠습니다.,20.09.06.,5,0,0,종류: 06 유아올슬림모(13개월-36개월)
3313,빠르게 배송되고 물건도 좋았어요,20.09.29.,4,0,0,종류: 07 교정칫솔-일반형
3314,평도 좋고 쓰던칫솔이랑 비슷해서 시켜봤어요^^,20.09.27.,4,0,0,종류: 01 성인이중슬림모(보편적인)
3315,"매번 쓰던 칫솔이에요
치아사이 틈이 있는 편인데 솔이 정말 잘 닦아줘요
세긴 하지만 그래야 좋더라구요",20.09.19.,5,0,0,종류: 09 어금니-일반형
3316,배송도 빠르고 아이들이 사용하면서 좋다고하네요,20.09.26.,5,0,0,종류: 01 성인이중슬림모(보편적인)
3317,편하다고 하네요^^,20.09.14.,5,0,0,종류: 07 교정칫솔-일반형
3318,"저렴하게 잘 샀어요
택배비 있어도 치과보다 싸요",20.09.23.,4,0,0,종류: 08 교정칫솔-슬림형
3319,"교정 후에 양치질에 신경을 많이 쓰는 편인데요, 부드러운 칫솔모는 치석제거를 잘 못해준다는 느낌이 있더라구요. 그래서 잇몸이나 치아 바깥쪽은 부드러운 칫솔을 쓰고 치아 안쪽 교정유지기 붙어있는 부분은 딱딱한 모를 써서 양치해요. 딱딱하고 작은 칫솔을 시중에서 구하기 어려웠는데 여기서 구매할 수 있어서 좋았어요. 칫솔도 작은 편이 구석구석 닦기 좋은데 작아서 좋아요.",20.08.08.,5,0,0,종류: 00 성인일반모(단단한)
3320,재구매입니다 칫솔모가 단단하면서 부드러워 딱 맞아요,20.09.05.,5,0,0,종류: 00 성인일반모(단단한)
3321,"재구매재구매입니다.
고품질은 아니지만 저렴하게 자주교체하면서 쓰기에 적당한것 같아요~~",20.09.01.,4,재구매,0,종류: 01 성인이중슬림모(보편적인)
3322,재구매교정하고 있는데 편하네요^^,20.09.10.,5,재구매,0,종류: 09 어금니-일반형
3323,사람이 쓰는거지만 동물 치카용으로도 쓸 수 있어서 유용합니다,20.09.23.,5,0,0,종류: 09 어금니-일반형
3324,"세번째 재주문합니다.
가격대비 상품 좋아요~
어금니 깊숙히 있는 아들이와 교정하는 딸 아이들 잘 사용하고 있구요~
함께 챙겨 보내주신 혀클리너 감사합니다.",20.08.19.,5,0,0,종류: 10 어금니-돔형
3325,한달사용기작은 사이즈의 칫솔모를 찾고 있었는데 사이즈도 적당하고 부드러워서 좋네요~,20.09.23.,5,0,한달사용기,종류: 01 성인이중슬림모(보편적인)
3326,"이게 성인 슬림이에용 
칫솔 좋아요
칫솔모에 끼우는 플라스틱 보관 캡도 하나하나 있어서 가지고 다니기 좋아요 !",20.08.24.,5,0,0,종류: 01 성인이중슬림모(보편적인)
3327,한달사용기잘 쓰고 있습니다 ~,20.10.03.,5,0,한달사용기,종류: 00 성인일반모(단단한)
3328,치실 대용으로 어금니 칫솔 썼는데 끝이 넘 빨리 벌어져서 좀더 단단하고 뾰족한 칫솔을샀네요. 적당한 자극으로 사용감은 괜찮았어요. 칫솔머리 뚜껑이 없어 아쉬워요,20.08.20.,4,0,0,종류: 09 어금니-일반형
3329,재구매잘받았습니다 저번에 사고 좋아서 재구매입니다,20.09.05.,5,재구매,0,종류: 00 초미세모(매우부드러운)
3330,늘 사용하던 거에요. 가성비 좋아요.,20.09.23.,5,0,0,종류: 10 어금니-돔형
3331,늘 사용하던거에요. 가성비 좋아요~,20.09.23.,5,0,0,종류: 09 어금니-일반형
3332,튼튼하고 쓰기 좋습니다,20.09.09.,5,0,0,종류: 10 어금니-돔형
3333,제가 사용하려고 구입했는데 부그럽고 모가 작아서 어금니까지 싹싹 너무 질 닦입니다. 또 구매할께요^^,20.08.29.,5,0,0,종류: 04 어린이올슬림모(24개월-6세)
3334,생각보다 손잡이 길이는 짧은 느낌이네요.,20.09.06.,5,0,0,종류: 03 성인올슬림모-고급형(민감성)
3335,사진과동일만족합니다,20.09.30.,5,0,0,종류: 00 성인일반모(단단한)
3336,사진과동일만족합니다,20.09.30.,5,0,0,종류: 01 성인이중슬림모(보편적인)
3337,"여기서 구입한 칫솔들 다 좋은거 같아요.
나중에 또 재구매할께요^^",20.08.29.,5,0,0,종류: 15 미소덴탈 숯올슬림모(민감성)
3338,깨끗이 양치되는듯해요. 손잡이가 너무얇고 미끄러운거빼곤 좋아요.,20.09.18.,4,0,0,종류: 01 성인이중슬림모(보편적인)
3339,"일반형 또한 슬림형과 마찬가지로 좋아요!
칫솔모가 빳빳한 감의 일반모는 닦는느낌이 좋아요",20.09.15.,5,0,0,종류: 07 교정칫솔-일반형
3340,한달사용기적응되니 잘 닦이는데 잇몸이 까져서 아펑쇼,20.09.25.,4,0,한달사용기,종류: 10 어금니-돔형
3341,매일 쓰던 거에요 잘 쓸게요,20.09.23.,5,0,0,종류: 05 어린이이중슬림모(7세-10세)
3342,부드러워서 좋아요. 재구매입니다,20.09.23.,5,0,0,종류: 01 성인이중슬림모(보편적인)
3343,항상재구매하는제품이에요,20.09.07.,3,0,0,종류: 02 성인올슬림모-일반형(민감성)
3344,한달사용기유용하게 사용하고 있습니다,20.09.28.,4,0,한달사용기,종류: 10 어금니-돔형
3345,재구매교정중이라서 사봤는데 좋아요 감사합니다^^,20.09.05.,5,재구매,0,종류: 11 어금니-슬림형
3346,"치과에서 취급하는 메이커 칫솔과 같은 공장에서 생산한 것 같아요. 
모양, 품질, 사용감 모두 만족스럽네요. 
꾸준히 발전하시고 건승하세요",20.08.20.,5,0,0,종류: 02 성인올슬림모-일반형(민감성)
3347,부드럽고 좋아요 재구매해볼게요,20.09.24.,5,0,0,종류: 01 성인이중슬림모(보편적인)
3348,재구매매번 쓰는 칫솔이에요 너무 좋아요,20.09.27.,5,재구매,0,종류: 08 교정칫솔-슬림형
3349,어금니형 칫솔 사기 너무 잘했어요. 구석구석 정말 너무 잘 닦입니다.ㅎㅎ,20.08.29.,5,0,0,종류: 09 어금니-일반형
3350,매일 쓰던 거에요 잘 쓸게요!,20.09.23.,5,0,0,종류: 04 어린이올슬림모(24개월-6세)
3351,한달사용기사용하기 좋습니다~~~,20.10.01.,4,0,한달사용기,종류: 01 성인이중슬림모(보편적인)
3352,항상주문하는거에요오오,20.09.07.,5,0,0,종류: 08 교정칫솔-슬림형
3353,재구매매번 쓰는 칫솔이에요 너무 좋아요~,20.09.27.,5,재구매,0,종류: 01 성인이중슬림모(보편적인)
3354,재구매매번 쓰는 칫솔이에요 너무 좋아요~,20.09.27.,5,재구매,0,종류: 00 성인일반모(단단한)
3355,양치할 때 모가 부드러워 느낌이 좋아요,20.09.25.,5,0,0,종류: 01 성인이중슬림모(보편적인)
3356,"재구매매우 만족합니다 
이젠 다른 제품 못써요",20.09.05.,5,재구매,0,종류: 01 성인이중슬림모(보편적인)
3357,좋아요 튼튼하고 추천해요,20.09.09.,5,0,0,종류: 08 교정칫솔-슬림형
3358,예전에 다른데서 한번 시키고 다써서 여기서 또 시킵니다.,20.09.23.,5,0,0,종류: 01 성인이중슬림모(보편적인)
3359,좋아용 좋아용 좋아용,20.10.22.,4,0,0,종류: 00 초미세모(매우부드러운)
3360,좋아용 좋아용 좋아용,20.10.22.,4,0,0,종류: 01 성인이중슬림모(보편적인)
3361,"가족용으로 성인, 어린이용 모두 구입했는데 만족해요",20.09.24.,5,0,0,종류: 04 어린이올슬림모(24개월-6세)
3362,좋아용 좋아용 좋아용,20.10.22.,4,0,0,종류: 05 어린이이중슬림모(7세-10세)
3363,금방 상하는 칫솔을 자주 바꿀 수 있어서 좋네요 ~,20.09.24.,4,0,0,종류: 07 교정칫솔-일반형
3364,부드럽고 좋네요~~,20.09.11.,5,0,0,종류: 10 어금니-돔형
3365,조금 단단해서 잇몸 튼튼한 남편이 쓰기로 했어요,20.09.23.,5,0,0,종류: 00 성인일반모(단단한)
3366,일반형 딱딱하고 잘 닦여요.,20.09.07.,5,0,0,종류: 07 교정칫솔-일반형
3367,부드럽고 좋아요~~~,20.09.11.,5,0,0,종류: 09 어금니-일반형
3368,부드럽고 잇몸에 자극도 없이 좋습니다.,20.09.25.,5,0,0,종류: 10 어금니-돔형
3369,"슬림형 돔형  일반형 다사봤어요
저에게 맞는 상품 픽하려구요
첨단칫솔 쓰니 치석도 별로 안생기고 좋아요",20.08.23.,5,0,0,종류: 11 어금니-슬림형
3370,교정용으로 최고입니다.,20.09.07.,5,0,0,종류: 08 교정칫솔-슬림형
3371,치과에서 구입했던 칫솔과 비슷하네요,20.09.24.,5,0,0,종류: 12 해피덴-비타민이중슬림모(보편적인)
3372,치과에서 구입했던 칫솔과 비슷하네요,20.09.24.,5,0,0,종류: 10 어금니-돔형
3373,치과에서 구입했던 칫솔과 비슷하네요,20.09.24.,5,0,0,종류: 09 어금니-일반형
3374,치과에서 구입했던 칫솔과 비슷하네요,20.09.24.,5,0,0,종류: 06 유아올슬림모(13개월-36개월)
3375,치과에서 구입했던 칫솔과 비슷하네요,20.09.24.,5,0,0,종류: 05 어린이이중슬림모(7세-10세)
3376,다쓰면 또 구매할게여,20.09.07.,5,0,0,종류: 11 어금니-슬림형
3377,저렴하고 배송도 빠르고 좋아요,20.09.25.,5,0,0,종류: 07 교정칫솔-일반형
3378,저렴하고 배송도 빠르고 좋아요,20.09.25.,5,0,0,종류: 09 어금니-일반형
3379,칫솔모도 부드럽고 좋아요~~~~~,20.09.28.,5,0,0,종류: 08 교정칫솔-슬림형
3380,치석제거가 잘될 것 같아 구입했어요,20.09.03.,5,0,0,종류: 00 성인일반모(단단한)
3381,사용감 괜찮습니다~~..,20.09.09.,5,0,0,종류: 03 성인올슬림모-고급형(민감성)
3382,사실 이건 고양이 전용으로 쓰려고 샀어요ㅎㅎㅎ,20.09.23.,5,0,0,종류: 10 어금니-돔형
3383,아직 개봉 전이지만 좋을 것 같아요,20.09.03.,5,0,0,종류: 05 어린이이중슬림모(7세-10세)
3384,아직 개봉 전이지만 좋을 것 같아요,20.09.03.,5,0,0,종류: 01 성인이중슬림모(보편적인)
3385,재구매가성비체고~~ 이것만 맨날써요,20.09.25.,5,재구매,0,종류: 07 교정칫솔-일반형
3386,재구매가성비체고~~ 이것만 맨날써요,20.09.25.,5,재구매,0,종류: 10 어금니-돔형
3387,잇몸 마사지용으로 꾸준히 쓰고 있고요. 칫솔모가 튼튼해서 모양변형이 잘 안되고 오래쓸수 있어요,20.08.20.,5,0,0,종류: 08 교정칫솔-슬림형
3388,첨 써보는데 구석구석 닦기 좋아요,20.09.03.,5,0,0,종류: 10 어금니-돔형
3389,교정인들은 여기서 칫솔 구매하세요,20.09.02.,5,0,0,종류: 07 교정칫솔-일반형
3390,너비가 넓고 치석제거가 잘되어 만족이요,20.09.03.,5,0,0,종류: 16 광폭이중(보편적인)
3391,배송도 빠르고  항상 쓰는  칫솔입니다.,20.09.23.,5,0,0,종류: 14 미소덴탈 금올슬림모(민감성)
3392,"상품도 좋고, 배송도 빠릅니다.",20.09.07.,5,0,0,종류: 03 성인올슬림모-고급형(민감성)
3393,"믿고 쓰는 치과전용 교정칫솔, 빠른 배송♡",20.09.02.,5,0,0,종류: 07 교정칫솔-일반형
3394,재구매배송도 빠르고 좋아요,20.09.05.,5,재구매,0,종류: 04 어린이올슬림모(24개월-6세)
3395,재구매배송도 빠르고 좋아요,20.09.05.,5,재구매,0,종류: 5-1 너구리올슬림모(24개월-6세)
3396,재구매배송도 빠르고 좋아요,20.09.05.,5,재구매,0,종류: 00 성인일반모(단단한)
3397,재구매배송도 빠르고 좋아요,20.09.05.,5,재구매,0,종류: 03 성인올슬림모-고급형(민감성)
3398,교정중이어서 계속 주문해서 사용중입니다,20.09.23.,5,0,0,종류: 08 교정칫솔-슬림형
3399,한달사용기쓸만한 제품입니다 좋아요,20.09.24.,4,0,한달사용기,종류: 01 성인이중슬림모(보편적인)
3400,예전에 구매했는데 좋아서 또 구매했어요,20.09.02.,5,0,0,종류: 10 어금니-돔형
3401,초미세모 부드럽긴한데 너무 부드러워 힘이 없게 느껴집니다,20.09.18.,3,0,0,종류: 00 초미세모(매우부드러운)
3402,한달사용기생각보다 좋아요 처음 사용입니다. 재구매 추천,20.09.15.,5,0,한달사용기,종류: 10 어금니-돔형
3403,"살짝 힘있으면서 부드러워요
완전 부드러운 미세모 원하시면 
이거말고 하늘색 모로 구매하세요",20.08.24.,4,0,0,종류: 14 미소덴탈 금올슬림모(민감성)
3404,배송빠르고 선물도 주시고.감사요,20.09.22.,5,0,0,종류: 01 성인이중슬림모(보편적인)
3405,재구매잘 받았습니다 잘쓰고 있어요,20.09.25.,5,재구매,0,종류: 09 어금니-일반형
3406,칫솔을 치과에서 사다쓰다 우연히 발견하게되어 구매해봅니다!  아직 써보지는 않았지만 치과에서 사다쓰는거랑 비슷했음 좋겠네요,20.09.06.,3,0,0,종류: 01 성인이중슬림모(보편적인)
3407,어린이용으로 좋습니다,20.09.24.,5,0,0,종류: 05 어린이이중슬림모(7세-10세)
3408,한달사용기재구매싸고 좋아요 좋아서 부모님댁에도 사드렸어요,20.08.26.,5,재구매,한달사용기,종류: 01 성인이중슬림모(보편적인)
3409,한달사용기한달동언 써본 후기입니다 교정을 한 아이도 저도 만족하고있어요,20.09.17.,4,0,한달사용기,종류: 08 교정칫솔-슬림형
3410,괜찮아요 잘 사용항게여,20.08.29.,4,0,0,종류: 00 성인일반모(단단한)
3411,가성비 좋아요 또 구매할게요,20.09.04.,5,0,0,종류: 01 성인이중슬림모(보편적인)
3412,"생각보다, 칫솔모의 밀도가 높아 만족스럽습니다.",20.09.20.,5,0,0,종류: 09 어금니-일반형
3413,평이 좋아 구입했습니다,20.09.03.,5,0,0,종류: 04 어린이올슬림모(24개월-6세)
3414,한달사용기한번사용해보고 좋아서 이것만 구입해요.,20.09.01.,5,0,한달사용기,종류: 10 어금니-돔형
3415,"전에 써보고 좋아서 재구매했어요~
부드러워서 좋아요",20.08.25.,5,0,0,종류: 08 교정칫솔-슬림형
3416,한달사용기싸고좋은데 단점이 모가 너무뻣뻣합니다ㅠ,20.09.20.,4,0,한달사용기,종류: 07 교정칫솔-일반형
3417,가족과 함께 쓰기 좋아요,20.09.23.,5,0,0,종류: 01 성인이중슬림모(보편적인)
3418,한달사용기칫솔 너무 별로였어요 딱딱해서 양치질하는데 칫솔모가 안움직여요 ㅎㅎ,20.09.11.,1,0,한달사용기,종류: 07 교정칫솔-일반형
3419,슬림모 자극없고 좋아요,20.09.02.,5,0,0,종류: 01 성인이중슬림모(보편적인)
3420,얇은 칫솔이라서 칫솔질도 편해요 교정하는 사람에게 필수품,20.09.16.,5,0,0,종류: 07 교정칫솔-일반형
3421,부드럽고 사용하기 좋습니다. 다 쓰면 재구매할께요^^,20.08.29.,5,0,0,종류: 02 성인올슬림모-일반형(민감성)
3422,"솔이 작아서 안쪽 까지 잘 닦여서 좋아요
위 어금니가 칫솔로는 닦기가 힘들었는데 어금니칫설 사용하니까 너무 좋아요~주문한건 솔이 억쎄?서 잇몸 잘못 닦으면 아파요ㅠ잇몸 약하신 분들은 더 부드러운걸 사용하세요",20.08.30.,5,0,0,종류: 01 성인이중슬림모(보편적인)
3423,교정한뒤로 치과에서 구입한 칫솔과 여기칫솔만 사용하고 있습니다. 치과용은 커서 잘 닦이지 않는 부분이 있는데 그 보조역할을 여기서 구매한 교정용칫솔이 해결해줍니다. 게다가 부드러워 사용하기에 좋습니다.,20.08.30.,5,0,0,종류: 07 교정칫솔-일반형
3424,늘 사용하는 칫솔  칫솔모가 짱짱하니 좋습니다,20.09.18.,5,0,0,종류: 05 어린이이중슬림모(7세-10세)
3425,부드럽고좋아요 얇아서 음식물제거에 좋아요,20.09.16.,5,0,0,종류: 08 교정칫솔-슬림형
3426,처음 사용하는데 마음에 들어요,20.08.31.,5,0,0,종류: 10 어금니-돔형
3427,"저렴하게 잘 샀어요
치아교정중인데 괜찮네요",20.08.25.,5,0,0,종류: 09 어금니-일반형
3428,돔형이랑 슬림형 일반형 종류별로 다 사봤어요 다써본후 저에게 제일 맞는 상품 정착해보려구요,20.08.23.,5,0,0,종류: 10 어금니-돔형
3429,올리브영꺼 쓰다가 올리브영에서 교정칫솔이 더 안나와서 구매해봤습니다. 진작 쓸걸 그랬어요ㅠㅠ칫솔 부드럽고 교정기에 안끼고 큼지막해서 이 닦는데 너무 편해요 최고에요 짱짱!!!그리고 칫솔캡도 같이 줘서 핵핵 편해요 많이 파세요❤️,20.08.07.,5,0,0,종류: 08 교정칫솔-슬림형
3430,뾰족해ㅛㅓ 조심히 사용해야하지만 잘 닦여요,20.08.29.,4,0,0,종류: 09 어금니-일반형
3431,한달사용기구석구석 닦기 편해요 어금니 칫솔은 재구매 의사 있습니다,20.09.11.,3,0,한달사용기,종류: 10 어금니-돔형
3432,재구매쓰던거라 계속쓰고있어요~~좋아요~~물어뜯어서 자주바꿔야하는데 가격도 좋아요,20.08.21.,5,재구매,0,종류: 04 어린이올슬림모(24개월-6세)
3433,교정 8개월 차입니다. 일반형보다 슬림형이 모가 더 부드러워서 그런지 교정기에 끼는 일이 더 적은 거 같지만 더 안닦이는 건지 슬림형으로 바꾸고 나서 며칠 뒤부터 치통이 생기고 이가 누레지기 시작했어요. 부드러운 만큼 더 안닦이는 점 참고해서 사셔야 될 거 같아요.,20.08.07.,4,0,0,종류: 08 교정칫솔-슬림형
3434,항상사용하는 제품이에요 대기업 브랜드보다 잘 닦이고 좋네요,20.08.26.,5,0,0,종류: 03 성인올슬림모-고급형(민감성)
3435,항상사용하는 제품이에요 대기업 브랜드보다 잘 닦이고 좋네요,20.08.26.,5,0,0,종류: 11 어금니-슬림형
3436,재구매아주좋아요 감사합니다,20.09.01.,5,재구매,0,종류: 01 성인이중슬림모(보편적인)
3437,재구매아주좋아요 감사합니다,20.09.01.,5,재구매,0,종류: 03 성인올슬림모-고급형(민감성)
3438,두 번째구매.첨 구매는 혹시나해서 10개주문  이번은 20개에 치약도 주문,20.09.16.,5,0,0,종류: 03 성인올슬림모-고급형(민감성)
3439,배송도 빠르고 칫솔도 마음에 들어요,20.08.31.,5,0,0,종류: 15 미소덴탈 숯올슬림모(민감성)
3440,"배송 빠르고 칫솔도 싸게 사서 좋아요.
계속 치과용 칫솔만 사용하는데 다른데보다 가격이 저렴하네요.
유아칫솔은 처음 사봤는데 아이가 아프지않고 좋다고해요.",20.08.11.,5,0,0,종류: 01 성인이중슬림모(보편적인)
3441,"한번쓰고, 재 구매한거네요
칫솔모가 부드러워요
자극적이지않아 사용하는데 좋아요.",20.08.19.,5,0,0,종류: 01 성인이중슬림모(보편적인)
3442,한달사용기좋아요 . 빨리 살걸  하는 생각이 들어요,20.09.15.,5,0,한달사용기,종류: 09 어금니-일반형
3443,배송도 빠르고 칫솔도 마음에 들어요.,20.08.31.,5,0,0,종류: 09 어금니-일반형
3444,첨써보는데 괜찮습니다,20.09.01.,5,0,0,종류: 16 광폭이중(보편적인)
3445,한달사용기항상 사용하는 칫솔~ 만족합니다. 아이들도 좋아해요~ 캡도 있어 외출시 아주 좋아요~,20.08.19.,5,0,한달사용기,종류: 01 성인이중슬림모(보편적인)
3446,항상 쓰던첫솔인데 마음에 들어요,20.09.19.,5,0,0,종류: 00 성인일반모(단단한)
3447,좋아요좋아요좋아요좋아요,20.09.25.,5,0,0,종류: 01 성인이중슬림모(보편적인)
3448,어금니 칫솔 굳입니다 :),20.09.02.,5,0,0,종류: 10 어금니-돔형
3449,쓰던게 아직 남아서 ㅆㅓ보진 않았는데 슬림하니 괜찮을거같아요~,20.09.14.,4,0,0,0
3450,이중모라 잘 닦이는 것 같기도 합니다,20.09.18.,3,0,0,종류: 05 어린이이중슬림모(7세-10세)
3451,한달사용기일반용하고 어금니 용 샀는데 둘다 좋은거 같아요,20.09.17.,4,0,한달사용기,종류: 10 어금니-돔형
3452,한달사용기어금니 부분은 이게최고 나중에 다 쓰면 청소용으로도 최고입ㄴ다,20.09.17.,4,0,한달사용기,종류: 09 어금니-일반형
3453,"다른건 못쓰겠어요
항상 잇몸에서.피나던 신랑도 요거쓰고 좋아졌대요",20.09.09.,5,0,0,종류: 01 성인이중슬림모(보편적인)
3454,어금니 구서구석 닦기 좋아요,20.08.30.,5,0,0,종류: 10 어금니-돔형
3455,광폭은 처음써보는데 괜찮은것같아요,20.09.17.,4,0,0,종류: 16 광폭이중(보편적인)
3456,한달사용기어금니 뒤쪽 까지 꼼꼼히 닦을 수 있어서 좋아요,20.08.26.,3,0,한달사용기,종류: 11 어금니-슬림형
3457,배송 빠르고 제품 퀄리티도 좋아요,20.08.29.,5,0,0,종류: 10 어금니-돔형
3458,이를 꼼꼼히 양치할 수 있어요,20.08.29.,5,0,0,종류: 10 어금니-돔형
3459,ㅗ어우ㅜ터타타카카카타터르랄아,20.09.01.,4,0,0,종류: 07 교정칫솔-일반형
3460,"재구매계속 여기서 주문해서 쓰는데.. 제품 리뉴얼 부탁드려용,.. 더 촘촘한 칫솔로 안될까요!? 어쨋든 계속 잘 쓰고 있습니다~",20.09.03.,5,재구매,0,종류: 03 성인올슬림모-고급형(민감성)
3461,항상 쓰던 제품입니다 재구매예요:),20.08.29.,5,0,0,종류: 16 광폭이중(보편적인)
3462,가성비 기능 최고예요 늘 사용하고 있어요,20.09.16.,5,0,0,종류: 03 성인올슬림모-고급형(민감성)
3463,"한달사용기치과위생사예요.
이런저런 칫솔 다 써봤는데 이정도면 만족합니다.
괜찮아요",20.09.06.,5,0,한달사용기,종류: 01 성인이중슬림모(보편적인)
3464,한달사용기좋아요 좋아요좋아요좋아요좋아요좋아요 좋아요좋아요좋아요좋아요좋아요 좋아요좋아요좋아요좋아요좋아요 좋아요좋아요좋아요좋아요좋아요 좋아요좋아요좋아요좋아요좋아요 좋아요좋아요좋아요좋아요좋아요 좋아요좋아요좋아요좋아요좋아요 좋아요좋아요좋아요좋아요,20.10.08.,5,0,한달사용기,종류: 09 어금니-일반형
3465,한달사용기좋아요 좋아요좋아요좋아요좋아요좋아요 좋아요좋아요좋아요좋아요좋아요 좋아요좋아요좋아요좋아요좋아요 좋아요좋아요좋아요좋아요좋아요 좋아요좋아요좋아요좋아요좋아요 좋아요좋아요좋아요좋아요좋아요 좋아요좋아요좋아요좋아요좋아요 좋아요좋아요좋아요좋아요,20.10.08.,5,0,한달사용기,종류: 10 어금니-돔형
3466,항상쓰는거에요. 이거쓰다가 일반칫솔못쓰겠어요.,20.09.10.,5,0,0,종류: 01 성인이중슬림모(보편적인)
3467,항상쓰는거에요. 이거쓰다가 일반칫솔못쓰겠어요.,20.09.10.,5,0,0,종류: 04 어린이올슬림모(24개월-6세)
3468,항상쓰는거에요. 이거쓰다가 일반칫솔못쓰겠어요.,20.09.10.,5,0,0,종류: 05 어린이이중슬림모(7세-10세)
3469,어금니칫솔로 어금니 잘 닦이는지 잘 모르겠어요.,20.09.18.,3,0,0,종류: 04 어린이올슬림모(24개월-6세)
3470,"재구매빠른배송과  품질만족 모두 좋습니다
계속  재구매 하겠습니다",20.09.13.,5,재구매,0,종류: 00 성인일반모(단단한)
3471,재구매좋아요 좋아요~^^,20.10.14.,4,재구매,0,종류: 06 유아올슬림모(13개월-36개월)
3472,재구매좋아요 좋아요~^^,20.10.14.,4,재구매,0,종류: 09 어금니-일반형
3473,재구매좋아요 좋아요~^^,20.10.14.,4,재구매,0,종류: 10 어금니-돔형
3474,재구매좋아요 좋아요~^^,20.10.14.,4,재구매,0,종류: 01 성인이중슬림모(보편적인)
3475,재구매좋아요 좋아요~^^,20.10.14.,4,재구매,0,종류: 03 성인올슬림모-고급형(민감성)
3476,한달사용기어금니 뒤쪽 까지 닦을 수 있어서 좋아요,20.08.26.,3,0,한달사용기,종류: 10 어금니-돔형
3477,배송은 빨리 보내주셨는데 택배사에서 배송이 오래걸려 일주일만에 받았네용 그래도 만족합니다,20.09.08.,4,0,0,종류: 07 교정칫솔-일반형
3478,재구매싸고 좋아서 부모님댁에도 사드렸어요,20.08.26.,5,재구매,0,종류: 03 성인올슬림모-고급형(민감성)
3479,프라그가 잘 제거됩니다,20.08.29.,5,0,0,종류: 05 어린이이중슬림모(7세-10세)
3480,한달사용기싸고 좋아요 치과전용이라서 더 만족스러워요,20.08.26.,5,0,한달사용기,종류: 03 성인올슬림모-고급형(민감성)
3481,한달사용기싸고 좋아요 치과전용이라서 더 만족스러워요,20.08.26.,5,0,한달사용기,종류: 01 성인이중슬림모(보편적인)
3482,한달사용기싸고 좋아요 치과전용이라서 더 만족스러워요,20.08.26.,5,0,한달사용기,종류: 07 교정칫솔-일반형
3483,한달사용기어금니 뒤쪽까지 닦을 수 있어 좋아요,20.08.26.,3,0,한달사용기,종류: 09 어금니-일반형
3484,재구매두번째구매예요. 써 보니 가성비 갑입니다. 부드럽고 튼튼해요.  아이한테 별부담없이 사용할수 있어요.,20.09.02.,5,재구매,0,종류: 04 어린이올슬림모(24개월-6세)
3485,재구매마트에서 파는 제품들보다 좋은거 같아 계속 구매중입니다,20.09.12.,5,재구매,0,종류: 07 교정칫솔-일반형
3486,항상 사용하는 제품이예요. 만족,20.09.17.,5,0,0,종류: 05 어린이이중슬림모(7세-10세)
3487,교정하는 아들들 칫솔 알아보다 샀는데 좋아보입니다,20.09.13.,4,0,0,종류: 08 교정칫솔-슬림형
3488,"슬림형이랑 돔형, 일반형까지 골고루 주문해봤어요. 써보고 나에게 젤 잘맞는걸로 고르려구요. 
슬림형 모가 돔형보다 조금더 빳빳하고 힘있게 느껴지네요.",20.07.20.,3,0,0,종류: 11 어금니-슬림형
3489,치과에서 아이 교정용 칫솔을 주셔서 다릇것도 구입해봤어요 다른것도 좋겠지요,20.08.20.,3,0,0,종류: 00 성인일반모(단단한)
3490,"저렴하고 좋아요
펫칫솔이랑 같이 샀는데 그냥 똑같아요ㅋㅋ",20.08.18.,4,0,0,종류: 11 어금니-슬림형
3491,좋아요. 딱 원하던 사이즈 입니다,20.08.22.,5,0,0,종류: 10 어금니-돔형
3492,"잘받았습니다
아이 유치원에도 보내고 할려고 주문했어요
가격도 저렴하고 귀엽기도하고 좋네요",20.08.19.,4,0,0,종류: 05 어린이이중슬림모(7세-10세)
3493,교정후 두번째 구매입니다.,20.09.17.,5,0,0,종류: 08 교정칫솔-슬림형
3494,"재구매교정인이라 주기적으로 사서 쓰는데 좋아요
시원하게 잘닦여요",20.08.22.,5,재구매,0,종류: 07 교정칫솔-일반형
3495,생각보다 넓은데 칫솔모가 작아서 뭔가 잘 닦이는거같아요 다른 칫솔도 기대중 ㅎㅎ,20.09.09.,5,0,0,종류: 16 광폭이중(보편적인)
3496,"전에 품절? 되서 못샀는데 
역시 이 칫솔이 최고힘",20.09.09.,5,0,0,종류: 01 성인이중슬림모(보편적인)
3497,재구매계속 사용하고  있어요 좋아요,20.09.18.,3,재구매,0,종류: 14 미소덴탈 금올슬림모(민감성)
3498,너무 단단해서 저하고는 안맞아요,20.09.15.,3,0,0,종류: 00 성인일반모(단단한)
3499,잘써보고 좋으면 재구매할게요,20.08.26.,5,0,0,종류: 08 교정칫솔-슬림형
3500,"어금니 안쪽 잘닦여서 완전 좋아요
일반 칫솔로는 절대 닦을 수 없어요ㅠ꼭 사세요~
칫솔모가 부드러운편은 아니라 잇몸 약한분은 아플 수 있어요",20.08.30.,5,0,0,종류: 10 어금니-돔형
3501,감사합니다 잘쓸게요,20.09.17.,5,0,0,종류: 08 교정칫솔-슬림형
3502,유유유어ㅏ나누우으크ㅡ쿠쿹,20.09.01.,4,0,0,종류: 08 교정칫솔-슬림형
3503,"늘 여기서만 구매해서 사용합니다, 촘촘하고 좋아요",20.09.12.,5,0,0,종류: 03 성인올슬림모-고급형(민감성)
3504,양치하기펀해요 좋습니다,20.09.16.,5,0,0,종류: 12 해피덴-비타민이중슬림모(보편적인)
3505,아직 안 써봤지만 잘 쓸 것 같아요!,20.08.26.,5,0,0,종류: 10 어금니-돔형
3506,가격도 좋고 제품도 만족합니다.,20.09.17.,5,0,0,종류: 07 교정칫솔-일반형
3507,부드러워서 저하고 잘맞아요,20.09.15.,5,0,0,종류: 01 성인이중슬림모(보편적인)
3508,저렴한 가격에 샀어요 좋아요,20.09.17.,5,0,0,종류: 10 어금니-돔형
3509,저렴한 가격에 샀어요 좋아요,20.09.17.,5,0,0,종류: 11 어금니-슬림형
3510,"한달사용기애기가충치가있어 그냥저렴한걸쓰고자주교환해주자식이였거든요??근데 칫솔을여러군대알아보고 사용해본결과 끼인음식,등등잘빠지더라구요ㅎㅎ그림도있어서놀이식으로도활용할수있어좋았어요",20.08.23.,3,0,한달사용기,종류: 04 어린이올슬림모(24개월-6세)
3511,부드럽고 배송도 빠르고 좋아요^^,20.09.15.,5,0,0,종류: 01 성인이중슬림모(보편적인)
3512,"매번 치과칫솔 사서 쓰다가 가격이 부담 됬는데 언니가 가르쳐줘서 삼요 
가격도 제품도 좋네요 그전꺼치과용은 금방 벌어져서 금방 바꿔야했는데 
이건 짱짱해서좋아요",20.08.05.,5,0,0,종류: 02 성인올슬림모-일반형(민감성)
3513,부드럽게  늘사용해료,20.09.16.,5,0,0,종류: 08 교정칫솔-슬림형
3514,한달사용기칫솔모 크기 적당해서 좋아요,20.08.25.,5,0,한달사용기,종류: 03 성인올슬림모-고급형(민감성)
3515,어금니칫솔 처음써보는데 진짜 편하네요,20.08.23.,5,0,0,종류: 11 어금니-슬림형
3516,한달사용기미세모 튼튼하고 좋아요,20.08.26.,4,0,한달사용기,종류: 03 성인올슬림모-고급형(민감성)
3517,한달사용기미세모 튼튼하고 좋아요,20.08.26.,4,0,한달사용기,종류: 01 성인이중슬림모(보편적인)
3518,한달사용기가격도 싸구요. 질도 좋아요. 친구들 놀러왔을때 하나씩 주기도 부담없고 편해요. 잇몸도 안아파서 치아나 잇몸에 무리도 안가요. 잘사용할께요,20.08.28.,5,0,한달사용기,종류: 00 초미세모(매우부드러운)
3519,재구매좋아요.......,20.09.25.,4,재구매,0,종류: 00 성인일반모(단단한)
3520,한달사용기교정인입니다. 어느 분 후기 중에 치과에서 관리잘한다고 칭찬받으셨다고 했는데 제가 다니는 치과는 양치에 대해 이렇다저렇다 말씀이 없으셔서 여쭤보니 양치 잘된다고 하시더라구요. 한달후기이고 전 추가 재구매했어요. 어금니 칫솔은 종류별로 다 샀는데 뾰족한 걸로 교정장치 닦기 좋구요. 일반분들은 돔형이나 둥근형으로 사셔요. 저는 용도별로 싹 다 씁니다. 원래 칫솔을 한 업체 발견하면 거기것만 사용하는데 교정칫솔은 여기로 픽이에요.,20.07.19.,5,0,한달사용기,종류: 09 어금니-일반형
3521,어금니 칫솔 구석구석 잘 닦이고 너무 좋아요,20.08.22.,4,0,0,종류: 10 어금니-돔형
3522,생각보다 단단하지만 그래도 꽤 만족합니다,20.08.22.,5,0,0,종류: 01 성인이중슬림모(보편적인)
3523,늘 구매하던 제품 좋아요  강추!,20.09.14.,5,0,0,종류: 01 성인이중슬림모(보편적인)
3524,굿굿 음식물제거에 좋아요,20.09.16.,5,0,0,종류: 09 어금니-일반형
3525,교정 중인데 잘 쓸 것 같아요~~,20.08.26.,5,0,0,종류: 08 교정칫솔-슬림형
3526,배송도 빠르고 잇몸이 안좋은데 미세모에 부드러워서 항상 사용하고 있어요,20.09.06.,5,0,0,종류: 15 미소덴탈 숯올슬림모(민감성)
3527,깔끔하니 맘애드네요,20.08.26.,5,0,0,종류: 07 교정칫솔-일반형
3528,재구매지난번에 써보고 너무 좋아서 재구매합니다.,20.08.22.,4,재구매,0,종류: 01 성인이중슬림모(보편적인)
3529,딸래미 교정땜 주문했는데 일반칫솔도 사용해보고 좋으면 계속 주문할께요,20.09.07.,3,0,0,종류: 08 교정칫솔-슬림형
3530,칫솔부자됐네요 잘사용할께요,20.08.20.,3,0,0,종류: 09 어금니-일반형
3531,늘 구매하던 제품 좋아용,20.09.14.,5,0,0,종류: 13 해피덴-비타민올슬림모(민감성)
3532,한달사용기여러번 이용중 감사,20.09.16.,5,0,한달사용기,종류: 01 성인이중슬림모(보편적인)
3533,항상 이 칫솔쓰는데 가성비 최고입니다,20.08.22.,5,0,0,종류: 08 교정칫솔-슬림형
3534,한달사용기미세모라 양치할 때 힘을 주면 잇몸이 조금 올라가요,20.08.20.,4,0,한달사용기,종류: 06 유아올슬림모(13개월-36개월)
3535,"치과 칫솔, 교정기통, 치간칫솔, 모래시계 등 구입했어요.. 
교정기통 자꾸 파손되서 구입했는데 잘샀어요~",20.08.13.,5,0,0,종류: 03 성인올슬림모-고급형(민감성)
3536,"치과 칫솔, 교정기통, 치간칫솔, 모래시계 등 구입했어요.. 
교정기통 자꾸 파손되서 구입했는데 잘샀어요~",20.08.13.,5,0,0,종류: 14 미소덴탈 금올슬림모(민감성)
3537,"치과 칫솔, 교정기통, 치간칫솔, 모래시계 등 구입했어요.. 
교정기통 자꾸 파손되서 구입했는데 잘샀어요~",20.08.13.,5,0,0,종류: 13 해피덴-비타민올슬림모(민감성)
3538,"치과 칫솔, 교정기통, 치간칫솔, 모래시계 등 구입했어요.. 
교정기통 자꾸 파손되서 구입했는데 잘샀어요~",20.08.13.,5,0,0,종류: 07 교정칫솔-일반형
3539,"치과 칫솔, 교정기통, 치간칫솔, 모래시계 등 구입했어요.. 
교정기통 자꾸 파손되서 구입했는데 잘샀어요~",20.08.13.,5,0,0,종류: 11 어금니-슬림형
3540,"치과 칫솔, 교정기통, 치간칫솔, 모래시계 등 구입했어요.. 
교정기통 자꾸 파손되서 구입했는데 잘샀어요~",20.08.13.,5,0,0,종류: 01 성인이중슬림모(보편적인)
3541,"치과 칫솔, 교정기통, 치간칫솔, 모래시계 등 구입했어요.. 
교정기통 자꾸 파손되서 구입했는데 잘샀어요~",20.08.13.,5,0,0,종류: 08 교정칫솔-슬림형
3542,유아용 칫솔 처음 사봤는데 아이가 이 아프지않고 좋다고해요. 가격 저렴하니 좋아요.,20.08.11.,5,0,0,종류: 04 어린이올슬림모(24개월-6세)
3543,좋아요.아직 사용은 못했지만 기대중입니다.,20.09.06.,5,0,0,종류: 13 해피덴-비타민올슬림모(민감성)
3544,어금니 사용에 좋아요,20.08.25.,5,0,0,종류: 07 교정칫솔-일반형
3545,아직 안써봤지만 괜찮아보이네요.,20.08.23.,5,0,0,종류: 16 광폭이중(보편적인)
3546,그럭저럭 괜찮아요’!,20.08.29.,4,0,0,종류: 01 성인이중슬림모(보편적인)
3547,"너무잘닦이고좋습니다
자신에게맞는칫솔로구매할수잇어서더좋아요",20.09.06.,5,0,0,종류: 01 성인이중슬림모(보편적인)
3548,한달사용기어금니 칫솔은 괜찮네요 구석구석 닦기 좋어요,20.09.11.,3,0,한달사용기,종류: 09 어금니-일반형
3549,쓰던건데 여기는 처음 주문이에요.앞으로 이용하겠습니다,20.08.13.,5,0,0,종류: 10 어금니-돔형
3550,한달사용기지금쓰고있는데 좋아요 확실히 2*8*이런거 보다 꼼꼼하게 닦이는 느낌!,20.09.02.,4,0,한달사용기,종류: 01 성인이중슬림모(보편적인)
3551,"저는 정기적으로 치과칫솔 구매해서 
사용했었어요
여기 사이트가 제일 가격도 착하고 
배송도빠르고해서 
늘 여기서만 주문하고있어요ㅎㅎ
치과칫솔로 양치를 하면 칫솔모가 작아서 
치아구석구석 잘 닦이고 
확실히 양치후에 개운해요
제가 어렸을때부터 교정을해서 
치과치료를 자주다녔는데 그때부터 저는 치과칫솔을 사용했었거든요
지금때까지 충치없이 건치유지중인건 
다 치과칫솔로 꾸준히 
양치했기때문이라고 믿어요ㅎㅎ
다 사용하고 또 구매하러올께요^^ 
감사합니다^^",20.07.18.,4,0,0,종류: 02 성인올슬림모-일반형(민감성)
3552,늘 쓰던 칫솔이라 재구매했습니다,20.09.11.,5,0,0,종류: 01 성인이중슬림모(보편적인)
3553,매번 쓰던거고 치아관리에 좋아요,20.08.21.,5,0,0,종류: 03 성인올슬림모-고급형(민감성)
3554,이런칫솔은처음이엇는데정말사용후치아가깨끗해진게보여요,20.09.06.,5,0,0,종류: 10 어금니-돔형
3555,처음구매했는데좋아요,20.09.13.,5,0,0,종류: 5-2 너구리이중슬림모(7세-10세)
3556,처음구매했는데좋아요,20.09.13.,5,0,0,종류: 05 어린이이중슬림모(7세-10세)
3557,처음 사용해봤는데 이제 어금니칫솔 모르던 때로 돌아갈수는 없을것같아요. 일반형도 예상보다 뾰족하고 솔도 처음에는 센 느낌인데 쓰다보면 좋네요,20.08.03.,5,0,0,종류: 11 어금니-슬림형
3558,처음 구매해봤는데 배송도 빠르고 마음에들어요,20.09.08.,5,0,0,종류: 01 성인이중슬림모(보편적인)
3559,좋아요 만족합니다용용~~,20.08.25.,5,0,0,종류: 00 성인일반모(단단한)
3560,한달사용기튼튼하고 개운해요 :),20.09.15.,4,0,한달사용기,종류: 02 성인올슬림모-일반형(민감성)
3561,좋아요 만족합니다용ㅎ,20.08.25.,5,0,0,종류: 09 어금니-일반형
3562,쓰던 제품이라 좋아요!,20.09.14.,5,0,0,종류: 00 초미세모(매우부드러운)
3563,한달사용기치과 칫솔 아님 못 쓰는데 치과 칫솔과 똑같아서 좋아요,20.09.10.,5,0,한달사용기,종류: 02 성인올슬림모-일반형(민감성)
3564,한달사용기재구매꾸준히 이용하고있어요,20.09.13.,5,재구매,한달사용기,종류: 11 어금니-슬림형
3565,일반 칫솔들보다 시원하게 잘 닦여서 좋아요 그리고 지금 사랑니가 나고있어서 구멍이 뚫렸는데 그 부분 어금니칫솔로 닦으면 이물질들이 빠져서 좋아요!,20.08.25.,5,0,0,종류: 09 어금니-일반형
3566,"교정기때문에 어금니 칫솔 샀는데
구석 구석 잘 닦이는 것 같아요",20.08.17.,5,0,0,종류: 09 어금니-일반형
3567,배송도 빠르고 좋습니다.,20.09.13.,3,0,0,종류: 07 교정칫솔-일반형
3568,"칫솔 성인, 유아용 한번에 45개나 구매했어요.
늘 쓰던 치과용 칫솔 저렴히 구매해서 좋아요.",20.08.11.,5,0,0,종류: 00 성인일반모(단단한)
3569,재구매계속 구매하는 중입니다,20.09.12.,5,재구매,0,종류: 02 성인올슬림모-일반형(민감성)
3570,처음구매했는데좋아요!!,20.09.13.,5,0,0,종류: 16 광폭이중(보편적인)
3571,재구매늘 사용하는 칫솔입니다^^ 너무 좋아요,20.09.05.,5,재구매,0,종류: 08 교정칫솔-슬림형
3572,찾던 제품입니다 감사합니다,20.09.11.,5,0,0,종류: 11 어금니-슬림형
3573,"재구매칫솔이 조금컸음하는 부분이있지만 제 기준이니...

다른건 만족이라 두번째 구매입이네요..",20.09.03.,5,재구매,0,종류: 04 어린이올슬림모(24개월-6세)
3574,잘 쓸 것 같습니다~~,20.08.26.,5,0,0,종류: 09 어금니-일반형
3575,좋은제품감사합니다치아관리에많은도움이될거예요,20.09.06.,5,0,0,종류: 00 성인일반모(단단한)
3576,어금니 양치가 잘 안되서 주문했는데 잘 닦이면 좋겠어요,20.09.07.,3,0,0,종류: 10 어금니-돔형
3577,배송도 빠르고 좋습니다,20.08.22.,5,0,0,종류: 10 어금니-돔형
3578,부드러워서 이에 자극이 덜하네요~,20.09.12.,5,0,0,종류: 00 초미세모(매우부드러운)
3579,재구매교정하면서 항상쓰고 있는제품으로  잘닦여요,20.09.07.,5,재구매,0,종류: 07 교정칫솔-일반형
3580,처음 써봐서 익숙하지 않네요,20.09.10.,4,0,0,종류: 10 어금니-돔형
3581,미세몬데 틴탄해서 꾸준히 사용중이에요,20.09.08.,5,0,0,종류: 03 성인올슬림모-고급형(민감성)
3582,"빠른 배송 감사합니다. 
교정은 아니고 사랑니를 빼고난 자리인 어금니 안쪽부위에 음식물이 잘 끼어서 잇몸 염증이 잘 있어나서 구매하게 되었는데 만족합니다. 첫구매라서 수량을 작게 주문했는데. 다음번에 많이 구매할께요~",20.08.16.,4,0,0,종류: 09 어금니-일반형
3583,쓰던거예요 좋아요 가성비 킹,20.09.05.,5,0,0,종류: 07 교정칫솔-일반형
3584,항상 쓰는거예요 좋아요,20.09.11.,3,0,0,종류: 09 어금니-일반형
3585,항상 쓰는거예요 좋아요,20.09.11.,3,0,0,종류: 10 어금니-돔형
3586,2년째 이런 칫솔 쓰는데 확실히 교정기에 안걸려서 교정하시는분들한테는 추천드립니다.,20.09.02.,5,0,0,종류: 08 교정칫솔-슬림형
3587,재구매두번째 구매입니다. 튼튼하고 부드럽고 좋으네요,20.09.02.,5,재구매,0,종류: 01 성인이중슬림모(보편적인)
3588,선물 받아서 사용해보고 맘에 들어 계속 구입하는 제품입니다.,20.09.05.,5,0,0,종류: 02 성인올슬림모-일반형(민감성)
3589,늘 쓰던거 재구매합니다,20.09.11.,5,0,0,종류: 01 성인이중슬림모(보편적인)
3590,늘 쓰던거 재구매합니다,20.09.11.,5,0,0,종류: 05 어린이이중슬림모(7세-10세)
3591,늘 쓰던거 재구매합니딘,20.09.11.,5,0,0,종류: 03 성인올슬림모-고급형(민감성)
3592,저렴 하고 좋아요.아이꺼랑 어른 같이 구매했어요.,20.08.13.,5,0,0,종류: 04 어린이올슬림모(24개월-6세)
3593,아이들의 만족도가 높아 자주 구매하는 상품이라 믿고 사용하고 있습니다. 만족합니다.,20.08.28.,5,0,0,종류: 05 어린이이중슬림모(7세-10세)
3594,우운 쿠우우ㅏㄴ어투추라ㅡㅌ,20.09.01.,4,0,0,종류: 11 어금니-슬림형
3595,한달사용기전에 쓰던 상아제약칫솔과 비교했을때 가격대비 성능좋네요 재구매의사있습니다.,20.08.27.,5,0,한달사용기,종류: 01 성인이중슬림모(보편적인)
3596,한달사용기전에 쓰던 상아제약칫솔과 비교했을때 가격대비 성능좋네요 재구매의사있습니다.,20.08.27.,5,0,한달사용기,종류: 05 어린이이중슬림모(7세-10세)
3597,한달사용기전에 쓰던 상아제약칫솔과 비교했을때 가격대비 성능좋네요 재구매의사있습니다.,20.08.27.,5,0,한달사용기,종류: 03 성인올슬림모-고급형(민감성)
3598,"부드러운모 강한모 골고루 사봤어요.. 
사용해보고 한달후기 다시 남길게요...",20.08.30.,5,0,0,종류: 01 성인이중슬림모(보편적인)
3599,"닥스훈트 칫솔로 쓰려고 구매했어요. 
헤드가 작고 솔도 부드러워서 자극없이 잘 사용하고 있습니다.",20.08.26.,5,0,0,종류: 06 유아올슬림모(13개월-36개월)
3600,"배송도 빠르고 제품도 짱짱하고 좋아요  
교정하는 아들이 쓰려고 종류별로 다 구매했어요",20.08.12.,5,0,0,종류: 08 교정칫솔-슬림형
3601,교정중이어서 구매했어요 배송도 빠르고 물건도 깔끔하게 잘 왔네요 사용해보거 또 후기 남길께요,20.08.05.,5,0,0,종류: 11 어금니-슬림형
3602,교정중이어서 구매했어요 배송도 빠르고 물건도 깔끔하게 잘 왔네요 사용해보거 또 후기 남길께요,20.08.05.,5,0,0,종류: 10 어금니-돔형
3603,교정중이어서 구매했어요 배송도 빠르고 물건도 깔끔하게 잘 왔네요 사용해보거 또 후기 남길께요,20.08.05.,5,0,0,종류: 08 교정칫솔-슬림형
3604,아직 사용전인데 좋겠지요,20.08.20.,3,0,0,종류: 01 성인이중슬림모(보편적인)
3605,아직 사용전엔데 잘 닦였으면 좋겠네요,20.09.07.,5,0,0,종류: 03 성인올슬림모-고급형(민감성)
3606,아직 사용전엔데 잘 닦였으면 좋겠네요,20.09.07.,5,0,0,종류: 00 초미세모(매우부드러운)
3607,아직 사용전엔데 잘 닦였으면 좋겠네요,20.09.07.,5,0,0,종류: 10 어금니-돔형
3608,아직 사용전엔데 잘 닦였으면 좋겠네요,20.09.07.,5,0,0,종류: 11 어금니-슬림형
3609,"교정칫솔 필요해서 샀는데
부드럽고 좋아요",20.08.17.,5,0,0,종류: 08 교정칫솔-슬림형
3610,배송 빠르고 좋아요~,20.09.12.,5,0,0,종류: 10 어금니-돔형
3611,"재구매여기칫솔알고부터 이것만 써요
가격도저렴해서 자주교체해주기도좋고
잇몸에자극안되게 부드러우면서 힘도있고 좋아요",20.08.08.,5,재구매,0,종류: 01 성인이중슬림모(보편적인)
3612,아들래미가 만족하네요,20.08.20.,5,0,0,종류: 09 어금니-일반형
3613,매번 주문하고 있어요,20.09.10.,5,0,0,종류: 02 성인올슬림모-일반형(민감성)
3614,아들래미가 좋아하네요,20.08.20.,5,0,0,종류: 05 어린이이중슬림모(7세-10세)
3615,사이즈도 좋고 미세모로 치아에 부담없이 잘 닦입니다.,20.09.05.,5,0,0,종류: 01 성인이중슬림모(보편적인)
3616,배송도 빠르고 좋아요~~~~~~,20.09.13.,4,0,0,종류: 5-1 너구리올슬림모(24개월-6세)
3617,재구매지난번에 주문해서 사용해보고 좋아서 다시 주문했어요,20.09.05.,5,재구매,0,종류: 10 어금니-돔형
3618,칫솔부자되니 든든하고 좋네요,20.09.08.,5,0,0,종류: 00 성인일반모(단단한)
3619,"재구매기칫솔알고부터 이것만 써요
가격도저렴해서 자주교체해주기도좋고
잇몸에자극안되게 부드러우면서 힘도있고 좋아요",20.08.08.,5,재구매,0,종류: 03 성인올슬림모-고급형(민감성)
3620,"사용해봤는데
칫솔이 가벼우면서 되게 가득한 느낌이에요
좋아요",20.08.13.,5,0,0,종류: 02 성인올슬림모-일반형(민감성)
3621,ㅇ론ㅇㅎ유투느노라아아ㅓㅇ,20.09.01.,4,0,0,종류: 09 어금니-일반형
3622,아직 사용전인데 잘 닦이면 좋겠어요,20.09.07.,3,0,0,종류: 01 성인이중슬림모(보편적인)
3623,부드러워서 잇몸 상할 염려가 줄었네요. 그리고 칫솔모 폭이 얇아서 좋아요!,20.08.08.,5,0,0,종류: 06 유아올슬림모(13개월-36개월)
3624,"아이들이 잡기에 좋은 길이고 솔이 부드러워서 좋데요
칫솔 자주 깨무는 아이들에게 저렴하니 잘 사용할듯해요",20.08.30.,5,0,0,종류: 05 어린이이중슬림모(7세-10세)
3625,재구매빠른배송 감사합니다 잘쓸께요,20.08.18.,5,재구매,0,종류: 02 성인올슬림모-일반형(민감성)
3626,요거는 첨써보는데 괜찮네요,20.09.08.,5,0,0,종류: 01 성인이중슬림모(보편적인)
3627,"재구매빠른배송 감사합니다 
재구매상품",20.08.18.,5,재구매,0,종류: 01 성인이중슬림모(보편적인)
3628,"재구매빠른배송 감사합니다 
재구매상품",20.08.18.,5,재구매,0,종류: 03 성인올슬림모-고급형(민감성)
3629,잘 받았습니다~~~,20.09.14.,5,0,0,종류: 01 성인이중슬림모(보편적인)
3630,교정하면 칫솔이 많이필요하다고해서 쥬문했어요 배송도빠르고 괜찮은거같아요,20.08.10.,4,0,0,종류: 09 어금니-일반형
3631,한달사용기교정 중인데 가족들이랑 사용하려고 여러개 제품 구매했어요! 아직 다 사용은 못 했지만 대체적으로 가격대비 좋아서 또 구매할려고요!!,20.07.19.,4,0,한달사용기,종류: 13 해피덴-비타민올슬림모(민감성)
3632,잘 구매했어요. 사용하기 편하고 좋아요,20.08.13.,5,0,0,종류: 03 성인올슬림모-고급형(민감성)
3633,좋아요 자주 이용하겠습니다,20.08.13.,5,0,0,종류: 05 어린이이중슬림모(7세-10세)
3634,일반 칫솔로는 안닦이는 사랑니 안쪽까지 잘 닦입니다. 좋아요!,20.08.13.,5,0,0,종류: 11 어금니-슬림형
3635,항상 이용하는 칫솔입니다~~^^좋아요,20.08.13.,5,0,0,종류: 05 어린이이중슬림모(7세-10세)
3636,항상 이용하는 칫솔입니다~~^^좋아요,20.08.13.,5,0,0,종류: 02 성인올슬림모-일반형(민감성)
3637,"아이 어금니 닦아주기도 좋고
저도 사랑니땜에 잘 쓰고 있어요",20.08.13.,5,0,0,종류: 09 어금니-일반형
3638,"감사합니다 
싸게 잘 샀어요",20.09.08.,5,0,0,종류: 12 해피덴-비타민이중슬림모(보편적인)
3639,무드러운 칫솔로 바꿔주니 양치시간이 즐거워졌습니다,20.08.13.,5,0,0,종류: 05 어린이이중슬림모(7세-10세)
3640,재구매아이들이 교정중이라 사용하는 칫솔이예요~ 빠른배송 감사해요,20.09.01.,5,재구매,0,종류: 07 교정칫솔-일반형
3641,빠른 배송~~~~~~~ 좋아요,20.09.13.,4,0,0,종류: 16 광폭이중(보편적인)
3642,재구매합니다 빠른배송감사합니다.,20.08.19.,5,0,0,종류: 03 성인올슬림모-고급형(민감성)
3643,배송도 빠르고 좋아요,20.08.19.,5,0,0,종류: 11 어금니-슬림형
3644,배송도 빠르고 좋아요,20.08.19.,5,0,0,종류: 03 성인올슬림모-고급형(민감성)
3645,배송도 빠르고 좋아요,20.08.19.,5,0,0,종류: 04 어린이올슬림모(24개월-6세)
3646,"재구매늘 쓰던거라서 구매했어요.
자주 갈아주기도 좋은것같아요.",20.08.29.,5,재구매,0,종류: 05 어린이이중슬림모(7세-10세)
3647,모가 힘있어서 좋아요,20.09.08.,5,0,0,종류: 10 어금니-돔형
3648,빠른 배송 감사합니다.어린이집에도 달달이 보내야해서 넉넉히 주문해서 받아보니 깔끔하고 좋네요,20.08.23.,5,0,0,종류: 04 어린이올슬림모(24개월-6세)
3649,"일반칫솔 교정 치솔 같이 샀어요
교정은 남편꺼 일반은 제꺼 일반이 적당히 부드럽고 이잘닦이고 좋네요",20.08.05.,5,0,0,종류: 08 교정칫솔-슬림형
3650,한달사용기저렴하고 꼼꼼하게 잘닦여요,20.09.06.,5,0,한달사용기,종류: 04 어린이올슬림모(24개월-6세)
3651,재구매지난번에 주문하고 좋아서 다시 주문했어요,20.09.05.,5,재구매,0,종류: 09 어금니-일반형
3652,좋아요 싸고좋아요좋아,20.08.20.,3,0,0,종류: 08 교정칫솔-슬림형
3653,치과용이라 믿고구입했어요 꼼꼼히 잘닦이네요,20.08.09.,5,0,0,종류: 09 어금니-일반형
3654,처음 사용해봤는데 이제 어금니칫솔 모르던 때로 돌아갈수는 없을것같아요 대만족,20.08.03.,5,0,0,종류: 09 어금니-일반형
3655,처음 사용해봤는데 이제 어금니칫솔 모르던 때로 돌아갈수는 없을것같아요 대만족,20.08.03.,5,0,0,종류: 10 어금니-돔형
3656,사용해봤는데 좋아요!,20.09.08.,4,0,0,종류: 08 교정칫솔-슬림형
3657,"재구매아이가 항상 쓰던거라서 구매했어요.
편히 쓰기 좋아요",20.08.29.,5,재구매,0,종류: 04 어린이올슬림모(24개월-6세)
3658,감사합니다 잘쓸께요~,20.09.08.,5,0,0,종류: 00 초미세모(매우부드러운)
3659,가성비 진짜 좋아요,20.09.08.,5,0,0,종류: 02 성인올슬림모-일반형(민감성)
3660,재구매늘 사용하는 칫솔입니다 너무 좋아요^^,20.09.05.,5,재구매,0,종류: 07 교정칫솔-일반형
3661,"항상 쓰는 브랜드예요 
가격도 저렴하고 좋습니다",20.08.13.,5,0,0,종류: 11 어금니-슬림형
3662,아이가 교정을 하고있어서 칫솔이 많이 망가져서 구매했는데 품질도 좋고 솔 상태도 좋은것같아요,20.08.06.,4,0,0,종류: 11 어금니-슬림형
3663,"빠른배송 감사합니다
칫솔이 너무 좋아요~^^",20.09.05.,5,0,0,종류: 09 어금니-일반형
3664,"칫솔모가 단단하니 잘 닦이는것 같아요. 예전에 비슷한 제품 썼을땐 단단해도 잇몸이 아팠는데 이건 안그렇네요. 
잘 사용하겟습니다.",20.07.23.,5,0,0,종류: 03 성인올슬림모-고급형(민감성)
3665,배송 빠르고 좋아요! 고양이 양치 시켜주려고 샀어요! 냥이칫솔이랑 별차이 없는 것 같아서 구매했어요!,20.08.02.,5,0,0,종류: 10 어금니-돔형
3666,교정중인데 칫솔 부드러우면서 단단하고 너무 좋아요,20.08.12.,5,0,0,종류: 08 교정칫솔-슬림형
3667,번창하세요 물건잘받았ㅂ니다,20.09.08.,5,0,0,종류: 05 어린이이중슬림모(7세-10세)
3668,치과용 칫솔 찾다 구입해써요. 잘닦여서 좋네요,20.08.09.,5,0,0,종류: 03 성인올슬림모-고급형(민감성)
3669,배송빨라요 배송 빨라요,20.09.08.,5,0,0,종류: 02 성인올슬림모-일반형(민감성)
3670,재구매이젠 다른제품을 못 쓰겠네요,20.09.05.,5,재구매,0,종류: 03 성인올슬림모-고급형(민감성)
3671,"일단국산제품이라 믿음이 가네요^^
아이가 교정을 하게되어 여기저기 교정칮솔을 찾다가 상품평이 좋아 믿고 구매했어요~ 또 구매할 의사있어요♡",20.08.19.,5,0,0,종류: 07 교정칫솔-일반형
3672,"패키지도 깔끔하고 저렴하게 잘 구매했습니다
사은품 혀클리너도 감사합니다",20.08.09.,4,0,0,0
3673,치과 칫솔을 쓰다가 일반 썼더니 잇몸이 상처가나서 시켰어요^^,20.08.31.,4,0,0,종류: 05 어린이이중슬림모(7세-10세)
3674,모도작고아이가거부하지않네요,20.09.04.,4,0,0,종류: 06 유아올슬림모(13개월-36개월)
3675,"빠른 배송. 
좋은 제품. 좋네요",20.09.07.,5,0,0,종류: 01 성인이중슬림모(보편적인)
3676,교정 칫솔 중엔 제일 좋은 것 같습니다,20.08.14.,5,0,0,종류: 08 교정칫솔-슬림형
3677,"재구매좋아요좋아요
재구매재구매재구매",20.09.08.,5,재구매,0,종류: 03 성인올슬림모-고급형(민감성)
3678,칫솔 맞는걸 찾지못해 이것저것 쓰다가 동생의 추천으로 구매 했습니다..  이전에 동생 집에서 한번 써 보기도 했는데 부드럽게 잘 닦였던거 같아요.. 이제 본격적으로 한번 써 보겠습니다!!,20.07.26.,3,0,0,종류: 01 성인이중슬림모(보편적인)
3679,칫솔 맞는걸 찾지못해 이것저것 쓰다가 동생의 추천으로 구매 했습니다..  이전에 동생 집에서 한번 써 보기도 했는데 부드럽게 잘 닦였던거 같아요.. 이제 본격적으로 한번 써 보겠습니다!!,20.07.26.,3,0,0,종류: 03 성인올슬림모-고급형(민감성)
3680,양치후  입안이  상쾌하네요  서비스로 주신 혀클리너랑 칫실 감사해요  포장은 다버리구 지퍼팩에  밀봉했어요 1년간 걱정없겠어요ㅎㅎ,20.07.28.,5,0,0,종류: 02 성인올슬림모-일반형(민감성)
3681,써보고 또 구매할께요,20.09.06.,3,0,0,종류: 05 어린이이중슬림모(7세-10세)
3682,잘 닦이면 좋겠어요,20.09.07.,3,0,0,종류: 09 어금니-일반형
3683,잘 닦이면 좋겠어요,20.09.07.,3,0,0,종류: 07 교정칫솔-일반형
3684,"빠른배송 감사합니다
치솔이 좋아요~^^",20.09.05.,5,0,0,종류: 08 교정칫솔-슬림형
3685,재구매적당히 부드럽고 세척력도 좋아요. 가성비 좋습니다,20.08.27.,5,재구매,0,종류: 01 성인이중슬림모(보편적인)
3686,워낙 믿고 사용하는 제품입니다.,20.09.05.,5,0,0,종류: 03 성인올슬림모-고급형(민감성)
3687,어린이치실이 싸요~,20.09.07.,5,0,0,종류: 16 광폭이중(보편적인)
3688,"딸램 교정중이라 이미 써본 제품입니다
잘쓸께여",20.09.01.,5,0,0,종류: 07 교정칫솔-일반형
3689,"이미 써본 제품 다써서 또 주문합니다
잘쓸께여",20.09.01.,5,0,0,종류: 10 어금니-돔형
3690,첫주문인데 배송빠르고 품질좋아요,20.08.13.,5,0,0,종류: 01 성인이중슬림모(보편적인)
3691,재구매늘 쓰던제품이라 다시 구매를 했습니다.,20.09.02.,5,재구매,0,종류: 05 어린이이중슬림모(7세-10세)
3692,교정중이라 다양한게 필요한데 한곳에서 다구매할수있어서 편해요,20.08.08.,5,0,0,종류: 07 교정칫솔-일반형
3693,교정중이라 다양한게 필요한데 한곳에서 다구매할수있어서 편해요,20.08.08.,5,0,0,종류: 10 어금니-돔형
3694,교정중이라 다양한게 필요한데 한곳에서 다구매할수있어서 편해요,20.08.08.,5,0,0,종류: 11 어금니-슬림형
3695,교정중이라 다양한게 필요한데 한곳에서 다구매할수있어서 편해요,20.08.08.,5,0,0,종류: 09 어금니-일반형
3696,교정중이라 다양한게 필요한데 한곳에서 다구매할수있어서 편해요,20.08.08.,5,0,0,종류: 00 성인일반모(단단한)
3697,교정중이라 다양한게 필요한데 한곳에서 다구매할수있어서 편해요,20.08.08.,5,0,0,종류: 01 성인이중슬림모(보편적인)
3698,"수량을 한개씩 시켰네요
ㅠㅠ",20.09.06.,4,0,0,종류: 03 성인올슬림모-고급형(민감성)
3699,"재구매사용해보니 너무 좋네요.
칫솔 유목민...이제야 정착 하네요",20.08.06.,5,재구매,0,종류: 02 성인올슬림모-일반형(민감성)
3700,교정 치료했던 아들이 치과에서 서비스로 받았던 제품인데 부드럽고 편하다고 내내 이 상품만 고집합니다. 초록창에 검색해서 젤 저렴한 이곳에서 구매했습니다. 다 사용하면 재구매하겠습니다.,20.07.02.,5,0,0,종류: 03 성인올슬림모-고급형(민감성)
3701,교정중인데 사용하기에 크기도 적당하고 부드럽습니다.,20.08.30.,5,0,0,종류: 08 교정칫솔-슬림형
3702,교정해서 칫솔 새로샀어요 ㅋㅋ 근데 어금니칫솔이랑 수량을 제가 잘못주문했네요ㅠㅠㅋ 담에 더사야겠어요 칫솔 너무좋아요~,20.07.30.,5,0,0,종류: 08 교정칫솔-슬림형
3703,아직 사용전이지만 후기글 좋아서 구매했어요,20.08.31.,5,0,0,종류: 08 교정칫솔-슬림형
3704,"고양이 칫솔로 쓰려고 구매했어요. 
솔이 탄력있어서 좋아요.",20.08.26.,5,0,0,종류: 10 어금니-돔형
3705,칫솔 여기서만 구매할꺼예요 넘 좋아요,20.08.06.,4,0,0,종류: 08 교정칫솔-슬림형
3706,칫솔처음사용해보는데 좋은것 같아요!싼가격에 득템했어요,20.08.04.,5,0,0,종류: 01 성인이중슬림모(보편적인)
3707,"저렴하고 포장도 깔끔하고 만족합니다
사은품 혀클리너도 감사합니다",20.08.09.,4,0,0,0
3708,늘 쓰던제품 좋아요,20.09.05.,4,0,0,종류: 09 어금니-일반형
3709,늘  쓰던제품 좋아요,20.09.05.,4,0,0,종류: 10 어금니-돔형
3710,재구매항상 시키는 칫솔입니다. 가성비 좋아요,20.08.07.,5,재구매,0,종류: 02 성인올슬림모-일반형(민감성)
3711,배송빠르고   좋아요,20.09.05.,4,0,0,종류: 11 어금니-슬림형
3712,역시 조아요^^ 조아용,20.09.04.,5,0,0,종류: 01 성인이중슬림모(보편적인)
3713,배송 빠르고 제품 짱짱해서 좋아요,20.08.12.,5,0,0,종류: 07 교정칫솔-일반형
3714,고양이꺼랑 같이 샀는데 둘다 좋아요,20.08.12.,5,0,0,종류: 00 성인일반모(단단한)
3715,끝이 뾰족해서 이 사이사이를 더 깨끗하게 닦을 수 있습니다 만족스러워욭,20.08.07.,5,0,0,종류: 09 어금니-일반형
3716,재구매늘 쓰던제품이라 구매를 했네요.,20.09.02.,5,재구매,0,종류: 01 성인이중슬림모(보편적인)
3717,필요해서샀어요  배송빠름,20.08.29.,5,0,0,종류: 07 교정칫솔-일반형
3718,필요해서샀어요  배송빠름,20.08.29.,5,0,0,종류: 09 어금니-일반형
3719,"설측교정중이라서 구매했는데
치아안쪽사이까지 잘닦여요",20.08.28.,5,0,0,종류: 09 어금니-일반형
3720,필요해서샀어요  배송빠름,20.08.29.,5,0,0,종류: 08 교정칫솔-슬림형
3721,가볍게 쓰기 좋습니다,20.09.04.,4,0,0,종류: 01 성인이중슬림모(보편적인)
3722,재구매잘 사용할게요~필요하면 또 주문하러오겠습니다ㅎㅎ,20.08.05.,5,재구매,0,종류: 04 어린이올슬림모(24개월-6세)
3723,어금니 칫솔도 교정 하면서 시작했는데 교정안한 딸한테도 좋은것같아요,20.08.06.,4,0,0,종류: 10 어금니-돔형
3724,재구매배송빠르고 좋아요.,20.09.05.,5,재구매,0,종류: 11 어금니-슬림형
3725,잇몸 치료후 미세모로 변경하여 사용하니 자극적이지 않아서 좋아요,20.08.26.,5,0,0,종류: 01 성인이중슬림모(보편적인)
3726,잇몸 치료후 미세모로 변경하여 사용하니 자극적이지 않아서 좋아요,20.08.26.,5,0,0,종류: 03 성인올슬림모-고급형(민감성)
3727,치과 칫솔을 매번 쓰고 있어서 주문했습니다^^,20.08.31.,4,0,0,종류: 01 성인이중슬림모(보편적인)
3728,아직 사용전입니다. 사용후 다시 쓸게요,20.08.26.,4,0,0,종류: 03 성인올슬림모-고급형(민감성)
3729,재구매제가 다니는 병원에세 받은 칫솔보다 아주 좋습니다. 강추입니다.,20.08.02.,5,재구매,0,종류: 01 성인이중슬림모(보편적인)
3730,좋아요 가족 모두 잘쓰고 있어요,20.08.13.,5,0,0,종류: 10 어금니-돔형
3731,좋아요좋아요좋아요좋아요좋아요좋아요좋아요좋아요좋아요좋아요좋아요좋아요좋아요좋아요좋아요좋아요좋아요좋아요좋아요좋아요좋아요좋아요좋아요좋아요,20.09.03.,5,0,0,종류: 09 어금니-일반형
3732,좋아요좋아요좋아요좋아요좋아요좋아요좋아요좋아요좋아요좋아요좋아요좋아요좋아요좋아요좋아요좋아요좋아요좋아요좋아요좋아요좋아요좋아요좋아요좋아요,20.09.03.,5,0,0,종류: 10 어금니-돔형
3733,"모가 좀 뻣뻣해서(개인적 치아 상태)
사용감은 보통입니다",20.08.28.,3,0,0,종류: 01 성인이중슬림모(보편적인)
3734,엄청 잘닦여요! 확실히 일반 칫솔이랑은 다르네용 굿!,20.08.03.,5,0,0,종류: 07 교정칫솔-일반형
3735,재구매항상 여기서 구매해용 가성비 최고 ㅎ,20.08.31.,4,재구매,0,종류: 07 교정칫솔-일반형
3736,교정치솔 너무 좋다고 하네요.특히 어금니용 칫솔이 대박 만족이라는 울 딸 말에 저도기분좋아요,20.08.17.,5,0,0,종류: 08 교정칫솔-슬림형
3737,한달사용기부드럽고사용하기  편해요,20.08.12.,5,0,한달사용기,종류: 08 교정칫솔-슬림형
3738,딸아이가 쓰는데 넘 만족스러워요!,20.08.31.,5,0,0,종류: 10 어금니-돔형
3739,재구매전에 썻던것들보다 모가 튼튼해서 좋아요,20.08.29.,5,재구매,0,종류: 05 어린이이중슬림모(7세-10세)
3740,재구매좋아요 ㅎㅎ 가성비조아요오,20.08.31.,3,재구매,0,종류: 10 어금니-돔형
3741,한달사용기교정칫솔이랑 일반칫솔 모두 넘넘 좋아요,20.08.30.,5,0,한달사용기,종류: 08 교정칫솔-슬림형
3742,"한달사용기부드럽고 정말
쓰기편해요",20.08.12.,5,0,한달사용기,종류: 01 성인이중슬림모(보편적인)
3743,재구매좋아요좋아요좋아요좋아요좋아,20.09.25.,5,재구매,0,종류: 11 어금니-슬림형
3744,배송도 빠르고 제품도 좋아요,20.08.12.,5,0,0,종류: 10 어금니-돔형
3745,배송도 빠르고 제품도 좋아요,20.08.12.,5,0,0,종류: 03 성인올슬림모-고급형(민감성)
3746,한달사용기교정칫솔이랑 일반칫솔 모두 넘넘 좋아요~,20.08.30.,5,0,한달사용기,종류: 01 성인이중슬림모(보편적인)
3747,한달사용기교정칫솔이랑 일반칫솔 모두 넘넘 좋아요~,20.08.30.,5,0,한달사용기,종류: 07 교정칫솔-일반형
3748,미세한 부분까지   이물질이  잘닦여서 입안을 개운하게  해줘요,20.08.25.,5,0,0,종류: 03 성인올슬림모-고급형(민감성)
3749,색깔도 이쁘고 양치할 때 느낌도 좋아요! 배보다 배꼽이 더 크지만; 잘 쓰고 있어요><,20.08.20.,5,0,0,종류: 01 성인이중슬림모(보편적인)
3750,미세모라서 만족스러워요,20.08.10.,4,0,0,종류: 06 유아올슬림모(13개월-36개월)
3751,한달사용기교정시 사용하기 좋아요.,20.09.01.,5,0,한달사용기,종류: 09 어금니-일반형
3752,이런 칫솔이 있는지 몰랐는데 교정중에 고무줄 끼신 분한테 조을거같아요!!!,20.08.03.,5,0,0,종류: 10 어금니-돔형
3753,항상 믿고 쓰는 제품이에요~ 배송도 빨라요,20.08.23.,5,0,0,종류: 04 어린이올슬림모(24개월-6세)
3754,배송도빠르고 싸고 좋네요,20.08.10.,4,0,0,종류: 08 교정칫솔-슬림형
3755,한달사용기교정하느라 칫솔이 필요했는데 가격대비 매우 만족합니다.,20.08.25.,5,0,한달사용기,종류: 07 교정칫솔-일반형
3756,"칫솔모 억세지않고 부드럽게
잘닦이네요",20.08.28.,5,0,0,종류: 08 교정칫솔-슬림형
3757,맘에들어요ㅡ 예전에 비슷한 제품 사용해봤는데 아이가 이 캐릭터를 좋아하지 않는데 ㅠㅠ 그냥 성인용 모양으로ㅠ작은거였음 더ㅜ좋았을것 같아요.,20.07.23.,5,0,0,종류: 05 어린이이중슬림모(7세-10세)
3758,재구매항상 쓰던거라서 다시 구매했어요~,20.08.29.,5,재구매,0,종류: 01 성인이중슬림모(보편적인)
3759,너무 부드럽지도 않고 딱딱하지도 않아서 좋아요!,20.08.08.,5,0,0,종류: 11 어금니-슬림형
3760,치과전용이라서 믿고사용합니다,20.08.08.,5,0,0,종류: 00 성인일반모(단단한)
3761,"집에 칫솔이 떨어져서 구매했어요~
이중슬림모 샀는데 전에 병원에서 구매해서 쓰던거랑
똑같은데 저렴하게 구입할 수 있어서 좋았어요.
다 쓰고 또 주문하려구요~",20.08.10.,5,0,0,종류: 01 성인이중슬림모(보편적인)
3762,"남편이 써보자고해서 두개만 구입했어요
가격도저렴하고 모도 괜찮다고합니다. 저도 사용해보고 괜찮으면 대량으로 구입해서 써야겠네요~",20.07.28.,4,0,0,종류: 00 성인일반모(단단한)
3763,맘에들어요ㅡ 예전에 비슷한 제품 사용해봤는데 그때는 잇몸이 아팠는데 이건 괜찮네요.,20.07.23.,5,0,0,종류: 02 성인올슬림모-일반형(민감성)
3764,"한달사용기필요한부분을 위한 그런 치솔이에요
다양한 칫솔모가 넘 좋은듯",20.08.24.,5,0,한달사용기,종류: 09 어금니-일반형
3765,설명대로이고 만족합니다.,20.08.30.,5,0,0,종류: 08 교정칫솔-슬림형
3766,설명대로이고 만족합니다.,20.08.30.,5,0,0,종류: 07 교정칫솔-일반형
3767,꼼꼼하게 잘닦여서 좋네요,20.08.09.,5,0,0,종류: 04 어린이올슬림모(24개월-6세)
3768,아직 써보진 않았는데 좋았으면 좋겠어요,20.08.06.,5,0,0,종류: 09 어금니-일반형
3769,배송도빠르고 좋아요,20.08.10.,4,0,0,종류: 07 교정칫솔-일반형
3770,양치하니  시원해요  아프지 않고 좋아요 칫솔머리가 작아서  구석구석 잘 닦여요,20.07.28.,5,0,0,종류: 05 어린이이중슬림모(7세-10세)
3771,한달사용기어금니 관히에 좋아요,20.08.30.,5,0,한달사용기,종류: 10 어금니-돔형
3772,"배송 빠르고 좋아요.
사용감도 괜찮아요.",20.08.24.,5,0,0,종류: 01 성인이중슬림모(보편적인)
3773,받자마자 써봤어요 좋은데요,20.08.31.,4,0,0,종류: 16 광폭이중(보편적인)
3774,엄청 좋아요 !! 진짜 구석구석 잘닦임,20.08.03.,5,0,0,종류: 09 어금니-일반형
3775,교정기간 내내 쓴 칫솔입니다 좋아요,20.08.06.,5,0,0,종류: 07 교정칫솔-일반형
3776,한달사용기진짜 짱짱 추천합니다. 특히 교정하신 분들 진짜 추천해요!!!,20.07.19.,5,0,한달사용기,종류: 09 어금니-일반형
3777,"고양이 양치용으로 구매했어요
솔이 작고 억세지 않아서 잘 사용중입니다",20.08.16.,5,0,0,종류: 11 어금니-슬림형
3778,꾸준히사용하는제품이라만족합니다.,20.08.06.,5,0,0,종류: 05 어린이이중슬림모(7세-10세)
3779,재구매항상 여기거만 썼는데 이번 단단모는 저번거보다 살짝 더 부드럽네요~ 그래도 치태제거는 확실히 잘되서 단단모만 써요~,20.07.22.,5,재구매,0,종류: 00 성인일반모(단단한)
3780,좋아요 잘쓰겠습니다 많이파세요 감사합니다,20.08.04.,5,0,0,종류: 09 어금니-일반형
3781,배송도 빠르고 잘받았습니다,20.08.07.,5,0,0,종류: 00 초미세모(매우부드러운)
3782,재구매항상 잘쓰고있어요!,20.08.30.,5,재구매,0,종류: 05 어린이이중슬림모(7세-10세)
3783,재구매항상 잘쓰고있어요!,20.08.30.,5,재구매,0,종류: 01 성인이중슬림모(보편적인)
3784,재구매항상 잘쓰고있어요!,20.08.30.,5,재구매,0,종류: 04 어린이올슬림모(24개월-6세)
3785,재구매항상 잘쓰고있어요!,20.08.30.,5,재구매,0,종류: 15 미소덴탈 숯올슬림모(민감성)
3786,빠른배송감사합니다 부드럽고 좋네요,20.08.05.,5,0,0,종류: 08 교정칫솔-슬림형
3787,한달사용기꾸준히 잘 사용하고 았네요~,20.08.28.,5,0,한달사용기,종류: 08 교정칫솔-슬림형
3788,재구매좋아요~~저렴하게 구매했어요,20.08.25.,5,재구매,0,종류: 08 교정칫솔-슬림형
3789,빠른배송 서비스 만족해요,20.08.27.,5,0,0,종류: 00 성인일반모(단단한)
3790,배송이 빨라서 좋아요,20.08.08.,5,0,0,종류: 02 성인올슬림모-일반형(민감성)
3791,한달사용기맘에 들어요 ~~~~~,20.09.03.,4,0,한달사용기,종류: 01 성인이중슬림모(보편적인)
3792,재구매어금니 칫솔 구입때 함께 구매했어요,20.08.04.,5,재구매,0,종류: 01 성인이중슬림모(보편적인)
3793,재구매젛아여 일반칫솔보다 좋아여,20.08.28.,5,재구매,0,종류: 03 성인올슬림모-고급형(민감성)
3794,"후기보고 샀는데
국삼이면 믿을수잇조",20.08.04.,5,0,0,종류: 07 교정칫솔-일반형
3795,다른 타사 칫솔은 불편해 항상 사용하던 칫솔이고 그동안 치과에서 구입했었는데 저렴히 잘 산것 같아요.,20.08.16.,5,0,0,종류: 03 성인올슬림모-고급형(민감성)
3796,재구매저번에 시켰는대 좋아서 또 시킵니다.,20.08.05.,5,재구매,0,종류: 03 성인올슬림모-고급형(민감성)
3797,저렴하게 잘 샀어요 고양이랑 같이쓰려구요,20.07.30.,5,0,0,종류: 09 어금니-일반형
3798,저렴하게 잘 샀어요 고양이랑 같이쓰려구요,20.07.30.,5,0,0,종류: 11 어금니-슬림형
3799,예전에 쓰던것같아서 주문했는데.. 포장이 바뀐것같네영 !ㅎㅎ,20.08.18.,5,0,0,종류: 11 어금니-슬림형
3800,재구매잘 닦였으면 좋겠네용 ㅠ,20.08.28.,5,재구매,0,종류: 11 어금니-슬림형
3801,한달사용기스켈링 받은 것처럼 깔끔하게 치아 관리를 가능하게 해줘서 너무 좋아요.,20.08.19.,5,0,한달사용기,종류: 11 어금니-슬림형
3802,"보건소에서 추천받고
온 가족 쭉 사용하는 필수 아이템
가성비 갑",20.07.31.,4,0,0,종류: 00 성인일반모(단단한)
3803,이중슬림모를 할 걸 그랬어요. 생각보다 덜 부드러워서요.,20.08.18.,4,0,0,종류: 03 성인올슬림모-고급형(민감성)
3804,한달사용기고양이 칫솔로 잘쓴다,20.08.07.,5,0,한달사용기,종류: 11 어금니-슬림형
3805,잘 사용하고 있어요,20.08.07.,4,0,0,종류: 09 어금니-일반형
3806,잘 사용하고 있어요,20.08.07.,4,0,0,종류: 10 어금니-돔형
3807,잘 사용하고 있어요,20.08.07.,4,0,0,종류: 11 어금니-슬림형
3808,잘 사용하고 있어요,20.08.07.,4,0,0,종류: 12 해피덴-비타민이중슬림모(보편적인)
3809,잘 사용하고 있어요,20.08.07.,4,0,0,종류: 01 성인이중슬림모(보편적인)
3810,좋아요 잘쓰겠습니다 많이파세요,20.08.04.,5,0,0,종류: 10 어금니-돔형
3811,저렴하게잘샀어ㅛ굿굿,20.08.28.,5,0,0,종류: 00 성인일반모(단단한)
3812,미세모라 좋아요^^,20.08.30.,5,0,0,종류: 00 초미세모(매우부드러운)
3813,미세모라 좋아요^^,20.08.30.,5,0,0,종류: 01 성인이중슬림모(보편적인)
3814,미세모라 좋아요^^,20.08.30.,5,0,0,종류: 02 성인올슬림모-일반형(민감성)
3815,한달사용기쓸만해요~~~~~~,20.09.03.,3,0,한달사용기,종류: 05 어린이이중슬림모(7세-10세)
3816,재구매사용전이지만 부드러워보여요,20.08.04.,5,재구매,0,종류: 02 성인올슬림모-일반형(민감성)
3817,"재구매이 틈새 약간있거나 교정하신 분들
칫솔 강추요
미세모인데 힘도 있어서 양치잘됩니다",20.07.27.,5,재구매,0,종류: 01 성인이중슬림모(보편적인)
3818,한달사용기첫 구매인데 심플하지맘 제 기능을 하는 것 같아요,20.08.21.,5,0,한달사용기,종류: 01 성인이중슬림모(보편적인)
3819,"치간이나 교정기 안 쪽, 어금니 쪽 삭삭 닦는데 너무 편하고 좋네요",20.08.20.,4,0,0,종류: 10 어금니-돔형
3820,한달사용기칫솔모가 너무 딱딱합니다.,20.08.26.,3,0,한달사용기,0
3821,배송 빠르고 좋아요,20.08.27.,5,0,0,종류: 5-1 너구리올슬림모(24개월-6세)
3822,배송 빠르고 좋아요,20.08.27.,5,0,0,종류: 04 어린이올슬림모(24개월-6세)
3823,배송 빠르고 좋아요,20.08.27.,5,0,0,종류: 10 어금니-돔형
3824,배송 빠르고 좋아요,20.08.27.,5,0,0,종류: 06 유아올슬림모(13개월-36개월)
3825,매번 쓰던거라 욍창 구매했어요,20.08.24.,4,0,0,종류: 05 어린이이중슬림모(7세-10세)
3826,잇몸이 붓거나 아플 때 써야겠어요. 너무 부드러워서 닦이는 지 잘 못느끼겠어요. 부드럽긴 엄청 부드러워요.,20.08.11.,3,0,0,종류: 00 초미세모(매우부드러운)
3827,저렴하게잘샀어여굿굿,20.08.28.,5,0,0,종류: 01 성인이중슬림모(보편적인)
3828,포장꼼꼼해요 맘에드러여,20.08.04.,5,0,0,종류: 08 교정칫솔-슬림형
3829,"마니 사서 혀클리너도 받았고
이물질 잘 빠지고 배송도 빨랐어요 만족
오래쓰겠러료",20.07.23.,5,0,0,종류: 07 교정칫솔-일반형
3830,한달사용기칫솔모가짱짱하니좋아요~,20.08.25.,3,0,한달사용기,종류: 00 성인일반모(단단한)
3831,어금니용이 너무 맘에 든다고 하네요. 아주 좋아요,20.08.17.,5,0,0,종류: 10 어금니-돔형
3832,재구매마트에서 칫솔 많이 사봤는데 여기만한데가  없네요,20.08.20.,5,재구매,0,종류: 04 어린이올슬림모(24개월-6세)
3833,한달사용기이런게 있는지 몰랐네요. 잘 사용하고 있어요~,20.08.18.,5,0,한달사용기,종류: 09 어금니-일반형
3834,재구매모가 부드럽고 잘 닦여요,20.08.25.,5,재구매,0,종류: 03 성인올슬림모-고급형(민감성)
3835,재구매모가 부드럽고 잘 닦여요,20.08.25.,5,재구매,0,종류: 01 성인이중슬림모(보편적인)
3836,만족해요 좋아요..,20.08.10.,5,0,0,종류: 01 성인이중슬림모(보편적인)
3837,교정유지장치 중인데 치석이 딱 앞니중간에만 생기더라구요..그래서 이번에 칫솔 새로 다 구매했는데 좋아요 잘 쓸게요,20.08.08.,5,0,0,종류: 09 어금니-일반형
3838,교정유지장치 중인데 치석이 딱 앞니중간에만 생기더라구요..그래서 이번에 칫솔 새로 다 구매했는데 좋아요 잘 쓸게요,20.08.08.,5,0,0,종류: 08 교정칫솔-슬림형
3839,교정유지장치 중인데 치석이 딱 앞니중간에만 생기더라구요..그래서 이번에 칫솔 새로 다 구매했는데 좋아요 잘 쓸게요,20.08.08.,5,0,0,종류: 07 교정칫솔-일반형
3840,교정유지장치 중인데 치석이 딱 앞니중간에만 생기더라구요..그래서 이번에 칫솔 새로 다 구매했는데 좋아요 잘 쓸게요,20.08.08.,5,0,0,종류: 01 성인이중슬림모(보편적인)
3841,한달사용기상품 잘 받았어요.,20.08.27.,3,0,한달사용기,종류: 03 성인올슬림모-고급형(민감성)
3842,한달사용기상품 잘 받았어요.,20.08.27.,3,0,한달사용기,종류: 01 성인이중슬림모(보편적인)
3843,한달사용기상품 잘 받았어요.,20.08.27.,3,0,한달사용기,종류: 00 성인일반모(단단한)
3844,한달사용기어금니 사이사이와 칫솔이 안 닿는 부분에 사용하기 아주 좋습니다.,20.07.28.,5,0,한달사용기,종류: 09 어금니-일반형
3845,재구매저희집은 성인 단단한 모가 제일 잘맞는거 같아요,20.08.20.,5,재구매,0,종류: 00 성인일반모(단단한)
3846,늘 구매하는데 좋아요,20.08.05.,5,0,0,종류: 01 성인이중슬림모(보편적인)
3847,한달사용기치석 다 사라지고 대박 좋네요,20.08.23.,5,0,한달사용기,종류: 01 성인이중슬림모(보편적인)
3848,한달사용기칫솔 자체가 작아 일반 칫솔이 안 닿는 부분까지 닦을 수 있어 좋습니다.,20.07.28.,5,0,한달사용기,종류: 10 어금니-돔형
3849,치과 칫솔 사려고 검색하다가 사게 되었습니다. 저렴하게 잘 산거 같아요. 일반칫솔 보다 작아서 양치 할때 잇몸도 안아프고 모도 적당히 부드러워서 잘 닦여요.,20.08.04.,5,0,0,종류: 01 성인이중슬림모(보편적인)
3850,재구매잘받았습니다. 잘쓸께요~~,20.08.28.,5,재구매,0,종류: 03 성인올슬림모-고급형(민감성)
3851,항상 쓰던 칫솔입니다.,20.08.25.,4,0,0,종류: 08 교정칫솔-슬림형
3852,잘 쓰고 있습니다. 감사합니다.,20.08.19.,5,0,0,종류: 01 성인이중슬림모(보편적인)
3853,좋아요 !! 잘 닦이는거같아용!!,20.08.20.,5,0,0,종류: 10 어금니-돔형
3854,재구매아직 사용 전 이지만,20.08.04.,5,재구매,0,종류: 01 성인이중슬림모(보편적인)
3855,한달사용기이중슬림모 사용해보니 개운하기도 하면서 부드럽고 일반적으로 무난하게 사용하기 좋네요,20.07.25.,5,0,한달사용기,종류: 01 성인이중슬림모(보편적인)
3856,재구매재주문했어요 잘쓸게요,20.08.21.,4,재구매,0,종류: 07 교정칫솔-일반형
3857,한달사용기잘 사용하고 있어요! 저는 교중중이라서 교정 칫솔 사용중이지만 가족들이랑 같이 사용하려고 구매했네여!,20.07.19.,4,0,한달사용기,종류: 15 미소덴탈 숯올슬림모(민감성)
3858,한달사용기잘 사용하고 있어요! 저는 교중중이라서 교정 칫솔 사용중이지만 가족들이랑 같이 사용하려고 구매했네여!,20.07.19.,4,0,한달사용기,종류: 01 성인이중슬림모(보편적인)
3859,한달사용기잘 사용하고 있어요! 저는 교중중이라서 교정 칫솔 사용중이지만 가족들이랑 같이 사용하려고 구매했네여!,20.07.19.,4,0,한달사용기,종류: 03 성인올슬림모-고급형(민감성)
3860,한번 써보고 좋아서 다시 구매합니다~ 어금니 안쪽이 잘 닦여서 좋아요,20.07.22.,5,0,0,종류: 09 어금니-일반형
3861,맘에들어요ㅡ 예전에 비슷한 제품 사용해봤는데 그때는 잇몸이 아팠는데 이건 괜찮네요.,20.07.23.,5,0,0,종류: 00 성인일반모(단단한)
3862,맘에들어요ㅡ 예전에 비슷한 제품 사용해봤는데 그때는 잇몸이 아팠는데 이건 괜찮네요.,20.07.23.,5,0,0,종류: 01 성인이중슬림모(보편적인)
3863,어금니용 너무너무 좋다고 합니다. 대박만족,20.08.17.,5,0,0,종류: 09 어금니-일반형
3864,그런데로 쓸만해요.,20.08.25.,4,0,0,종류: 07 교정칫솔-일반형
3865,"재구매배송빠르고 칫솔이 힘있어서 좋아요
대량구매해서 주위에도 나눠줬어요 ㅎㅎ",20.07.27.,5,재구매,0,종류: 02 성인올슬림모-일반형(민감성)
3866,아들이 교정하고 있어서 구매했습니다. 잘 사용할게요. 감사합니다.,20.08.11.,5,0,0,종류: 08 교정칫솔-슬림형
3867,한달사용기실용성 최고 입니다 강력 추천 드립니다~^&^,20.08.23.,5,0,한달사용기,종류: 07 교정칫솔-일반형
3868,한달사용기실용성 최고 입니다 강력 추천 드립니다~^&^,20.08.23.,5,0,한달사용기,종류: 08 교정칫솔-슬림형
3869,배송도 빠르고 상품도 맘에 들어요,20.08.22.,5,0,0,종류: 15 미소덴탈 숯올슬림모(민감성)
3870,배송도 빠르고 상품도 맘에 들어요,20.08.22.,5,0,0,종류: 12 해피덴-비타민이중슬림모(보편적인)
3871,배송도 빠르고 상품도 맘에 들어요,20.08.22.,5,0,0,종류: 16 광폭이중(보편적인)
3872,배송도 빠르고 상품도 맘에 들어요,20.08.22.,4,0,0,종류: 17 광폭올(민감성)
3873,배송도 빠르고 상품도 맘에 들어요,20.08.22.,4,0,0,종류: 5-1 너구리올슬림모(24개월-6세)
3874,배송도 빠르고 상품도 맘에 들어요,20.08.22.,5,0,0,종류: 01 성인이중슬림모(보편적인)
3875,"재구매구석구석 닦기에는 괜찮았다 
그치만 빨리 벌어지는것같다.칫솔모가",20.08.16.,3,재구매,0,종류: 10 어금니-돔형
3876,"여름이라 자주 바꿔줘야해서 주문했어요. 
부담없는 가격! 아이도 편해보여요",20.07.21.,5,0,0,종류: 05 어린이이중슬림모(7세-10세)
3877,아들이 교정중인데 잘 사용하고 있습니다.,20.08.19.,5,0,0,종류: 07 교정칫솔-일반형
3878,고양이 양치시키려고 샀어요! 다른 칫솔보다 구석구석 닦을 수 있고 사람도 쓰기 편해요!,20.07.20.,5,0,0,종류: 10 어금니-돔형
3879,빠른배송과 착한가격에  아이칫솔도 예쁘네요~,20.08.18.,5,0,0,종류: 01 성인이중슬림모(보편적인)
3880,어금니 칫솔 잘 닦이고 좋아요,20.08.01.,4,0,0,종류: 10 어금니-돔형
3881,치과에서 주는거랑 동일하고 넘 좋아요,20.07.29.,5,0,0,종류: 08 교정칫솔-슬림형
3882,재구매재구매한거에요. 치과칫솔이라 너무부드럽구잘닦여요,20.08.11.,5,재구매,0,종류: 01 성인이중슬림모(보편적인)
3883,부드러워요 교정 장치 사이사이 닦기 좋아요,20.08.15.,5,0,0,종류: 10 어금니-돔형
3884,배송빠르고 치아관리 잘 할 수 있을 것 가타영,20.07.28.,5,0,0,종류: 10 어금니-돔형
3885,부드러워서 잇몸에 좋아요,20.08.01.,4,0,0,종류: 03 성인올슬림모-고급형(민감성)
3886,전에 쓰던것보다 작아서 좋아요,20.07.30.,5,0,0,종류: 13 해피덴-비타민올슬림모(민감성)
3887,교환신청도 잘해주시고 일단 칫솔이 고급이예요,20.07.27.,5,0,0,종류: 00 초미세모(매우부드러운)
3888,한달사용기치과칫솔쓰다보면 일반칫솔은 못쓰겠더라구요. 교정해서 유지장치하고있는데 사용하기좋아요~,20.08.07.,5,0,한달사용기,종류: 01 성인이중슬림모(보편적인)
3889,"어금니칫솔은 처음 써봐요
사랑니 안쪽이나 이빨 사이사이가 잘 안닦이는 것 같아서 사서 해봤는데...와우
너무 잘 닦은건지 잇몸이 약해진건지 닦으니까 피가...스케일링 안해도 되겠더라구요
너무 자주하면 잇몸 상할 것 같고 일주나 이주에 한번씩하면 스케일링 안해도 될것 같습니다
담에 또 사러 올게용",20.07.23.,5,0,0,종류: 10 어금니-돔형
3890,"성인용 시키면서 같이 주문했어요
아이가 양치하더니 부드럽다해서 만족합니다",20.07.18.,4,0,0,종류: 05 어린이이중슬림모(7세-10세)
3891,한달사용기정말잘쓰고있습니다 사랑니 나기시작해서 구멍같이 생겼는데 거기 음식물이 잘꼈거든요 근데 이걸로 양치잘하고있어오ㅋㅋㅋ,20.08.03.,5,0,한달사용기,종류: 10 어금니-돔형
3892,상품도좋고 배송도빠르답니다,20.08.02.,5,0,0,종류: 05 어린이이중슬림모(7세-10세)
3893,상품도좋고 배송도빠르답니다,20.08.02.,5,0,0,종류: 03 성인올슬림모-고급형(민감성)
3894,재구매늘 쓰던거에요 좋아요,20.08.01.,5,재구매,0,종류: 08 교정칫솔-슬림형
3895,치과에서 받은 교정용 칫솔이랑 같은 것 같아요. 잘 닦이고 좋아요.,20.08.11.,5,0,0,종류: 08 교정칫솔-슬림형
3896,한달사용기전 이거 너무 좋아요 ㅠㅠ 다음번 구매할 때 10개씩 살꺼에요!!! 교정하신 분들한테 짱 추천...!!!!,20.07.19.,5,0,한달사용기,종류: 11 어금니-슬림형
3897,원래 써 왔던거라 만족합니다. 미세모고 부드럽게 닦여서 좋아요! 가격도 저렴하고 배송도 빨라요,20.07.17.,5,0,0,종류: 02 성인올슬림모-일반형(민감성)
3898,한달사용기치과칫솔쓰다보니 일반칫솔은 못쓰겠네요. 교정하고 유지장치중인데 사용편합니다.,20.08.07.,5,0,한달사용기,종류: 00 성인일반모(단단한)
3899,찾고있던건데 좋아요 근데 치과용 거울이 깨져서 왔어요 반품하기 번거로워서 그냥 두려고요...,20.08.07.,4,0,0,종류: 01 성인이중슬림모(보편적인)
3900,단단한모 찾았는데 딱 이제품이네요~~^^,20.07.30.,5,0,0,종류: 00 성인일반모(단단한)
3901,"처음으로 어금니칫솔 구매해봅니다..
사은품으로 혀클리너 그만 주셨으면 해요
사용하지 않아 쌓여갑니다~~~",20.07.21.,4,0,0,종류: 01 성인이중슬림모(보편적인)
3902,가격도 좋고 배송도 빨라 만족해요! 늘 썼던거고 미세모라 부드럽게 구석까지 달 닦여요^^ 최고,20.07.17.,5,0,0,종류: 03 성인올슬림모-고급형(민감성)
3903,아직 쓰진 않았지만 지인 추천으로 샀어요 저렴하네요! 저희집 고양이한테 쓰려고 샀습니다ㅎㅎ,20.07.17.,4,0,0,종류: 10 어금니-돔형
3904,한달사용기완전 만족하면서 시용하고 있어요! 여기서 또 구매할꺼예요.다쓰면!,20.07.19.,5,0,한달사용기,종류: 08 교정칫솔-슬림형
3905,"기존  칫솔모가 긴것을 사용하다 이번에 바꿔봤어요.
칫솔모가 작은편이라 어금니 안쪽까지 잘 닦여지네요.
배송도 빠릅니다",20.07.13.,4,0,0,종류: 01 성인이중슬림모(보편적인)
3906,부드럽게 잘 닦여요,20.08.01.,4,0,0,종류: 01 성인이중슬림모(보편적인)
3907,배송 빨라요!! 편하고 좋네요,20.07.28.,5,0,0,종류: 01 성인이중슬림모(보편적인)
3908,아직 안써봤는데 하나하나 캡있는건좋네요,20.08.16.,5,0,0,종류: 15 미소덴탈 숯올슬림모(민감성)
3909,병원보다 훨씬 싸고 좋네요~~,20.07.31.,5,0,0,종류: 08 교정칫솔-슬림형
3910,첫구매 . 비교적 만족 합니다.  추천,20.08.14.,4,0,0,종류: 10 어금니-돔형
3911,"칫솔이 생각보다 좋네요. 시중에 나오는 제품들은 이런저런 모앙으로 기능이 있다고는 
하는데 이건 기본에 충실한 칫솔같습니다.
잘 닦이네요",20.07.12.,5,0,0,종류: 01 성인이중슬림모(보편적인)
3912,재구매좋아서 재구매 합니다,20.08.20.,4,재구매,0,종류: 06 유아올슬림모(13개월-36개월)
3913,재구매좋아서 재구매합니다,20.08.20.,4,재구매,0,종류: 03 성인올슬림모-고급형(민감성)
3914,재구매좋아서 재구매합니다,20.08.20.,4,재구매,0,종류: 04 어린이올슬림모(24개월-6세)
3915,재구매좋아서 재구매합니다,20.08.20.,4,재구매,0,종류: 00 성인일반모(단단한)
3916,칫솔 모가 부드럽고 좋아요. 헤드가 작지는 않아서 다음엔 다른거 사려고요.,20.07.18.,5,0,0,종류: 01 성인이중슬림모(보편적인)
3917,쓰던거예요부담없이좋아요,20.07.29.,5,0,0,종류: 05 어린이이중슬림모(7세-10세)
3918,그럭저럭 쓸만합니다,20.08.20.,4,0,0,종류: 01 성인이중슬림모(보편적인)
3919,고양이 양치시키려고 샀어요! 모가 작고 탄력이 있어서 양치시키기 편해요!,20.07.20.,5,0,0,종류: 09 어금니-일반형
3920,한달사용기잇몸약한분들은 쓰기 좀 그렇지만 가끔 개운하게 쓰기 좋아요,20.07.25.,5,0,한달사용기,종류: 00 성인일반모(단단한)
3921,슬림해서 좋네요 근데 강아지 칫솔은 모가 너무 작아서 그냥 그래요,20.07.19.,5,0,0,종류: 07 교정칫솔-일반형
3922,한달사용기좋아요~^^ 아들이 잘 사용하고 있습니다~^^,20.08.14.,5,0,한달사용기,종류: 08 교정칫솔-슬림형
3923,재구매좋아요좋아요좋아조아,20.09.11.,4,재구매,0,종류: 11 어금니-슬림형
3924,사용해 보고 한달후기 남길께요.,20.07.28.,5,0,0,종류: 00 초미세모(매우부드러운)
3925,사용해 보고 한달후기 남길께요.,20.07.28.,5,0,0,종류: 10 어금니-돔형
3926,사용해 보고 한달후기 남길께요.,20.07.28.,5,0,0,종류: 02 성인올슬림모-일반형(민감성)
3927,재구매좋아요좋아요조아요조아,20.09.11.,4,재구매,0,종류: 11 어금니-슬림형
3928,재구매좋아요좋아요좋아요조아,20.09.11.,4,재구매,0,종류: 03 성인올슬림모-고급형(민감성)
3929,한달사용기남편이  원하던게 아니라네요 사용 안하고 있어서 아까워요,20.08.09.,1,0,한달사용기,종류: 00 성인일반모(단단한)
3930,"잘받았어요.
항상쓰던제품이라 배송두빠르고좋아요",20.08.10.,5,0,0,종류: 02 성인올슬림모-일반형(민감성)
3931,배송은조금 느리지만 상품은 좋습니다 깨끗하게양치가됩니다 부드럽네요,20.07.22.,4,0,0,종류: 08 교정칫솔-슬림형
3932,"상품좋습니다 양치질도 깨끗하게 잘 됩니다 
배송은 조금 느리네요",20.07.22.,4,0,0,종류: 07 교정칫솔-일반형
3933,재구매재구매한거에요 잘닦이고좋아요,20.08.11.,5,재구매,0,종류: 03 성인올슬림모-고급형(민감성)
3934,머리가 작아서 구석구석 잘 닦이네요. 좀 더 작았으면 좋겠네요. 한국 치솔 머리가 대개 커서 좀 더 사이즈가 다양했으면 합니다.,20.07.14.,5,0,0,종류: 00 초미세모(매우부드러운)
3935,재구매부드럽고 잘 닦여요~^^,20.08.21.,5,재구매,0,종류: 10 어금니-돔형
3936,재구매부드럽고 잘 닦여요~^^,20.08.21.,5,재구매,0,종류: 01 성인이중슬림모(보편적인)
3937,잘받았습니다! 감사합니당,20.08.18.,5,0,0,종류: 13 해피덴-비타민올슬림모(민감성)
3938,좋아요~~좋아요~~,20.08.23.,5,0,0,종류: 01 성인이중슬림모(보편적인)
3939,지인추천으로 샀습니다! 깔끔하게 포장되어서 왔네요~~ 잘쓰겠습니다^^,20.07.17.,4,0,0,종류: 09 어금니-일반형
3940,부드러워서 좋네요!,20.07.30.,5,0,0,종류: 08 교정칫솔-슬림형
3941,"한달사용기교정도 어느 덧 2년이 되가네요
꾸준히 잘 사용하고 있습니다^^",20.08.07.,5,0,한달사용기,종류: 07 교정칫솔-일반형
3942,한달사용기만족만족입니당~!!,20.09.10.,5,0,한달사용기,종류: 00 초미세모(매우부드러운)
3943,한달사용기만족만족입니당~!!,20.09.10.,5,0,한달사용기,종류: 09 어금니-일반형
3944,한달사용기만족만족입니당~!!,20.09.10.,5,0,한달사용기,종류: 10 어금니-돔형
3945,한달사용기만족만족입니당~!!,20.09.10.,5,0,한달사용기,종류: 11 어금니-슬림형
3946,"아이가 교정중이라서 골고루 구입했습니다.
잘 사용하고 있어요.
저렴한 가격으로 판매해주셔서 감사합니다^^",20.07.31.,5,0,0,종류: 08 교정칫솔-슬림형
3947,"재구매저흰 몇년째 이 칫솔만 사용중이에요.
모가 부드러우니 딱 좋아요",20.08.05.,5,재구매,0,종류: 05 어린이이중슬림모(7세-10세)
3948,"아이칫솔 처음써보네요,,,,",20.08.19.,4,0,0,종류: 03 성인올슬림모-고급형(민감성)
3949,부드러운데도 꽤 잘 닦입니다. 괜찮네요. 머리가 조금만 더 작았으면 좀 더 좋을 뻔 했습니다.,20.07.14.,5,0,0,종류: 03 성인올슬림모-고급형(민감성)
3950,머리가 좀 더 작았으면 더 좋을 것 같습니다. 치솔모는 부드러우면서 잘 닦여 마음에 듭니다.,20.07.14.,5,0,0,종류: 04 어린이올슬림모(24개월-6세)
3951,아직 사용전이지만 기대됩니다,20.07.26.,4,0,0,종류: 03 성인올슬림모-고급형(민감성)
3952,좋아요 좋아싸고좋아요,20.08.20.,3,0,0,종류: 10 어금니-돔형
3953,좋아요 좋아 싸고좋아요,20.08.20.,3,0,0,종류: 11 어금니-슬림형
3954,배송도 빠르고 양치도 잘되서 좋아요,20.08.16.,4,0,0,종류: 02 성인올슬림모-일반형(민감성)
3955,배송도 빠르고 양치도 잘되서 좋아요,20.08.16.,5,0,0,종류: 01 성인이중슬림모(보편적인)
3956,만족 합니다.  첫 구매라 일단 써봐야 알듯,20.08.14.,4,0,0,종류: 09 어금니-일반형
3957,항상쓰는칫솔이예용좋아요,20.07.26.,5,0,0,종류: 01 성인이중슬림모(보편적인)
3958,한달사용기잘못 샀나봐요 남편이 원하는 스탈 아니라네요~,20.08.09.,1,0,한달사용기,종류: 11 어금니-슬림형
3959,아이가 괜찮다고 합니다. 머리도 작아서 구석구석 닦을 수 있고 손잡이 부분도 편하다고 합니다.,20.07.14.,5,0,0,종류: 06 유아올슬림모(13개월-36개월)
3960,"재구매써보세요.
써보심 이 칫솔만 찾을꺼에요.
저희도 몇년째 이 칫솔만 사용중이랍니다",20.08.05.,5,재구매,0,종류: 01 성인이중슬림모(보편적인)
3961,"재구매만족합니다
재구매 3번째!!!",20.07.29.,5,재구매,0,종류: 01 성인이중슬림모(보편적인)
3962,"재구매항상 재구매하는 제품입니다.
가성비 짱입니다",20.07.25.,5,재구매,0,종류: 10 어금니-돔형
3963,한달사용기교정한 후부터 계속 사용중인데 부드럽고 자극없어서 좋습니다.,20.08.10.,5,0,한달사용기,종류: 08 교정칫솔-슬림형
3964,빠른배송 감사합니다. 미세모는 너무 부드러워요. 민감한 분만 선택하세요.,20.08.03.,5,0,0,종류: 03 성인올슬림모-고급형(민감성)
3965,배송도 빠르고 가격도 저렴하고 아주 좋습니다.,20.08.14.,5,0,0,종류: 01 성인이중슬림모(보편적인)
3966,"한달사용기재구매칫솔도 꽤 비싼 요즘, 품질좋은 상품 이 가격에 사용할 수 있으니 너무 만족합니다. 이 제품 알고난 후로는 고민없이 정착했습니다.",20.07.08.,5,재구매,한달사용기,종류: 15 미소덴탈 숯올슬림모(민감성)
3967,재구매양치할때 이도 안아프고..상당히 부드러워요^^,20.08.08.,4,재구매,0,종류: 03 성인올슬림모-고급형(민감성)
3968,한달사용기재구매가족 모두가 잘 사용하고 있어요~   벌써 3번째 구매랍니다 ㅎㅎ,20.08.06.,5,재구매,한달사용기,종류: 15 미소덴탈 숯올슬림모(민감성)
3969,조금 뻣뻣한감이 있네요ㅜㅜ,20.07.27.,5,0,0,종류: 00 성인일반모(단단한)
3970,대량구매는 역시 온라인이 좋아요,20.07.24.,5,0,0,종류: 10 어금니-돔형
3971,가격도 괜찮고 양치도 잘되네요,20.08.16.,4,0,0,종류: 05 어린이이중슬림모(7세-10세)
3972,베송 잘 받았어여!,20.08.18.,5,0,0,종류: 03 성인올슬림모-고급형(민감성)
3973,한달사용기프라그 제거 안되요 잇몸 아픕니다,20.08.09.,2,0,한달사용기,종류: 00 초미세모(매우부드러운)
3974,좋아요! 양치할때 힘주어 닦아도 모에 힘이 있어서 쉽게 안벌어지네요,20.08.04.,5,0,0,종류: 10 어금니-돔형
3975,한달사용기저렴하고 튼튼합니다,20.08.17.,5,0,한달사용기,종류: 03 성인올슬림모-고급형(민감성)
3976,한달사용기구석에 사용하기좋아요,20.07.26.,5,0,한달사용기,종류: 10 어금니-돔형
3977,세번째 구매해요. 좋아요. 배송빠르구요,20.07.21.,4,0,0,종류: 03 성인올슬림모-고급형(민감성)
3978,"3가지 시켰는데 먼저 이중슬림모 쓰는데
깨끗하게 닦이는 느낌이라 만족해요",20.07.18.,4,0,0,종류: 00 성인일반모(단단한)
3979,"3가지 시켰는데 먼저 이중슬림모 쓰는데
깨끗하게 닦이는 느낌이라 만족해요",20.07.18.,4,0,0,종류: 01 성인이중슬림모(보편적인)
3980,"3가지 시켰는데 먼저 이중슬림모 쓰는데
깨끗하게 닦이는 느낌이라 만족해요",20.07.18.,4,0,0,종류: 03 성인올슬림모-고급형(민감성)
3981,혀닦개 사은품이 마음에 듭니다,20.07.24.,5,0,0,종류: 10 어금니-돔형
3982,한달사용기재구매부드럽고 좋아요~ㅎ,20.07.29.,5,재구매,한달사용기,종류: 00 초미세모(매우부드러운)
3983,한달사용기교정하고있는 아들이 잘 사용하고 있어요~,20.08.14.,5,0,한달사용기,종류: 10 어금니-돔형
3984,항상 쓰는 제품 너무 좋아요!!,20.07.26.,5,0,0,종류: 07 교정칫솔-일반형
3985,현재까지 어금니 칫솔과 성인 일반모만 써봤지만 괜찮은 것 같아요~^^,20.08.08.,4,0,0,종류: 10 어금니-돔형
3986,재구매가성비가 좋은 제품입니다,20.07.25.,5,재구매,0,종류: 09 어금니-일반형
3987,"저렴한 가격에 잘 샀어요
교정중인데 좋에요 ㅎㅎ",20.07.23.,5,0,0,종류: 09 어금니-일반형
3988,교정해서 한번 써보려고 샀는데 개운해요,20.08.12.,5,0,0,종류: 09 어금니-일반형
3989,가성비 좋을꺼 같아 구매햇습니다,20.08.13.,4,0,0,종류: 05 어린이이중슬림모(7세-10세)
3990,"어금니 칫솔 처음 쓰는데
한달후기 남겨볼게요",20.07.21.,4,0,0,종류: 10 어금니-돔형
3991,한달사용기30개월 아이가 쓰기 부드럽고 좋아요~,20.07.25.,5,0,한달사용기,종류: 04 어린이올슬림모(24개월-6세)
3992,가격도 너무착하고 포장도 깔끔하고 칫솔모가 너무 억세지않아서 좋습니다!,20.07.19.,5,0,0,종류: 07 교정칫솔-일반형
3993,배송이 빠르네요~~,20.07.28.,4,0,0,종류: 07 교정칫솔-일반형
3994,교정인에게 필수템이죠,20.07.25.,5,0,0,종류: 08 교정칫솔-슬림형
3995,아직 사용은 안했는데 후기가 칭찬일색이라 기대가 되네요,20.08.09.,4,0,0,종류: 04 어린이올슬림모(24개월-6세)
3996,한달사용기재구매잇몸 아프네요 써보니 크기가 커서 앞니 어금니 잘 안닦여요,20.08.09.,3,재구매,한달사용기,종류: 12 해피덴-비타민이중슬림모(보편적인)
3997,치과추천이라니 좋을꺼 같아요 ㅎ,20.08.13.,4,0,0,종류: 01 성인이중슬림모(보편적인)
3998,"배송 빨라요.
항상 7년차 사용하는 제품
여기가 젤 저렴 했어요",20.08.04.,5,0,0,종류: 03 성인올슬림모-고급형(민감성)
3999,배송빠르고 제품도 맘에듭니다,20.08.12.,5,0,0,종류: 03 성인올슬림모-고급형(민감성)
4000,"한달사용기집에 아이들이 아빠 고맙습니다 
하더니 학교에 가져가 잘용중  이라고 자랑도 하고 단네요",20.08.05.,5,0,한달사용기,종류: 05 어린이이중슬림모(7세-10세)
4001,4개 시켰는데 다 다른색상으로 보내주셔서 좋았어요. 초미세모칫솔답게 칫솔모가 굉장히 부드러워요! 칫솔 보호용으로 꼽는 캡도 같이 들어있어서 좋았습니다,20.07.04.,5,0,0,종류: 00 초미세모(매우부드러운)
4002,배송은 느렸지만 만족해요,20.07.24.,5,0,0,종류: 00 성인일반모(단단한)
4003,배송은 느렸지만 만족해요,20.07.24.,5,0,0,종류: 03 성인올슬림모-고급형(민감성)
4004,배송은 느렸지만 만족해여,20.07.24.,5,0,0,종류: 5-1 너구리올슬림모(24개월-6세)
4005,아직 사용 전인데 후기가 워낙 좋아서 기대중이에요,20.08.09.,4,0,0,종류: 5-1 너구리올슬림모(24개월-6세)
4006,배송 빠르고 좋은 가격에 잘샀어요,20.07.22.,5,0,0,종류: 11 어금니-슬림형
4007,재구매합니다 칫솔질할때마다 피가 잘나는편인데 이거로 바꾸고 잘안나요  구석구석 잘닦이는거 같아요,20.07.08.,5,0,0,종류: 01 성인이중슬림모(보편적인)
4008,잘 받았어요~^^ 좋네요~^^,20.07.26.,5,0,0,종류: 10 어금니-돔형
4009,"저렴하고 품질도 좋아요
다쓰면 재구매 예정",20.07.21.,5,0,0,종류: 02 성인올슬림모-일반형(민감성)
4010,애들이 교정중이라 항상 쓰던 칫솔이예요~ 요기가 젤저렴하고 배송도 아주 빨라요~~~,20.07.10.,5,0,0,종류: 07 교정칫솔-일반형
4011,"어금니 칫솔 처음 써보는데, 사랑니 쪽이 아파올때 사용해서 닦아주면 염증이 바로 가라앉는 느낌이에요. 뽑지 않고 관리하고 있는데 앞으로도 잘 사용할것 같습니다.",20.07.23.,5,0,0,종류: 09 어금니-일반형
4012,"빠른 배송 감사합니다 
제품 좋아요.",20.08.12.,5,0,0,종류: 00 성인일반모(단단한)
4013,그립감좋고 구석구석 잘닦여거 좋아요,20.07.21.,5,0,0,종류: 01 성인이중슬림모(보편적인)
4014,그립감좋고 구석구석 잘닦여거 좋아요,20.07.21.,5,0,0,종류: 09 어금니-일반형
4015,그립감좋고 구석구석 잘닦여거 좋아요,20.07.21.,5,0,0,종류: 12 해피덴-비타민이중슬림모(보편적인)
4016,좋아요~~~~~~ 가격도 좋고.,20.08.13.,4,0,0,종류: 08 교정칫솔-슬림형
4017,치과에서 매번 사서 쓰다가 첨으로 구매해봤어요 사용후기가 좋아서 기대중이에요,20.07.14.,5,0,0,종류: 07 교정칫솔-일반형
4018,배송 빠르고 좋은가격에 잘 샀어요!!,20.07.22.,5,0,0,종류: 09 어금니-일반형
4019,좋아서 늘 쓰는거에요~,20.07.25.,5,0,0,종류: 09 어금니-일반형
4020,한달사용기남편이 원하던게 아니라고 해서 사용 못해서 아까워요,20.08.09.,1,0,한달사용기,종류: 09 어금니-일반형
4021,한달사용기늘 즐겨 사용하는 제품입니다. 부드럽고 좋습니다.,20.08.04.,5,0,한달사용기,종류: 5-2 너구리이중슬림모(7세-10세)
4022,구석까지 잘닦이고 좋아요.,20.08.13.,5,0,0,종류: 10 어금니-돔형
4023,재구매3번째 구매.저희아들 교정땜에 사는데 괜찮네요~^^,20.08.05.,5,재구매,0,종류: 07 교정칫솔-일반형
4024,완전 완전 구웃~ 재구매 할께요~,20.08.15.,5,0,0,종류: 09 어금니-일반형
4025,"한달사용기교정이 언제 끝날 진 모르지만 
덕분에 잘 사용하고 있습니다 ^^",20.08.07.,5,0,한달사용기,종류: 08 교정칫솔-슬림형
4026,교정중이라 잘 쓰고있습니다,20.08.12.,5,0,0,종류: 07 교정칫솔-일반형
4027,"리뷰 보고 어금니 칫솔은 처음 구매해봤는데, 좀 귀찮아서 그렇지 뭔가 더 깨끗하게 양치가 되는 것 같은 느낌적인 느낌??ㅋㅋ",20.07.31.,4,0,0,종류: 11 어금니-슬림형
4028,가성비 좋을꺼 같아요,20.08.13.,4,0,0,종류: 00 초미세모(매우부드러운)
4029,그립김좋고 힘도 집중되서 좋네여,20.07.21.,5,0,0,종류: 10 어금니-돔형
4030,부드럽고 잘 닦여요~,20.07.25.,5,0,0,종류: 03 성인올슬림모-고급형(민감성)
4031,치석이 싹 업어집니다 ^^,20.08.14.,5,0,0,종류: 03 성인올슬림모-고급형(민감성)
4032,한달사용기재구매ㅠ골드인가? 이거 너무 좋아요.. 부드럽지만 강한 느낌,20.08.03.,5,재구매,한달사용기,종류: 05 어린이이중슬림모(7세-10세)
4033,한달사용기양치 잘되어요 좋습니다,20.08.12.,4,0,한달사용기,종류: 10 어금니-돔형
4034,좋은제품 저렴한 가격에 잘 구매했어요,20.08.09.,4,0,0,종류: 06 유아올슬림모(13개월-36개월)
4035,"저렴하지만 좋은 제품인것 같습니다.
만족스럽네요",20.07.18.,5,0,0,종류: 00 성인일반모(단단한)
4036,온가족이아주잘쓰고있어요좋아요,20.07.21.,4,0,0,종류: 03 성인올슬림모-고급형(민감성)
4037,빠른 배송 저렴한 가격에 품질까지 만족합니다^^,20.08.08.,4,0,0,종류: 05 어린이이중슬림모(7세-10세)
4038,빠른 배송 저렴한 가격에 품질까지 만족합니다^^,20.08.08.,4,0,0,종류: 02 성인올슬림모-일반형(민감성)
4039,빠른 배송 저렴한 가격에 품질까지 만족합니다^^,20.08.08.,4,0,0,종류: 01 성인이중슬림모(보편적인)
4040,빠른 배송 저렴한 가격에 품질까지 만족합니다^^,20.08.08.,4,0,0,종류: 00 성인일반모(단단한)
4041,"교정 한 지 2년 가까이 되가서 주기적으로 주문하고 있어요~~~
좋아요^^",20.06.22.,5,0,0,종류: 07 교정칫솔-일반형
4042,배송도 빠르고 혀클리너도 잘 받았습니다 야옹이 것과 가족들 것 함께 시켰는데 모가 단단하네 좋은 것 같아요 다 쓰고 또 시킬게요^^,20.06.27.,5,0,0,종류: 11 어금니-슬림형
4043,재구매늘 여기서 주문해요ㅎ 이번엔 첨으로 너구리사봤는데 아이가 좋아하네요,20.07.10.,5,재구매,0,종류: 5-1 너구리올슬림모(24개월-6세)
4044,배송이 조금 느렸지만 혀클리너랑 교정용칫솔 사은품으로 주셨습니다. 처음 이용해본 곳인데 한번 사용해보고 정착해야겠어요,20.07.08.,4,0,0,종류: 11 어금니-슬림형
4045,"칫솔뫄 부드럽지만 깔끔하게
닦여요
치과에서 비싸게 사지 마세요",20.07.31.,4,0,0,종류: 02 성인올슬림모-일반형(민감성)
4046,"한달사용기꾸준히 사용하는 제품 이에요
구석구석 잘 닦이니깐 좋아요^^",20.08.07.,5,0,한달사용기,종류: 09 어금니-일반형
4047,"울 냥이들 치카치카 시키려고 샀어요 ㅎㅎ 
언제나처럼 좋네요~!",20.08.03.,5,0,0,종류: 10 어금니-돔형
4048,"울 냥이들 치카치카 시키려고 샀어요 ㅎㅎ 
언제나처럼 좋네요~!",20.08.03.,5,0,0,종류: 11 어금니-슬림형
4049,온가족이잘쓰고있어요,20.07.21.,4,0,0,종류: 01 성인이중슬림모(보편적인)
4050,"적당한 것을 찾아보려고 골고루 구입했는데요.
배송도 빠르고 깔끔하고 정성껏 포장되어 있네요.
친구랑 나눠쓰기위해 선물해야 겠어요.
사용해보고 더에게 맞는 제품 찾아서 또 주문하러 올게요.  감사합니다.",20.07.16.,5,0,0,종류: 09 어금니-일반형
4051,"치아 발치해서 칫솔이 닿이지않는 안쪽치아 닦으려고 샀는데
확실히 도움되네요",20.08.03.,5,0,0,종류: 11 어금니-슬림형
4052,"아이가 교정해서 칫솔 구매햇어요 
모가 튼튼하고 질도 좋으네요 
가격도 싸고 맘에 들어요 
재구매할께요",20.07.07.,5,0,0,종류: 10 어금니-돔형
4053,만족스러워요~~~~,20.08.16.,5,0,0,종류: 14 미소덴탈 금올슬림모(민감성)
4054,재구매부드럽고 잘딱이네요^^,20.08.12.,5,재구매,0,종류: 01 성인이중슬림모(보편적인)
4055,"지인한테 받아서 써보고 구매했어요
칫솔모도 단단하고 부드러워서 좋아요",20.07.09.,5,0,0,종류: 01 성인이중슬림모(보편적인)
4056,"지인한테 받아서 써보고 구매했어요
칫솔모도 단단하고 부드러워서 좋아요",20.07.09.,5,0,0,종류: 00 성인일반모(단단한)
4057,한달사용기뻣뻣한편이에요~~  미세모샀는데 마니 뻣뻣함,20.08.03.,3,0,한달사용기,종류: 08 교정칫솔-슬림형
4058,교정중인데 칫솔 잘닦이구 좋아요^^,20.08.09.,5,0,0,종류: 10 어금니-돔형
4059,한달사용기밀도가 높아 잘 닦여요!!,20.08.12.,5,0,한달사용기,종류: 01 성인이중슬림모(보편적인)
4060,"재구매잇몸이 약해서 반신반의하며 구매했는데,
일단 배송 정말 빠르고
잇몸도 안아프고 정말부드럽게 잘닦여요!",20.06.27.,5,재구매,0,종류: 00 초미세모(매우부드러운)
4061,한달사용기재구매아이들이 쓰기 무난하네요~,20.08.10.,4,재구매,한달사용기,종류: 04 어린이올슬림모(24개월-6세)
4062,한달사용기칫솔질할때 잇몸에 상처가 안나서 좋아요.그리고 잘닦여용!!사은품 치간칫솔같은걸 줬으면 더 좋을거 같아요 저희집은 혀클리너 안써욤ㅜ,20.06.30.,5,0,한달사용기,종류: 03 성인올슬림모-고급형(민감성)
4063,한달사용기부드러워서 좋아요...,20.08.13.,4,0,한달사용기,종류: 08 교정칫솔-슬림형
4064,"리뷰 보고 추천 받아서 샀는데, 여태 써 본 칫솔들 중에선 가성비 상위권이라 생각합니다!",20.07.31.,4,0,0,종류: 08 교정칫솔-슬림형
4065,빠른배송 안전한 포장 굿,20.07.20.,5,0,0,종류: 10 어금니-돔형
4066,한달사용기솔이 좀 더 부드러우면 좋겠습니다. 가성비는 좋아요,20.07.31.,4,0,한달사용기,종류: 00 성인일반모(단단한)
4067,한달사용기부드러워서 좋아요....,20.08.13.,4,0,한달사용기,종류: 10 어금니-돔형
4068,한달사용기부드러워서 좋아요....,20.08.13.,4,0,한달사용기,종류: 07 교정칫솔-일반형
4069,너무 좋아요 배송도 빠르고,20.07.14.,5,0,0,종류: 11 어금니-슬림형
4070,잇몸에 무리가는거같아서 부드러운모 구매해봤어요,20.07.14.,5,0,0,종류: 02 성인올슬림모-일반형(민감성)
4071,만족합니다. 부드럽게 잘 닦입니다,20.07.13.,5,0,0,종류: 01 성인이중슬림모(보편적인)
4072,항상 잘 쓰고 있어요.,20.08.11.,5,0,0,종류: 03 성인올슬림모-고급형(민감성)
4073,항상 잘 쓰고 있어요.,20.08.11.,5,0,0,종류: 00 성인일반모(단단한)
4074,항상 잘 쓰고 있어요.,20.08.11.,5,0,0,종류: 01 성인이중슬림모(보편적인)
4075,교정용칫솔 너무 억세서 부드러운거찾았는데 좋네요,20.07.14.,5,0,0,종류: 08 교정칫솔-슬림형
4076,싸게 잘 산 것 같아요 모도 부드럽고 치간 칫솔도 평소에 쓰던거랑 사이즈도 같아서 잘 고른 것 같네여,20.07.25.,5,0,0,종류: 08 교정칫솔-슬림형
4077,빠른배송 안전포장 굿,20.07.20.,5,0,0,종류: 5-2 너구리이중슬림모(7세-10세)
4078,빠른배송 안전포장 굿,20.07.20.,5,0,0,종류: 11 어금니-슬림형
4079,빠른배송 안전포장 굿,20.07.20.,5,0,0,종류: 09 어금니-일반형
4080,한달사용기항상 잘쓰고있습니다,20.08.10.,5,0,한달사용기,종류: 01 성인이중슬림모(보편적인)
4081,남편이 잇몸이 안좋아서 부드러운 칫솔 찾고있다가 언니네가 사용중인 칫솔보고 구매 했어요.. 사용은 미리 해봐서 부드럽고 좋네요 가격도 적당하구요^^,20.06.30.,5,0,0,종류: 03 성인올슬림모-고급형(민감성)
4082,매번쓰던거예요 좋고 배송빨라요,20.08.06.,5,0,0,종류: 03 성인올슬림모-고급형(민감성)
4083,"중앙 밑에치야사이에 치석이 쌓여서 잇몸이 
살짝 주저않아있다고해야하나? 구멍이 나있었었는데 
이칫솔로 사용하고나서 잇몸이 정상적으로 돌아왔어요
사용해보고도 신기하네요
이정도로 잘닦이는 칫솔은 못본거같아요 
살짝힘줘서 닦으면 잇몸이 아플정도로 잘닦여이네요
현재까지는 인생칫솔찾은거같아요 단종안돼고 계속팔았으면 좋겠네요",20.07.09.,5,0,0,종류: 00 성인일반모(단단한)
4084,안녕하세요. 잘받았습니다. 배송도 좋았고 상품도좋습니다. 잘받았습니다. 구매하시면좋을거같아여. 추천합니다. 감사합니다. 번창하세요.,20.07.23.,5,0,0,종류: 03 성인올슬림모-고급형(민감성)
4085,"잇몸약하신 분들은 슬림형 쓰셔야될 것 같아요 
어금니 돔형도 강도가 세네요 잇몸사이사이 닦았더니 피봤습니다.ㅎ",20.07.23.,5,0,0,종류: 11 어금니-슬림형
4086,고양이 양치시키기에도 딱이에요!,20.08.07.,5,0,0,종류: 10 어금니-돔형
4087,엄청 부드러워서 자극없이 양치할 수 있어서 좋아요,20.08.03.,5,0,0,종류: 00 초미세모(매우부드러운)
4088,교정중이라 구매해써요 잘닦이고 부드러워서 좋아요,20.07.30.,5,0,0,종류: 07 교정칫솔-일반형
4089,교정중이라 구매해써요 잘닦이고 부드러워서 좋아요,20.07.30.,5,0,0,종류: 08 교정칫솔-슬림형
4090,"재구매재구매하고있어요
다른것보다 모가 금방 헤지지않아서 좋아요",20.08.02.,5,재구매,0,종류: 01 성인이중슬림모(보편적인)
4091,배송빠르고 잘받았습니다,20.08.07.,5,0,0,종류: 01 성인이중슬림모(보편적인)
4092,배송빠르고 잘받았습니다,20.08.07.,5,0,0,종류: 02 성인올슬림모-일반형(민감성)
4093,배송빠르고 잘받았습니다,20.08.07.,5,0,0,종류: 03 성인올슬림모-고급형(민감성)
4094,배송빠르고 잘받았습니다,20.08.07.,5,0,0,종류: 07 교정칫솔-일반형
4095,배송빠르고 잘받았습니다,20.08.07.,5,0,0,종류: 08 교정칫솔-슬림형
4096,배송빠르고 잘받았습니다,20.08.07.,5,0,0,종류: 09 어금니-일반형
4097,크기가 좀 작으나 잘닦이고 부드러워 좋아요,20.07.14.,4,0,0,종류: 02 성인올슬림모-일반형(민감성)
4098,한달사용기작은 사이즈 찾고 있었는데 잘 사용하고 있습니다,20.08.03.,5,0,한달사용기,종류: 05 어린이이중슬림모(7세-10세)
4099,재구매항상 사용하는 칫솔 좋아요,20.07.17.,5,재구매,0,종류: 15 미소덴탈 숯올슬림모(민감성)
4100,재구매항상 사용하는 칫솔 좋아요,20.07.17.,5,재구매,0,종류: 11 어금니-슬림형
4101,재구매항상 사용하는 칫솔 좋아요,20.07.17.,5,재구매,0,종류: 08 교정칫솔-슬림형
4102,재구매항상  사용하는 칫솔 좋아요,20.07.17.,5,재구매,0,종류: 02 성인올슬림모-일반형(민감성)
4103,일반형은 돔형보다 뾰족해서 사이사이 닦기좋아요,20.07.14.,5,0,0,종류: 09 어금니-일반형
4104,교정중이라 칫솔이랑 어금니칫솔샀어여,20.07.16.,5,0,0,종류: 08 교정칫솔-슬림형
4105,교정중이라 칫솔이랑 어금니칫솔샀어여,20.07.16.,5,0,0,종류: 10 어금니-돔형
4106,한달사용기솔이 좀 뻣뻣하지만 가성비는 좋습니다,20.08.05.,4,0,한달사용기,종류: 07 교정칫솔-일반형
4107,찾고있던건데 쓸만해요 좋아요,20.08.07.,5,0,0,종류: 08 교정칫솔-슬림형
4108,찾고있던건데 쓸만해요 좋아요,20.08.07.,5,0,0,종류: 07 교정칫솔-일반형
4109,배송빠고 잘 받았습니다,20.08.07.,5,0,0,종류: 11 어금니-슬림형
4110,"처음 사용해보느라 종류펼로 구입했어요.
사은품 챙겨주시고 배송도 빠르고 포장도 꼼꼼하게 
 잘해주셔서 받아보고 기분좋아졌어요.
잘 사용해보고 또 구매하러 올게요.
감사합니다!!!",20.07.16.,5,0,0,종류: 12 해피덴-비타민이중슬림모(보편적인)
4111,8살 남자아이들이 사용하려고 샀어요.. 저희아이들이 양치질을 험하게 하는건지 금방 벌어지고 칫솔모가 뜯기더라구요.. 칫솔모는 부드럽고 좋아요..,20.06.30.,3,0,0,종류: 05 어린이이중슬림모(7세-10세)
4112,성인이중슬림모보다 조금 길고 얇아요. 큰 차이는 없는데 다음에는 걍 성인이중일반모를 구입할래요,20.07.23.,4,0,0,종류: 12 해피덴-비타민이중슬림모(보편적인)
4113,"급해서 산건데 칫솔모가 너무 잘 빠져요... 
양치 한 번 했는데 교정기에 칫솔모 끼고 3개 정도 빠지고 ㅜ 칫솔도 작아서 아쉽네요ㅜ",20.06.29.,1,0,0,종류: 08 교정칫솔-슬림형
4114,재구매배송빠르고 재구매하는집,20.08.06.,5,재구매,0,종류: 01 성인이중슬림모(보편적인)
4115,재구매배송빠르고 재구매하는집,20.08.06.,5,재구매,0,종류: 09 어금니-일반형
4116,처음 사용해봤는데 칫솔모가 좋아요!,20.08.05.,4,0,0,종류: 03 성인올슬림모-고급형(민감성)
4117,한달사용기좋아요  치과칫솔이라 더 믿음이 가요 ~~~,20.07.31.,4,0,한달사용기,종류: 01 성인이중슬림모(보편적인)
4118,항상쓰던거에요. 구석구석 잘 닦입니다,20.07.09.,5,0,0,종류: 09 어금니-일반형
4119,"사용 전이긴 한데 모양은 일단 맘에 드네요. 
민감성 일반과 고급 동시 구매해 봤어요.  가볍고 솔이 작아서 구석구석 잘 닦일 듯하네요. 
추가로 구매한 칫솔도 그립감도 좋고 잘 쓰겠어요.",20.06.04.,5,0,0,종류: 03 성인올슬림모-고급형(민감성)
4120,치과용 칫솔 다른 제품 사려다 구매해봤는데 좋았어요 앞으로 또 재구매할 예정입니다,20.06.25.,4,0,0,종류: 03 성인올슬림모-고급형(민감성)
4121,재구매배송도 빠르고 좋아요,20.07.17.,5,재구매,0,종류: 01 성인이중슬림모(보편적인)
4122,재구매배송도 빠르고 좋아요,20.07.17.,5,재구매,0,종류: 03 성인올슬림모-고급형(민감성)
4123,어떻게 닦아야하는지 잘 모르겠어요....,20.07.16.,3,0,0,종류: 10 어금니-돔형
4124,부드러워서 냥이 양치시키기 좋아요 슬림형보다 나은듯,20.07.06.,5,0,0,종류: 10 어금니-돔형
4125,한달사용기유아치솔이  너무 잘 벌어져서 이걸로 사용하니 좋습니다,20.07.31.,4,0,한달사용기,종류: 06 유아올슬림모(13개월-36개월)
4126,돔형이 일반형보다 좀 부드러워서 좋네요,20.07.14.,5,0,0,종류: 10 어금니-돔형
4127,재구매교정 중이어서 교정용 칫솔이 필요해서 구매합니다. 배송도 ㅊ포장도 만족합니다,20.07.07.,5,재구매,0,종류: 07 교정칫솔-일반형
4128,칫솔모 작아서 구석구석 잘 닦여요. 감사합니다,20.07.28.,5,0,0,종류: 03 성인올슬림모-고급형(민감성)
4129,한달사용기구석구석잘닦이고가볍고꼭사용해보세요~~^^,20.08.03.,5,0,한달사용기,종류: 02 성인올슬림모-일반형(민감성)
4130,구석구석  닦을수  있어서 좋아요~강추  합니다,20.07.28.,4,0,0,종류: 03 성인올슬림모-고급형(민감성)
4131,부드럽고 괜찮네요~또 주문할게요~,20.07.12.,5,0,0,종류: 04 어린이올슬림모(24개월-6세)
4132,"아이가 사용해보고 맘에 들어하네요 
가격도 좋고 모가 튼튼하고 좋습니다 
재구매 할께요",20.07.07.,5,0,0,종류: 07 교정칫솔-일반형
4133,"아이가 사용해보고 맘에 들어하네요 
가격도 좋고 모가 튼튼하고 좋습니다 
재구매 할께요",20.07.07.,5,0,0,종류: 14 미소덴탈 금올슬림모(민감성)
4134,"아이가 사용해보고 맘에 들어하네요 
가격도 좋고 모가 튼튼하고 좋습니다 
재구매 할께요",20.07.07.,5,0,0,종류: 00 초미세모(매우부드러운)
4135,"아이가 사용해보고 맘에 들어하네요 
가격도 좋고 모가 튼튼하고 좋습니다 
재구매 할께요",20.07.07.,5,0,0,종류: 11 어금니-슬림형
4136,약간 아파요 노멀시켰는데도 빳빳한 거 시켰으면 큰일났을듯 패키지 디자인 해드리고 싶어요 정말... 제품 싸고 좋습니다,20.07.19.,3,0,0,종류: 07 교정칫솔-일반형
4137,좋아요좋아요~ 잘쓸게요,20.08.07.,5,0,0,종류: 01 성인이중슬림모(보편적인)
4138,항상 구매하는 만족도 100,20.08.07.,5,0,0,종류: 05 어린이이중슬림모(7세-10세)
4139,항상 구매하는 만족도 100,20.08.07.,5,0,0,종류: 01 성인이중슬림모(보편적인)
4140,배송이 빨라서 좋네요,20.08.06.,5,0,0,종류: 08 교정칫솔-슬림형
4141,배송이 빨라서 좋네요,20.08.06.,4,0,0,종류: 10 어금니-돔형
4142,배송이 빨라서 좋네요,20.08.06.,5,0,0,종류: 05 어린이이중슬림모(7세-10세)
4143,배송이 빨라서 좋네요,20.08.06.,5,0,0,종류: 07 교정칫솔-일반형
4144,배송이 빨라서 좋네요,20.08.06.,5,0,0,종류: 00 초미세모(매우부드러운)
4145,배송이 빨라서 좋네요,20.08.06.,5,0,0,종류: 02 성인올슬림모-일반형(민감성)
4146,"칫솔 좋네요 잘 닦여요
어금니칫솔도 굿",20.07.31.,5,0,0,종류: 01 성인이중슬림모(보편적인)
4147,재구매했어요.감사합니다,20.07.31.,3,0,0,종류: 08 교정칫솔-슬림형
4148,조금작지만 잘닦이고 좋아요,20.07.14.,4,0,0,종류: 03 성인올슬림모-고급형(민감성)
4149,조금작지만 잘닦이고 좋아요,20.07.14.,4,0,0,종류: 01 성인이중슬림모(보편적인)
4150,이번에 또구매합니다~ 교정중인데 칫솔모도 오래가고 좋아요~,20.07.04.,5,0,0,종류: 01 성인이중슬림모(보편적인)
4151,어금니 슬림형은 처음 써보는데 잘 닦이고 개운하다고 지인이 만족해하네요,20.07.27.,5,0,0,종류: 11 어금니-슬림형
4152,"재구매앞전에 주문한거 다쓰고 재주문입니다
여러개 써본결과 이중슬림모가 좋더라구요",20.07.26.,5,재구매,0,종류: 01 성인이중슬림모(보편적인)
4153,"한달사용기아이가 교정중이라 칫솔 구입하면서 같이 구입했어요.
칫솔로 닦기 힘든 곳을 편하게 양치할수 있어 좋아요",20.07.20.,4,0,한달사용기,종류: 10 어금니-돔형
4154,사용해보고 좋으면 또구매하겠습니다 사은품도 잘쓰겠습니다,20.07.08.,5,0,0,종류: 01 성인이중슬림모(보편적인)
4155,한달사용기가성비 좋아요.저렴하게 잘 쓸게요,20.07.31.,4,0,한달사용기,종류: 01 성인이중슬림모(보편적인)
4156,"치과에서 주신 칫솔과 동일해요
저렴하게 잘 구입했어요",20.07.26.,5,0,0,종류: 07 교정칫솔-일반형
4157,한달사용기교정치아에 쓰기 딱이에요 부드러워서 좋아요,20.07.10.,5,0,한달사용기,종류: 08 교정칫솔-슬림형
4158,스케일링 받으려다가 한 번 사봤는데 효과 대박이네요 스케일링 한거보다 훨씬 더 좋아요,20.07.23.,5,0,0,종류: 01 성인이중슬림모(보편적인)
4159,이가 불편한 부모님께 보내드렸더니 부드럽게 잘 닦인다고 좋아하십니다,20.07.27.,5,0,0,종류: 00 초미세모(매우부드러운)
4160,개별포장도 되어있어서 나눠서 쓰려 선물해도 되겠어요. 배송도 빠르고 알뜰구매했어요. 사용하고 또 주문하러 올게요. 감사합니다.,20.07.17.,5,0,0,종류: 10 어금니-돔형
4161,치위생사입니다.칫솔 써봤는데 괜찮네요~,20.07.27.,4,0,0,종류: 01 성인이중슬림모(보편적인)
4162,"재구매치과에서 사는거 보다 훨씬 저렴하고
좋아요 ㅎㅎㅎ 계속 구매하고 있어용",20.07.23.,4,재구매,0,종류: 07 교정칫솔-일반형
4163,한달사용기칫솔 가격대비 좋아요  항상 쓰고 있습니다,20.07.31.,4,0,한달사용기,종류: 03 성인올슬림모-고급형(민감성)
4164,저렴하게 구입해서 좋아요,20.07.13.,5,0,0,종류: 01 성인이중슬림모(보편적인)
4165,종류별 골고루 구입해서 사용전이지만  배송도 빠르고 포장도 깔끔하니 훌륭합니다. 사용하고 또 주문하러 올게요. 감사합니다.,20.07.17.,5,0,0,종류: 11 어금니-슬림형
4166,한번써보고 좋아서 다시 구매합니다~ 어금니 안쪽이 잘 닦인거 같아요~,20.07.22.,5,0,0,종류: 11 어금니-슬림형
4167,한달사용기아이가 교정중이라 구입했어요. 치과에서 파는것보다 칫솔모가 작아서 더 잘 닦이는듯해요.,20.07.20.,5,0,한달사용기,종류: 08 교정칫솔-슬림형
4168,"늘 쟁여두고 쓰는 제품이예요!
치솔머리 부분이 작아서 골고루 잘 닦여지고, 치솔모도 여러종류가 있어 용도에 맞게 골라 사용하는 즐거움이 있습니다!
애들 치솔도 좋아요!
잘 사용하겠습니다!
감사합니다!^^",20.06.20.,5,0,0,종류: 05 어린이이중슬림모(7세-10세)
4169,"사용 전이긴 한데 모양은 일단 맘에 드네요. 
민감성 일반과 고급 동시 구매해 봤어요.  가볍고 솔이 작아서 구석구석 잘 닦일 듯하네요.",20.06.04.,5,0,0,종류: 02 성인올슬림모-일반형(민감성)
4170,"배송이 빨랐어요
사은품 감사합니다.
칫솔머리가 좀 더 작으면 좋을거 같아요..
아직 사용 전 입니다.
사용 후 다시 후기 놀릴께요",20.06.26.,5,0,0,종류: 04 어린이올슬림모(24개월-6세)
4171,노화로 이가 불편한 부모님께 선물드렸드니 넘 좋아하시네요,20.07.27.,5,0,0,종류: 03 성인올슬림모-고급형(민감성)
4172,한달사용기다른칫솔보다 치과용 칫솔이 편하고 좋아요,20.07.31.,4,0,한달사용기,종류: 01 성인이중슬림모(보편적인)
4173,재구매부드럽고 가격도  싸고 좋음,20.08.02.,3,재구매,0,종류: 01 성인이중슬림모(보편적인)
4174,생각보다 모가 부드러워서 철사 밑이 잘 안닦여요 ㅠ 실망쓰,20.07.07.,3,0,0,종류: 07 교정칫솔-일반형
4175,"치과에서 사용한다고 해서 구매 해보아요
아직 사용 전이나 어떨지 모르겠네요.
후기는 좋다고 하는데 실제로 써봐야 알겠죠???^^",20.06.26.,5,0,0,종류: 05 어린이이중슬림모(7세-10세)
4176,"한달사용기칫솔이 적당히 부드러워 잘 사용하고 있습니다.
그전에 다른제품은 너무 단단해서, 통증이 있었는데, 지금거는 통증이 없네요.",20.07.01.,4,0,한달사용기,종류: 00 성인일반모(단단한)
4177,한달사용기어금니랑 치아뒷면에 쓰기좋아요,20.07.10.,5,0,한달사용기,종류: 10 어금니-돔형
4178,어금니 잘 닦여요!,20.08.05.,4,0,0,종류: 10 어금니-돔형
4179,이중모라 부드럽습니다,20.08.02.,5,0,0,종류: 01 성인이중슬림모(보편적인)
4180,재구매매번 여기서 칫솔시키는데 양치하자마지 솔?이 하나둘씩 빠지네여ㅠㅠ 나머진 상태 좋기를..,20.07.18.,4,재구매,0,종류: 07 교정칫솔-일반형
4181,"배송도 빠르고
잘쓸거같아요",20.07.11.,5,0,0,종류: 08 교정칫솔-슬림형
4182,"배송도 빠르고
잘쓸거같아요",20.07.11.,5,0,0,종류: 01 성인이중슬림모(보편적인)
4183,처음 구매하지만 후기가 좋은 상품이라 기대해봅니다,20.07.27.,5,0,0,종류: 14 미소덴탈 금올슬림모(민감성)
4184,"한달사용기재구매저는 요치솔만 사용해서요
잘 쓰고 있습니다",20.07.25.,5,재구매,한달사용기,종류: 01 성인이중슬림모(보편적인)
4185,한달사용기한달동안 아주 잘 쓰는 중입니다. 옆자리 동료에게도 전파했어요ㅎㅎ,20.06.30.,5,0,한달사용기,종류: 09 어금니-일반형
4186,한달사용기어린이꺼 그림있어서 죟아요,20.07.31.,4,0,한달사용기,종류: 04 어린이올슬림모(24개월-6세)
4187,정말 초미세모에요 혀 딱을 때는 클리너 없이는 안될 것 같아요 잇몸은 안상 할 것 같어요 그건 맘이 놓이네요,20.06.24.,3,0,0,종류: 00 초미세모(매우부드러운)
4188,칫솔헤드도 딱알맞고 좋어요,20.07.30.,5,0,0,종류: 04 어린이올슬림모(24개월-6세)
4189,잘받았습니다 감사합니다,20.07.31.,5,0,0,종류: 10 어금니-돔형
4190,부드럽고 사은품도 챙겨주셔서 감사합니다^^,20.07.28.,5,0,0,종류: 01 성인이중슬림모(보편적인)
4191,"한달사용기잇몸이 약한데, 부드럽게 치솟질하기 좋습니다.",20.07.28.,5,0,한달사용기,종류: 02 성인올슬림모-일반형(민감성)
4192,늘 쓰던 상품이고 배송도 빨라요,20.07.30.,5,0,0,종류: 01 성인이중슬림모(보편적인)
4193,늘 쓰던 상품이고 배송도 빨라요,20.07.30.,5,0,0,종류: 05 어린이이중슬림모(7세-10세)
4194,교정해서 쓰고 있는데 좋아요,20.07.30.,5,0,0,종류: 08 교정칫솔-슬림형
4195,"좋아요~~써보고 좋아서 또 구매했네요^^
잘닦입니다",20.07.03.,5,0,0,종류: 05 어린이이중슬림모(7세-10세)
4196,평소쓰던제품이라고  부모님께좋아하시네요,20.07.27.,4,0,0,종류: 09 어금니-일반형
4197,잘 쓰겠습니다~~!!!,20.07.16.,5,0,0,종류: 06 유아올슬림모(13개월-36개월)
4198,잘 쓰겠습니다~~!!!,20.07.16.,5,0,0,종류: 03 성인올슬림모-고급형(민감성)
4199,잘 쓰겠습니다~~!!!,20.07.16.,5,0,0,종류: 5-2 너구리이중슬림모(7세-10세)
4200,한달사용기쓸만해요 신랑은별로래요,20.07.27.,3,0,한달사용기,종류: 05 어린이이중슬림모(7세-10세)
4201,잘 사용하고 있어요.,20.07.12.,4,0,0,종류: 08 교정칫솔-슬림형
4202,"안닦이는 곳까지 닦을라고샀어요
근데도 엄청 끝에있는 이는 잘 안닦이는 느낌이에요",20.07.17.,4,0,0,종류: 10 어금니-돔형
4203,"생각했던 것이 아니라 그렇지
칫솔에는 문제가 없어요",20.07.25.,3,0,0,종류: 00 성인일반모(단단한)
4204,칫솔이 아주 좋아요. 만족,20.07.31.,5,0,0,종류: 09 어금니-일반형
4205,약간 되게 빳빳하고 생각보다 좀 아픈 느낌이에요 그래도 잘 닦여서 좋네요 패키지 디자인 직접 해주고 싶어요..,20.07.19.,3,0,0,종류: 09 어금니-일반형
4206,한번 써보고 더 구매해야겠어여,20.07.08.,5,0,0,종류: 08 교정칫솔-슬림형
4207,미세모라서 좋아요~ 잘받아서  잘쓰고 있답니다,20.07.23.,3,0,0,종류: 01 성인이중슬림모(보편적인)
4208,칫솔 모가 가늘고 좋아요,20.07.30.,5,0,0,종류: 5-2 너구리이중슬림모(7세-10세)
4209,칫솔 모가 가늘고 좋아요,20.07.30.,5,0,0,종류: 00 초미세모(매우부드러운)
4210,치석 제거에 좋아요. 억센 칫솔에 맛들려서 여기 제품만 구매하게 되네요,20.06.29.,5,0,0,종류: 09 어금니-일반형
4211,잘 받아보았습니다~,20.08.01.,4,0,0,종류: 10 어금니-돔형
4212,잘 받아보았습니다~,20.08.01.,4,0,0,종류: 09 어금니-일반형
4213,잘 받아보았습니다~,20.08.01.,4,0,0,종류: 11 어금니-슬림형
4214,잘 받아보았습니다~,20.08.01.,4,0,0,종류: 00 초미세모(매우부드러운)
4215,재구매무난무난 해요 가격도 싸고,20.07.06.,4,재구매,0,종류: 07 교정칫솔-일반형
4216,교정끝날때까지는 계속 여기서 구입해서 쓸듯합니다,20.07.04.,5,0,0,종류: 08 교정칫솔-슬림형
4217,단단하고 잘 닦여서 좋아요~,20.07.30.,5,0,0,종류: 09 어금니-일반형
4218,항상 쓰는제품 입니다,20.07.10.,5,0,0,종류: 08 교정칫솔-슬림형
4219,일반모는 너무 쌔고  이중모는 너무 부드러워 깨끗이 닦이는 느낌이 없고해서  이중모 주문했는데 너무 좋네요,20.06.30.,5,0,0,종류: 05 어린이이중슬림모(7세-10세)
4220,일반모는 너무 쌔고  이중모는 너무 부드러워 깨끗이 닦이는 느낌이 없고해서  이중모 주문했는데 너무 좋네요,20.06.30.,5,0,0,종류: 09 어금니-일반형
4221,일반모는 너무 쌔고  이중모는 너무 부드러워 깨끗이 닦이는 느낌이 없고해서  이중모 주문했는데 너무 좋네요,20.06.30.,5,0,0,종류: 01 성인이중슬림모(보편적인)
4222,칫솔 모가 가늘고 좋아요.,20.07.30.,5,0,0,종류: 05 어린이이중슬림모(7세-10세)
4223,한달사용기만족합니다 잘 쓰고 있어요!,20.07.30.,5,0,한달사용기,종류: 07 교정칫솔-일반형
4224,부모님께서 쓰시던 제품이라 좋아하세요~~,20.07.27.,5,0,0,종류: 10 어금니-돔형
4225,"사용전이지만 포장도 잘되어있고 혀클리너 사은품으로 주셨네요
감사합니다~ 칫솔도 사용후 재구매할게요
디쟌은 맘에들어요",20.07.11.,4,0,0,종류: 14 미소덴탈 금올슬림모(민감성)
4226,"이걸 왜 이제 알았나 싶어요!!!!!!
사랑니 때문에 피곤하거나 컨디션 안좋으면 잇몸이 부어서 불편한데, 교정중이라 함부로 빼지도 못하고 있었는데 세상에,, 이번에도 부어서 약사러 약국가려고 했는데 3일정도 속는셈 치고 써봤는데 우와👍🏻 진짜 너무 좋아요👍🏻 약도 안사먹었는데 다 가라앉았어요!!!!!
이걸 왜 이제 알았지🤭 교정용 칫솔로 양치하고 어금니 칫솔로 두번 해야해서 번거롭긴한데 그런것 쯤이야 문제도 안돼요💓 더 사서 쟁여둬야겠어요 감사합니다🙏🏻❤️",20.06.02.,5,0,0,종류: 10 어금니-돔형
4227,재구매여러가지써보고 요제품이 나에게 맞아 재구매요ㅎ,20.07.26.,5,재구매,0,종류: 12 해피덴-비타민이중슬림모(보편적인)
4228,포장도 꼼꼼해서 좋았어요,20.07.08.,5,0,0,종류: 07 교정칫솔-일반형
4229,배송 조금 느렸지만 좋아요,20.07.08.,5,0,0,종류: 09 어금니-일반형
4230,배송도 빠르고 혀클리너도 잘 받았습니다 야옹이 것과 가족들 것 함께 시켰는데 모가 단단하니 좋은 것 같아요 다 쓰고 또 시킬게요^^,20.06.27.,5,0,0,종류: 09 어금니-일반형
4231,배송도 빠르고 혀클리너도 잘 받았습니다 야옹이 것과 가족들 것 함께 시켰는데 모가 단단하니 좋은 것 같아요 다 쓰고 또 시킬게요^^,20.06.27.,5,0,0,종류: 10 어금니-돔형
4232,한달사용기생각보단별로예요 첫구매로만족,20.07.27.,3,0,한달사용기,종류: 02 성인올슬림모-일반형(민감성)
4233,아이가 교정중인데 미리 많이 구매합니다.,20.07.26.,5,0,0,종류: 08 교정칫솔-슬림형
4234,항상 쓰던 칫솔 믿고 쓰고 있어요 좋아요^^,20.07.28.,5,0,0,종류: 03 성인올슬림모-고급형(민감성)
4235,칫솔모가 억세서 좋아요. 일반형으로 쓰기에도 손색 없어요,20.06.29.,5,0,0,종류: 07 교정칫솔-일반형
4236,보들보들하니 좋아요,20.07.09.,5,0,0,종류: 00 성인일반모(단단한)
4237,"부드럽고 좋아요:)
칫솔사용 후 이 시림도 덜한거 같아요",20.06.29.,5,0,0,종류: 01 성인이중슬림모(보편적인)
4238,"부드럽고 좋아요:)
칫솔사용 후 이 시림도 덜한거 같아요",20.06.29.,5,0,0,종류: 02 성인올슬림모-일반형(민감성)
4239,재구매좋아요 좋아요 좋아요,20.08.01.,5,재구매,0,종류: 06 유아올슬림모(13개월-36개월)
4240,재구매좋아요 좋아요 좋아요,20.08.01.,5,재구매,0,종류: 5-1 너구리올슬림모(24개월-6세)
4241,치석 제거에 좋아요 여기 칫솔만 계속 구매하고 있어요,20.06.29.,5,0,0,종류: 00 성인일반모(단단한)
4242,부드러워 좋아용 쟁여놓고 쓸듯요,20.07.06.,5,0,0,종류: 01 성인이중슬림모(보편적인)
4243,칫솔모도 작고 튼튼하면서 부드럽네요! 시중에서판매하는것보다 훨씬 좋아요,20.07.16.,5,0,0,종류: 03 성인올슬림모-고급형(민감성)
4244,생각보다 부드럽지 않고 뾰족해요,20.07.06.,3,0,0,종류: 11 어금니-슬림형
4245,"배송 정말 빨라요
돔형이랑 슬림형의 차이를 잘 모르겠네요",20.07.24.,5,0,0,종류: 10 어금니-돔형
4246,재구매무난하게 쓰기 좋아여 캡도 있고,20.07.06.,4,재구매,0,종류: 08 교정칫솔-슬림형
4247,너무 좋아요 재주문 할게여,20.07.07.,5,0,0,종류: 01 성인이중슬림모(보편적인)
4248,한번 써보고 좋아서 다시 구매합니다 어금니 안쪽이 잘 닦여요~~,20.07.22.,5,0,0,종류: 10 어금니-돔형
4249,아직 사용전이에요 치과에서 준거만큼 좋겠죠..한달리뷰 다시 쓸 예정입니다,20.06.24.,4,0,0,종류: 07 교정칫솔-일반형
4250,재구매배송빠르고 너무 좋아요ㅠㅠ,20.07.09.,5,재구매,0,종류: 01 성인이중슬림모(보편적인)
4251,잇몸이 너무 안 좋아서 부드러운 칫솔 찾다가 구입했는데 너무 만족하며 쓰고 있어요,20.07.19.,5,0,0,종류: 00 초미세모(매우부드러운)
4252,재구매두번째 대량구매예요. 치아교정중인데 구석구석 닦을때 정말 좋아요. 근데 가끔씩 칫솔모가 빠져서 교정기에 엉길때가 있어서 그건 좀 단점입니다.ㅠㅠ 그래도 칫솔을 3~4주에 한번은 갈아주는게 좋다고해서 가격 부담이 없이 교체하는데는 가성비 좋은거같아요. 계속 재구매할 의사 있습니다,20.06.06.,4,재구매,0,종류: 08 교정칫솔-슬림형
4253,한달사용기한달 써봤는데 칫솔모가 약해서 교정기 사이에 끼거나 마구 빠져요... 왕창샀는데 그냥 쓰는중,20.07.12.,1,0,한달사용기,종류: 08 교정칫솔-슬림형
4254,만족도 높은제품 재구매,20.07.07.,5,0,0,종류: 07 교정칫솔-일반형
4255,성인 일반모 빼고는 잘 산거 같아요,20.07.25.,5,0,0,종류: 01 성인이중슬림모(보편적인)
4256,배송도 빨라요 잘쓰겠습니다,20.07.26.,5,0,0,종류: 01 성인이중슬림모(보편적인)
4257,좋아요..아이가좋다고하네요,20.07.24.,5,0,0,종류: 10 어금니-돔형
4258,수고하셨습니다 재주문,20.07.07.,5,0,0,종류: 10 어금니-돔형
4259,배송도빠르게받았고중학생딸이쓰기딱좋네요,20.07.22.,5,0,0,종류: 07 교정칫솔-일반형
4260,어금니 홈 칫솔질할때 좋아요 아이들 어릴때부터 쭉 써오는거예요,20.07.15.,5,0,0,종류: 10 어금니-돔형
4261,아직 안썼는데... 칫솔 교체하려고 하나 꺼냈더니 이게 뭔지 참... 사용한 칫솔 아닙니다... 떼보려고 해도 안떼어지네요... 위생도구라 그런지 찝찝하긴 합니다. 다른 것들은 상태 괜찮아요...,20.06.08.,2,0,0,종류: 07 교정칫솔-일반형
4262,"재구매일반모와 슬림모가 너무 차이가 없어 문의 드렸더니 잘못 간거라고 ~ 바로 교환해주셨어요
박스는 슬림모인데 안의 내용물은 일반모 였던거죠 
잘 확인해보셔야 할것같아요 .교환진행이라 반품하고 업체에서 물건확인하고 그러고 다시 보내주셔서 기간이 꽤 걸렸습니다 . 이런경우는 먼저 물건부터 보내주셨으면 좋겠네여 ~ 업체측 실수인데 서비스제품도 하나도 없고 그점은 좀 아쉽네요",20.06.01.,3,재구매,0,종류: 07 교정칫솔-일반형
4263,빠른 배송 착한가격으로 신나요,20.07.04.,5,0,0,종류: 01 성인이중슬림모(보편적인)
4264,빠른 배송 착한가격으로 신나요,20.07.04.,5,0,0,종류: 02 성인올슬림모-일반형(민감성)
4265,칫솔 후기보고 주문ㅇ했어요. 아직 사용전인데 괜찮을거 같아요.  일단 3팩 주문했는데 써보고 괜찮으면 재주문하려구요,20.07.14.,5,0,0,종류: 01 성인이중슬림모(보편적인)
4266,"배송 정말 빠르구요^^
사랑니까지 뽀득뽀득 잘 닦입니다.
색깔구분이 되어서 가족들과 함께 잘 사용하고 또 구매하러 오겠습니다.",20.07.09.,5,0,0,종류: 03 성인올슬림모-고급형(민감성)
4267,재구매이번에는 성인 올슬림모 구매해 봤어요. 좋으면 계속구매 할께요,20.06.20.,5,재구매,0,종류: 12 해피덴-비타민이중슬림모(보편적인)
4268,쓰던것과 비슷하고 좋아보여요,20.07.25.,4,0,0,종류: 07 교정칫솔-일반형
4269,재구매좋아용 치과에서 사는거 보다 훨씬 저렴해요 ㅎㅎ,20.07.23.,4,재구매,0,종류: 09 어금니-일반형
4270,재구매가격 대비 좋아요  세번째 구매 했어요,20.07.20.,3,재구매,0,종류: 14 미소덴탈 금올슬림모(민감성)
4271,재구매가성비 갑입니다 치과에서 무료로준것보다 좋다네요,20.06.30.,3,재구매,0,종류: 07 교정칫솔-일반형
4272,재주문 할게요 최고,20.07.07.,5,0,0,종류: 03 성인올슬림모-고급형(민감성)
4273,재주문 할게요 감사,20.07.07.,5,0,0,종류: 08 교정칫솔-슬림형
4274,올슬림모 일반형이랑 이중슬림모 두개 번갈아가면서 사용중인데 괜찮아요,20.07.18.,5,0,0,종류: 01 성인이중슬림모(보편적인)
4275,올슬림모 일반형이랑 이중슬림모 두개 번갈아가면서 사용중인데 괜찮아요,20.07.18.,5,0,0,종류: 02 성인올슬림모-일반형(민감성)
4276,늘 사용하던거라 주문했어요,20.07.04.,4,0,0,종류: 00 성인일반모(단단한)
4277,좋아요~~잘닦입니다,20.07.03.,5,0,0,종류: 00 성인일반모(단단한)
4278,저희 딸이 사달라고해서 구입했어요  치과에사는 3천원에판매하고 치과에서만 판매한다고했데요  아주 만족합니다  ~~~하고나면 너무 개운해요 치석도 제거됩니다,20.07.05.,5,0,0,종류: 11 어금니-슬림형
4279,저희 딸이 사달라고해서 구입했어요  치과에사는 3천원에판매하고 치과에서만 판매한다고했데요  아주 만족합니다  ~~~하고나면 너무 개운해요 치석도 제거됩니다,20.07.05.,5,0,0,종류: 09 어금니-일반형
4280,저희 딸이 사달라고해서 구입했어요  치과에사는 3천원에판매하고 치과에서만 판매한다고했데요  아주 만족합니다  ~~~하고나면 너무 개운해요 치석도 제거됩니다,20.07.05.,5,0,0,종류: 10 어금니-돔형
4281,잘 사용하겠습니다 ~~,20.07.29.,5,0,0,종류: 00 성인일반모(단단한)
4282,써보니 좋아요 저렴하게 잘 샀어요,20.07.21.,5,0,0,종류: 01 성인이중슬림모(보편적인)
4283,저렴하게 구매해서 잘 사용중입니다!!!,20.07.04.,5,0,0,종류: 08 교정칫솔-슬림형
4284,"재구매원래 쓰던거라 써요
배송이 하루정도 더 걸리긴 했지만 잘 받았습니다^^",20.07.19.,4,재구매,0,종류: 07 교정칫솔-일반형
4285,"너무 좋아요~~^^ 가격도 싸고요, 교정중인 아들 주려고 샀는데 교정기 사이사이 닦을때 너무 좋다고하네요^^.  토요일이라 배송 없을 줄 알았는데 토요일에도 배송해주셔서 아주 잘 사용하고 있어요. 감사합니다~^^ 어금니 클리너도 주시고 칫솔마다 플라스틱 케이스도 각각 있어서 휴대용도 좋을거 같아요~",20.05.23.,5,0,0,종류: 08 교정칫솔-슬림형
4286,잘사용하고 있습니다,20.07.26.,5,0,0,종류: 00 성인일반모(단단한)
4287,아이가 쓰기에 좀 뻣빳하나란 생각도 들었는데 2살 아이가 잘 쓰고 있습니다.,20.07.19.,5,0,0,종류: 06 유아올슬림모(13개월-36개월)
4288,빠른 배송. 이 칫솔이 아이들에게 잘 맞아서 항상 사요~,20.07.01.,5,0,0,종류: 05 어린이이중슬림모(7세-10세)
4289,"치솔모가 금 올슬림모로 되어 있는 거는 처음 구매했어요!
사용해보고 후기 올리겠습니다!
좋을거 같아요!",20.06.20.,5,0,0,종류: 14 미소덴탈 금올슬림모(민감성)
4290,어금니만 최적화해서 사용할수있네요~아주 만족합니다~,20.06.24.,5,0,0,종류: 11 어금니-슬림형
4291,항상 잘쓰고있습니다,20.07.06.,5,0,0,종류: 01 성인이중슬림모(보편적인)
4292,칫솔이 살짝 모가 벌어져있어요 좋습니다,20.07.01.,4,0,0,종류: 03 성인올슬림모-고급형(민감성)
4293,재구매사용감이 좋아서~ 재구매 했어용,20.07.24.,5,재구매,0,종류: 03 성인올슬림모-고급형(민감성)
4294,만족합니다. 서비스로 혀클리너와  치실도 넣어주셨네요. 잘 쓸께요~,20.07.14.,5,0,0,종류: 01 성인이중슬림모(보편적인)
4295,칫솔이 튼튼해요!!,20.07.07.,5,0,0,종류: 01 성인이중슬림모(보편적인)
4296,재구매항상 교정칫솔 구입해서 쓰고 있다가 이번에 일반용 사봤어요. 괜찮으면 계속 구매할께요~,20.06.20.,5,재구매,0,종류: 14 미소덴탈 금올슬림모(민감성)
4297,아주 아주 굿이에용,20.07.27.,5,0,0,종류: 13 해피덴-비타민올슬림모(민감성)
4298,아주 아주 굿이에용,20.07.27.,5,0,0,종류: 11 어금니-슬림형
4299,어금니에 최적화된 치솔이네요~아주 만족합니다,20.06.24.,5,0,0,종류: 10 어금니-돔형
4300,치솔모가 부드러우면서도 힘이있어 좋아요.잘 쓰겠습니다~,20.07.14.,5,0,0,종류: 00 성인일반모(단단한)
4301,칫솔모 부드럽네요 다음에 또 구매할래영,20.06.25.,4,0,0,종류: 02 성인올슬림모-일반형(민감성)
4302,좋아요 재주문할게요,20.07.07.,5,0,0,종류: 09 어금니-일반형
4303,늘 사용하던 거라 좋아요~~,20.07.04.,4,0,0,종류: 01 성인이중슬림모(보편적인)
4304,"솔이 많이 단단해서 개운하게 잘 닦이기는해요 
잇몸 약한분들은 조금 부드러운 솔이 맞을 것 같아요",20.07.09.,4,0,0,종류: 00 성인일반모(단단한)
4305,아직 사용전이에요 한달쓰고 리뷰 남길게요,20.06.24.,4,0,0,종류: 10 어금니-돔형
4306,재구매잘 닦이고 부드러워용,20.07.24.,5,재구매,0,종류: 01 성인이중슬림모(보편적인)
4307,빠른배송이고 디자인도 맘에들어요 헤드가 작앗서 좋을듯 합니다~,20.07.11.,4,0,0,종류: 15 미소덴탈 숯올슬림모(민감성)
4308,재구매좋아영ㅇㅇ 엄청 잘 닦아용,20.07.24.,5,재구매,0,종류: 02 성인올슬림모-일반형(민감성)
4309,"딸이 교정해서 구입해봤어요...
일반 칫솔보단 잘 닦이는듯 하네요.",20.06.23.,4,0,0,종류: 09 어금니-일반형
4310,"딸이 교정해서 구입해봤어요...
일반 칫솔보단 잘 닦이는듯 하네요.",20.06.23.,4,0,0,종류: 08 교정칫솔-슬림형
4311,"딸이 교정해서 구입해봤어요...
일반 칫솔보단 잘 닦이는듯 하네요.",20.06.23.,4,0,0,종류: 05 어린이이중슬림모(7세-10세)
4312,"딸이 교정해서 구입해봤어요...
일반 칫솔보단 잘 닦이는듯 하네요.",20.06.23.,4,0,0,종류: 01 성인이중슬림모(보편적인)
4313,교정칫솔을 치과보다 착한가격에 비슷한 제품을 샀네요,20.06.28.,5,0,0,종류: 07 교정칫솔-일반형
4314,감사합니다 재구매합니다,20.07.25.,5,0,0,종류: 01 성인이중슬림모(보편적인)
4315,오 어금니 용이 따로 있다니 신랑이 좋아합니다,20.07.21.,5,0,0,종류: 11 어금니-슬림형
4316,재구매항상쓰던거라 재구매합니다,20.07.22.,5,재구매,0,종류: 02 성인올슬림모-일반형(민감성)
4317,저런하게 달 삿어요,20.07.24.,3,0,0,종류: 10 어금니-돔형
4318,가성비 갠찬은 제품입니다.,20.07.23.,3,0,0,종류: 03 성인올슬림모-고급형(민감성)
4319,아직 사용전이에요 한달리뷰 남길게요,20.06.24.,4,0,0,종류: 09 어금니-일반형
4320,꽤괜탆았어요 ㅎㅎㅎ,20.07.28.,5,0,0,종류: 07 교정칫솔-일반형
4321,한달사용기오 확실히 효과가 있네용,20.07.23.,5,0,한달사용기,종류: 10 어금니-돔형
4322,교정하면 칫솔의 교체주기가 짧아지는데 가격이 저렴해서 주기적으로 교체해도 부담이 없어용 !,20.07.14.,5,0,0,종류: 07 교정칫솔-일반형
4323,재구매항상 만족하며 사용하고 있습니다.,20.07.21.,5,재구매,0,종류: 08 교정칫솔-슬림형
4324,부드러운 모에 잇몸에 무리가 안가고 좋아요,20.06.28.,5,0,0,종류: 01 성인이중슬림모(보편적인)
4325,치과용이라고 써있네요 믿음이갑니다,20.07.14.,5,0,0,종류: 01 성인이중슬림모(보편적인)
4326,"칫솔모도 부드럽고 잘 닦여서 넘 좋아요^^
다른곳보다 저렴한것 같습니다^^",20.06.20.,5,0,0,종류: 01 성인이중슬림모(보편적인)
4327,한달사용기여기서만 구매함. 재구매라 늘 만족스러움.,20.06.24.,5,0,한달사용기,종류: 10 어금니-돔형
4328,칫솔모가 적당히 작고 적당히 부드럽고 괜찮습니다.,20.07.20.,5,0,0,종류: 01 성인이중슬림모(보편적인)
4329,"기존tepe거를 썼는데 가격대가 사악해서 요거 한번 시켜봤어요~
아지 사용전이지만 칫솔모가 탄탄한거같애서 괜찮으면 정착하려구요^^",20.06.15.,4,0,0,종류: 10 어금니-돔형
4330,"기존tepe거를 썼는데 가격대가 사악해서 요거 한번 시켜봤어요~
아지 사용전이지만 칫솔모가 탄탄한거같애서 괜찮으면 정착하려구요^^",20.06.15.,4,0,0,종류: 09 어금니-일반형
4331,치과에서 준 교정칫솔모가 조금 아파서 구매했어요 잘쓸게요,20.07.11.,5,0,0,종류: 08 교정칫솔-슬림형
4332,칫솔은 치과칫솔이 조음 별로 비싸지도않으면서 품질 구뜨,20.06.26.,5,0,0,종류: 03 성인올슬림모-고급형(민감성)
4333,재구매좋아요 울가족모두샀어요,20.07.03.,5,재구매,0,종류: 05 어린이이중슬림모(7세-10세)
4334,재구매좋아요 울가족모두샀어요,20.07.03.,5,재구매,0,종류: 06 유아올슬림모(13개월-36개월)
4335,재구매좋아요 울가족모두샀어요,20.07.03.,5,재구매,0,종류: 03 성인올슬림모-고급형(민감성)
4336,배송빠르고 사은품도 챙겨주시고 감사합니다 ~번창하세요^.^*~,20.07.12.,5,0,0,종류: 05 어린이이중슬림모(7세-10세)
4337,잘 받았어요. 잘 받았어요,20.07.24.,4,0,0,종류: 10 어금니-돔형
4338,솔이 부드러운편이에요,20.07.01.,5,0,0,종류: 09 어금니-일반형
4339,잇몸 약한 신랑이 좋아합니다,20.07.21.,5,0,0,종류: 09 어금니-일반형
4340,좋아요가격도저렴하고괜춘,20.07.15.,5,0,0,종류: 00 성인일반모(단단한)
4341,한달사용기잇몸에 무리가 안가서 좋네요,20.07.20.,5,0,한달사용기,종류: 00 초미세모(매우부드러운)
4342,요건 처음 주문해보았어요. 아직 사용전이네요,20.06.23.,4,0,0,종류: 00 초미세모(매우부드러운)
4343,작은헤드에 부드러운 치솔모가 좋아요,20.06.28.,5,0,0,종류: 05 어린이이중슬림모(7세-10세)
4344,"한달사용기어른칫솔도 사봤는데 이것도 좋네요ㅎ
담번엔 어른것도 많이 주문해야겠어요",20.06.20.,5,0,한달사용기,종류: 01 성인이중슬림모(보편적인)
4345,너무 좋아용 ㅎㅎ  !!,20.07.27.,5,0,0,종류: 01 성인이중슬림모(보편적인)
4346,재구매매번 구매해요 보통 3주에 한 번씩 칫솔을 바꾸다보니 한번에 많은 양을 사는데 만족합니다,20.07.07.,5,재구매,0,종류: 05 어린이이중슬림모(7세-10세)
4347,아주잘쓰고 이써여..담에도 주문해야게ㅆ네여..아주 적합합니다..,20.07.12.,5,0,0,종류: 5-2 너구리이중슬림모(7세-10세)
4348,칫솔은 작은게 좋다는 말을 들어서 성인임에도 불구하고 어린이용 슬림모 칫솔도 사봤어요,20.07.11.,5,0,0,종류: 04 어린이올슬림모(24개월-6세)
4349,"솔이 작아서 어금니 까지 구석구석 잘 닦여요
저렴하면서 좋습니다",20.07.09.,5,0,0,종류: 07 교정칫솔-일반형
4350,교정 중이라 주기적으로 칫솔 구매하고 있어요. 칫솔 만족합니다,20.07.10.,4,0,0,종류: 07 교정칫솔-일반형
4351,모가 부드럽고 헤드가 작아서 좋아요,20.06.28.,5,0,0,종류: 09 어금니-일반형
4352,"치과에서 받은칫솔은 
칫솔모가 딱딱해서 통증도심하고
불편했는데
이건 부드럽고 v자형이라서
양치할때 장치까지 깨끗하게 닦을수있어서 좋아요",20.06.15.,5,0,0,종류: 08 교정칫솔-슬림형
4353,한달사용기계속 장 사용하고 있습니다,20.07.20.,5,0,한달사용기,종류: 01 성인이중슬림모(보편적인)
4354,잇몸이 안좋은 신랑이 좋아합니다,20.07.21.,5,0,0,종류: 13 해피덴-비타민올슬림모(민감성)
4355,요즘 이를 닦는데 가끔 잇몸이 아파서 구매했어요 잘 쓸게요,20.07.11.,5,0,0,종류: 00 초미세모(매우부드러운)
4356,좋아요 좋아요 좋아요 좋아요 좋아요 좋아요 좋아요 좋아요 좋아요 좋아요 좋아요 좋아요 좋아요 좋아요 좋아요 좋아요 좋아요 좋아요 좋아요 좋아요 좋아요 좋아요 좋아요 좋아요 좋아요 좋아요 좋아요 좋아요 좋아요 좋아요 좋아요 좋아요 좋아요 좋아요 좋아요 좋아요 좋아요 좋아요 좋아요 좋아요 좋아요 좋아요 좋아요 좋아요 좋아요 좋아요 좋아요 좋아요 좋아요 좋아요 좋아요 좋아요 좋아요 좋아요 좋아요 좋아요 좋아요 좋아요 좋아요 좋아요 좋아요 좋아요 좋아요 좋아요 좋아요,20.08.07.,5,0,0,종류: 00 초미세모(매우부드러운)
4357,빨리 도착했고 치솔모가 부드럽네요,20.07.18.,4,0,0,종류: 03 성인올슬림모-고급형(민감성)
4358,너무 뻣뻣한걸 사서 잇몸이 아프긴한데 잘쓰고있러염,20.06.24.,3,0,0,종류: 07 교정칫솔-일반형
4359,"재구매늘쓰던거라 좋아요
배송도빠르구요",20.07.18.,4,재구매,0,종류: 01 성인이중슬림모(보편적인)
4360,교정 중인 아이가 쓰기 좋아요,20.07.19.,4,0,0,종류: 05 어린이이중슬림모(7세-10세)
4361,배송 정말 빨라요...,20.07.24.,5,0,0,종류: 11 어금니-슬림형
4362,잇몸 사이 이물질 제거에 좋아요.,20.06.29.,5,0,0,종류: 01 성인이중슬림모(보편적인)
4363,잇몸 사이 이물질 제거에 좋아요.,20.06.29.,5,0,0,종류: 12 해피덴-비타민이중슬림모(보편적인)
4364,치과에서 받은 치솔하고 또같네요 가격도 괜찮고요,20.07.11.,4,0,0,종류: 02 성인올슬림모-일반형(민감성)
4365,칫솔 모가 자꾸 빠져요ㅠ,20.06.29.,1,0,0,종류: 07 교정칫솔-일반형
4366,너무 좋아요 배송도 빠르고,20.07.14.,5,0,0,종류: 01 성인이중슬림모(보편적인)
4367,너무 좋아요 배송도 빠르고,20.07.14.,5,0,0,종류: 02 성인올슬림모-일반형(민감성)
4368,너무 좋아요 배송도 빠르고,20.07.14.,5,0,0,종류: 00 성인일반모(단단한)
4369,너무 좋아요 배송도 빠르고,20.07.14.,5,0,0,종류: 00 초미세모(매우부드러운)
4370,너무 좋아요 배송도 빠르고,20.07.14.,5,0,0,종류: 03 성인올슬림모-고급형(민감성)
4371,너무 좋아요 배송도 빠르고,20.07.14.,5,0,0,종류: 09 어금니-일반형
4372,너무 좋아요 배송도 빠르고,20.07.14.,5,0,0,종류: 12 해피덴-비타민이중슬림모(보편적인)
4373,너무 좋아요 배송도 빠르고,20.07.14.,5,0,0,종류: 13 해피덴-비타민올슬림모(민감성)
4374,너무 좋아요 배송도 빠르고,20.07.14.,5,0,0,종류: 14 미소덴탈 금올슬림모(민감성)
4375,너무 좋아요 배송도 빠르고,20.07.14.,5,0,0,종류: 15 미소덴탈 숯올슬림모(민감성)
4376,재구매다 써서 또 주문했어요 부드러운데 잘 닦이고 좋아요,20.07.11.,5,재구매,0,종류: 07 교정칫솔-일반형
4377,딸아이가 좋아합니다,20.07.21.,5,0,0,종류: 05 어린이이중슬림모(7세-10세)
4378,너무 좋습니다 이빨 관리 열심히할게요,20.06.26.,5,0,0,종류: 10 어금니-돔형
4379,배송도 빠르고 쓰기 편해요,20.07.19.,5,0,0,종류: 09 어금니-일반형
4380,배송도 빠르고 쓰기 편해요,20.07.19.,5,0,0,종류: 08 교정칫솔-슬림형
4381,신랑이 필요 했대요,20.07.21.,5,0,0,종류: 10 어금니-돔형
4382,부드럽고 잘 닦여요,20.07.21.,5,0,0,종류: 03 성인올슬림모-고급형(민감성)
4383,배송도 빠르고 좋아요~~,20.07.21.,5,0,0,종류: 08 교정칫솔-슬림형
4384,재구매 의사있어용ㅎㅎ,20.07.01.,5,0,0,종류: 07 교정칫솔-일반형
4385,"치솔모가 숯 치솔이라서 사용하는 내내 기분이 더 좋아지는 느낌입니다!
감사합니다!^^",20.06.20.,5,0,0,종류: 15 미소덴탈 숯올슬림모(민감성)
4386,"어린이 치솔도 연령대로 다르게 있어 손택하여 사용하니 정말 좋습니다!
감사합니다!^^",20.06.20.,5,0,0,종류: 04 어린이올슬림모(24개월-6세)
4387,착한가격에 좋은거 같아요,20.06.28.,5,0,0,종류: 08 교정칫솔-슬림형
4388,"한달사용기교정하는 사람이 쓰기 좋아요 , 계속사서 쓸것 같네요 ㅎㅎ",20.06.20.,4,0,한달사용기,종류: 08 교정칫솔-슬림형
4389,한달사용기교정기 주변을 잘 닦아주네요.,20.07.18.,5,0,한달사용기,종류: 08 교정칫솔-슬림형
4390,늘사용하던제품입니다,20.07.19.,5,0,0,종류: 02 성인올슬림모-일반형(민감성)
4391,재구매늘쓰는제품 다써서 재주문했어요 좋네요,20.07.16.,5,재구매,0,종류: 00 성인일반모(단단한)
4392,재구매매번 재구매해요 너무 좋아요,20.07.14.,5,재구매,0,종류: 04 어린이올슬림모(24개월-6세)
4393,치과에서 준 칫솔 썼는데 너무 아파서 이걸로 사봤아요. 부드럽고 좋네요,20.06.16.,5,0,0,종류: 08 교정칫솔-슬림형
4394,"치솔보관통 혀클리너 선물로 보내주셔서 감사해요 
잘쓸게요",20.06.03.,5,0,0,종류: 05 어린이이중슬림모(7세-10세)
4395,저렴하게 잘 샀어요 아직 쓰지는 않았지만 좋아요,20.06.19.,5,0,0,종류: 07 교정칫솔-일반형
4396,재구매어머니가 이것만 사용하세요! 잇몸 정말정말 약하신 분들께 좋은 것 같아요! 저는 좀 간지러운 느낌..,20.06.12.,5,재구매,0,종류: 00 초미세모(매우부드러운)
4397,항상쓰는 칫솔이에요,20.06.28.,5,0,0,종류: 01 성인이중슬림모(보편적인)
4398,배송 품질 모두 좋습니다,20.07.18.,5,0,0,종류: 03 성인올슬림모-고급형(민감성)
4399,배송 품질 모두 좋습니다,20.07.18.,5,0,0,종류: 01 성인이중슬림모(보편적인)
4400,배송 품질 모두 좋습니다,20.07.18.,5,0,0,종류: 09 어금니-일반형
4401,"몇년째 쓰던거에요~
교정중이라 일반 칫솔은
못쓰겟어요",20.06.17.,5,0,0,종류: 12 해피덴-비타민이중슬림모(보편적인)
4402,재구매종류별로 사서 써보고 다음엔 그중 제일 좋은거 구매하려구요! 어금니가 잘 닦였으면 좋겠어요,20.06.12.,4,재구매,0,종류: 13 해피덴-비타민올슬림모(민감성)
4403,"항상 쓰던거라 좋아요.
이제는 다른 칫솔로 닦으면 찝찝해요.",20.07.08.,5,0,0,종류: 01 성인이중슬림모(보편적인)
4404,한달사용기가격도 저렴하고 치아교정중인데 다른 칫솔써봤는데여기 칫솔이 그래도 가장 좋은것 같아요! 근데 가끔씩 칫솔모가 빠져서 교정기에 엉키는 문제는 있네요ㅠㅠ,20.06.07.,4,0,한달사용기,종류: 07 교정칫솔-일반형
4405,미세모 칫솔로 양치 해줘야 한다고 치과에서 말해서 바로 구입했어요~~ 38개월 아기에게 사이즈 잘 맞아오,20.07.01.,5,0,0,종류: 06 유아올슬림모(13개월-36개월)
4406,"한달사용기손에 힘을 너무 주고 양치하는건지,,
다른건 모가 금방 벌어지는데
그래도 여기거는 조금더 오래가는것 같아요",20.07.06.,5,0,한달사용기,종류: 5-2 너구리이중슬림모(7세-10세)
4407,너무 딱딱하지도 부드럽지도 않으면서 잘 닦여요~,20.06.24.,5,0,0,종류: 01 성인이중슬림모(보편적인)
4408,배송도 빠르고 포장도 깔끔하게~~~감사합니다.,20.07.16.,5,0,0,종류: 13 해피덴-비타민올슬림모(민감성)
4409,재구매안쪽 어금니 닦을때 좋아요. 그런데 가끔씩 칫솔모가 빠져서 교정기에 엉기는건 단점입니다ㅜㅜ그래도 가성비가 좋아서 앞으로 계속 재구매할 예정입니다,20.06.06.,4,재구매,0,종류: 09 어금니-일반형
4410,재구매재구매해요 너무 좋아요,20.07.14.,5,재구매,0,종류: 03 성인올슬림모-고급형(민감성)
4411,사용전이라 잘 모르겠어요,20.07.16.,3,0,0,종류: 07 교정칫솔-일반형
4412,"재구매교정칫솔 구매했었는데, 괜찮아서 이번에는 일반모 구입했어요",20.06.20.,5,재구매,0,종류: 03 성인올슬림모-고급형(민감성)
4413,"어금니 칫솔은 안썼었는데 
치과 의사 선생님이 추천하셔서 한번 써보려고 주문 했어요 잘 쓸수 있기를 바래 봅니다",20.06.13.,5,0,0,종류: 10 어금니-돔형
4414,항상 쓰는 칫솔이라 또 구매했어요~,20.07.15.,5,0,0,종류: 05 어린이이중슬림모(7세-10세)
4415,한달사용기아이들 어른 모두 쓰기 좋아요^^,20.07.17.,5,0,한달사용기,종류: 05 어린이이중슬림모(7세-10세)
4416,"너무 좋아요~~^^ 가격도 싸고요, 교정중인 아들 주려고 샀는데 어금니 사이사이 그리고 교정기 사이사이 닦을때 너무 좋다고하네요^^.  토요일이라 배송 없을 줄 알았는데 토요일에도 배송해주셔서 아주 잘 사용하고 있어요. 감사합니다~^^ 혀클리너도 보너스로 주셨나봐요~~",20.05.23.,5,0,0,종류: 10 어금니-돔형
4417,"항상쓰는제품이에요
너무좋아요~♡",20.06.25.,5,0,0,종류: 10 어금니-돔형
4418,"치아교정중인 아내와 가족을 위해
일반용, 교정용 칫솔을 선택했습니다.
많은 구매와 후기에 걸맞는 제품입니다. 
빠른 배송 감사합니다.",20.06.09.,5,0,0,종류: 08 교정칫솔-슬림형
4419,치과칫솔 쓰려고 샀어요! 닦아 보니 효과 좋네요 ㅎ,20.07.09.,4,0,0,종류: 10 어금니-돔형
4420,교정 중인데 치아 겉면을 닦을 때 유용할 것 같아요,20.07.11.,5,0,0,종류: 10 어금니-돔형
4421,교정 중인데 치아 겉면을 닦을 때 유용할 것 같아요,20.07.11.,5,0,0,종류: 09 어금니-일반형
4422,재구매항상 쓰던거라 죠아욘~~~,20.07.18.,5,재구매,0,종류: 07 교정칫솔-일반형
4423,좋아요.치과에서받은거랑같아요,20.07.11.,4,0,0,종류: 01 성인이중슬림모(보편적인)
4424,한달사용기믿고 구매합니다.!사용해보니 부드러워 좋아요,20.07.08.,5,0,한달사용기,종류: 03 성인올슬림모-고급형(민감성)
4425,한달사용기믿고 구매합니다.!사용해보니 부드러워 좋아요,20.07.08.,5,0,한달사용기,종류: 00 초미세모(매우부드러운)
4426,좋아요 좋앙 ㅛ좋앙요 좋앙요 좋아요ㅕ,20.08.10.,5,0,0,종류: 14 미소덴탈 금올슬림모(민감성)
4427,싸게 잘산것같아요 병원에서 줬던칫솔이랑 똑같은듯?,20.06.20.,5,0,0,종류: 07 교정칫솔-일반형
4428,"재구매했어요 
친구한테도 선물하려고 여러개 샀어요",20.07.07.,5,0,0,종류: 13 해피덴-비타민올슬림모(민감성)
4429,"교정 끝나고 유지장치 착용중인데, 여기가 은근 양치가 잘 안되더라구요😞 그래서 치과 갈때마다 은근 잔소리 들었었는데 교정칫솔로 바꾸고나서는 양치가 잘 되는 기분이 들어요👍🏻 여기에 어금니 칫솔까지 하면 대박입니다 진짜👍🏻❤️",20.06.02.,5,0,0,종류: 07 교정칫솔-일반형
4430,한달사용기이것만써요 ㅋ몇년째 ㅎ,20.06.23.,4,0,한달사용기,종류: 01 성인이중슬림모(보편적인)
4431,"싼 가격에 구매 했어요
배송도 빠르네요",20.07.13.,5,0,0,종류: 01 성인이중슬림모(보편적인)
4432,한달사용기솔이 생각보다 뻣뻣해서 다음에는 돔형말고 더 뾰족한걸 사볼까해요. 품질은 좋아요.,20.07.02.,4,0,한달사용기,종류: 10 어금니-돔형
4433,한달사용기슬림형이 끝부분이 뾰족해서 저는 맘에들어요!! 구석구석 닦이는 기분이라 더 열심히 양치질 하게 되네요. 처음쓰는 제품이라 종류별로 샀는데 앞으로는 슬림형으로 사려구요,20.06.24.,5,0,한달사용기,종류: 08 교정칫솔-슬림형
4434,재구매항상 여기서 주문해서 씁니다 ~이번엔 진짜 배송이 빨랐어요 ~~ 감사합니다 ^^,20.07.03.,5,재구매,0,종류: 03 성인올슬림모-고급형(민감성)
4435,"단단한모는 처음 사봤어요.
아직 사용전이네요.",20.07.08.,5,0,0,종류: 00 성인일반모(단단한)
4436,슬림하고 좋아요~~,20.07.19.,5,0,0,종류: 08 교정칫솔-슬림형
4437,편안하게 닦여요.아프지않아요,20.07.09.,4,0,0,종류: 01 성인이중슬림모(보편적인)
4438,"아이 치아교정장치를 해서 치과에서 무료로 제공한 칫솔 종류들을 다 쓰는 바람에 치과에서 구매할려니 조금 비싼감이 있어 인터넷 알아보다 후기도 많고 꼼꼼히 읽어 보고 여러 종류로 구매했어요 
아직 쓰기전이지만 인터넷으로 구매하기 잘한것 같아요 치과에서 준 칫솔도 인터넷검색하니 팔드라구요 인터넷이 더 저렴했구요 아이들이 아무래도 꼼꼼이 양치질을 못하다 보니 교정장치를 안한 작은 아이도 써서 구석구석 깨씃히 닦으라고 더 구매했네요 호기심에 작은애가 좋아라 해요. 판매자님이 색상종류를 다양하게 포장해 주셔서 세심함이 느껴졌습니다.",20.05.14.,5,0,0,종류: 07 교정칫솔-일반형
4439,"아이 치아교정장치를 해서 치과에서 무료로 제공한 칫솔 종류들을 다 쓰는 바람에 치과에서 구매할려니 조금 비싼감이 있어 인터넷 알아보다 후기도 많고 꼼꼼히 읽어 보고 여러 종류로 구매했어요 
아직 쓰기전이지만 인터넷으로 구매하기 잘한것 같아요 치과에서 준 칫솔도 인터넷검색하니 팔드라구요 인터넷이 더 저렴했구요 아이들이 아무래도 꼼꼼이 양치질을 못하다 보니 교정장치를 안한 작은 아이도 써서 구석구석 깨씃히 닦으라고 더 구매했네요 호기심에 작은애가 좋아라 해요. 판매자님이 색상종류를 다양하게 포장해 주셔서 세심함이 느껴졌습니다.",20.05.14.,5,0,0,종류: 08 교정칫솔-슬림형
4440,"아이 치아교정장치를 해서 치과에서 무료로 제공한 칫솔 종류들을 다 쓰는 바람에 치과에서 구매할려니 조금 비싼감이 있어 인터넷 알아보다 후기도 많고 꼼꼼히 읽어 보고 여러 종류로 구매했어요 
아직 쓰기전이지만 인터넷으로 구매하기 잘한것 같아요 치과에서 준 칫솔도 인터넷검색하니 팔드라구요 인터넷이 더 저렴했구요 아이들이 아무래도 꼼꼼이 양치질을 못하다 보니 교정장치를 안한 작은 아이도 써서 구석구석 깨씃히 닦으라고 더 구매했네요 호기심에 작은애가 좋아라 해요. 판매자님이 색상종류를 다양하게 포장해 주셔서 세심함이 느껴졌습니다.",20.05.14.,5,0,0,종류: 09 어금니-일반형
4441,"아이 치아교정장치를 해서 치과에서 무료로 제공한 칫솔 종류들을 다 쓰는 바람에 치과에서 구매할려니 조금 비싼감이 있어 인터넷 알아보다 후기도 많고 꼼꼼히 읽어 보고 여러 종류로 구매했어요 
아직 쓰기전이지만 인터넷으로 구매하기 잘한것 같아요 치과에서 준 칫솔도 인터넷검색하니 팔드라구요 인터넷이 더 저렴했구요 아이들이 아무래도 꼼꼼이 양치질을 못하다 보니 교정장치를 안한 작은 아이도 써서 구석구석 깨씃히 닦으라고 더 구매했네요 호기심에 작은애가 좋아라 해요. 판매자님이 색상종류를 다양하게 포장해 주셔서 세심함이 느껴졌습니다.",20.05.14.,5,0,0,종류: 10 어금니-돔형
4442,"아이 치아교정장치를 해서 치과에서 무료로 제공한 칫솔 종류들을 다 쓰는 바람에 치과에서 구매할려니 조금 비싼감이 있어 인터넷 알아보다 후기도 많고 꼼꼼히 읽어 보고 여러 종류로 구매했어요 
아직 쓰기전이지만 인터넷으로 구매하기 잘한것 같아요 치과에서 준 칫솔도 인터넷검색하니 팔드라구요 인터넷이 더 저렴했구요 아이들이 아무래도 꼼꼼이 양치질을 못하다 보니 교정장치를 안한 작은 아이도 써서 구석구석 깨씃히 닦으라고 더 구매했네요 호기심에 작은애가 좋아라 해요. 판매자님이 색상종류를 다양하게 포장해 주셔서 세심함이 느껴졌습니다.",20.05.14.,5,0,0,종류: 11 어금니-슬림형
4443,문의 후 친절한 답변을 듣고 구매라 좋아요,20.07.11.,4,0,0,종류: 10 어금니-돔형
4444,좋아요 싸고 아직 써보기 않았지만 좋아요,20.06.19.,5,0,0,종류: 08 교정칫솔-슬림형
4445,"이제품만 꾸준히 씁니다.
써보시면 압니다.
매번 사은품으로 혀클리너 기본으로 넣어주셨는데 이번에는 케이스도 왔네요.",20.06.12.,5,0,0,종류: 01 성인이중슬림모(보편적인)
4446,배송도 빠르고 저렴하게잘샀어요,20.07.13.,5,0,0,종류: 04 어린이올슬림모(24개월-6세)
4447,"한달사용기사랑니가 나서 음식물이 잘끼는데 
이걸로 양치하면 쏙쏙 잘빠지는거같아요!",20.06.16.,5,0,한달사용기,종류: 09 어금니-일반형
4448,재구매배송도 빠르고 모가 부드러워요,20.06.23.,4,재구매,0,종류: 04 어린이올슬림모(24개월-6세)
4449,재구매좋앙ㅇ 좋아용 조항용ㅇ,20.07.24.,5,재구매,0,종류: 13 해피덴-비타민올슬림모(민감성)
4450,품질도 괜찮고 가격도 저렴해서 좋아요.,20.07.14.,4,0,0,종류: 07 교정칫솔-일반형
4451,한달사용기이것만사요 ㅋㅋ정말좋아요,20.06.23.,3,0,한달사용기,종류: 00 성인일반모(단단한)
4452,한달사용기좋습니다.감사합니다,20.07.16.,5,0,한달사용기,종류: 09 어금니-일반형
4453,재구매배송이 빨랐고요 칫솔모는 작지만 빳빳해서 아주 힘이 잘 들어가서 잘닦입니다,20.06.12.,5,재구매,0,종류: 07 교정칫솔-일반형
4454,저렴한 가격에 샀어요 기능은 그저그래요,20.07.07.,3,0,0,종류: 08 교정칫솔-슬림형
4455,좋아요좋아요 잘쓸게요,20.08.06.,5,0,0,종류: 00 성인일반모(단단한)
4456,휴대용으로 편안합니다,20.06.24.,4,0,0,종류: 07 교정칫솔-일반형
4457,"재재구매이네여ㅡ 
잇몸이 약해 요 칫솔만 써요",20.07.14.,5,0,0,종류: 01 성인이중슬림모(보편적인)
4458,어금니 끝쪽이 잘 닦여서 만족합니다,20.06.21.,5,0,0,종류: 09 어금니-일반형
4459,어금니 끝쪽이 잘 닦여서 만족합니다,20.06.21.,5,0,0,종류: 10 어금니-돔형
4460,어금니 칫솔은 처음 써보는데 마음에 들어요,20.07.10.,5,0,0,종류: 11 어금니-슬림형
4461,정말좋아요~~~~~~~~~~~~~~~~~^^,20.07.02.,5,0,0,종류: 07 교정칫솔-일반형
4462,"재구매부모님께서 칫솔 너무 좋다고 많이 주문하라고 하셔서 재주문합니다!!
사은품으로 보내주신 혀 클리너도 감사해요 다 쓰면 또 주문하러 올게요^^",20.06.04.,5,재구매,0,종류: 14 미소덴탈 금올슬림모(민감성)
4463,"재구매부모님께서 칫솔 너무 좋다고 많이 주문하라고 하셔서 재주문합니다!!
사은품으로 보내주신 혀 클리너도 감사해요 다 쓰면 또 주문하러 올게요^^",20.06.04.,5,재구매,0,종류: 08 교정칫솔-슬림형
4464,"재구매부모님께서 칫솔 너무 좋다고 많이 주문하라고 하셔서 재주문합니다!!
사은품으로 보내주신 혀 클리너도 감사해요 다 쓰면 또 주문하러 올게요^^",20.06.04.,5,재구매,0,종류: 12 해피덴-비타민이중슬림모(보편적인)
4465,"재구매부모님께서 칫솔 너무 좋다고 많이 주문하라고 하셔서 재주문합니다!!
사은품으로 보내주신 혀 클리너도 감사해요 다 쓰면 또 주문하러 올게요^^",20.06.04.,5,재구매,0,종류: 07 교정칫솔-일반형
4466,"재구매부모님께서 칫솔 너무 좋다고 많이 주문하라고 하셔서 재주문합니다!!
사은품으로 보내주신 혀 클리너도 감사해요 다 쓰면 또 주문하러 올게요^^",20.06.04.,5,재구매,0,종류: 00 성인일반모(단단한)
4467,구석구석 양치하기 좋아요,20.06.23.,5,0,0,종류: 11 어금니-슬림형
4468,"재구매재주문했어요..
가격 부담없고... 추천합니다^^",20.06.17.,5,재구매,0,종류: 05 어린이이중슬림모(7세-10세)
4469,재구매어린이 칫솔 이것만 써요 ㅎ 가격도 좋고 늘 믿고 써요,20.06.16.,5,재구매,0,종류: 04 어린이올슬림모(24개월-6세)
4470,잘닦이고 좋아용 계속 구매할려구용 ㅎㅎ ㄱ굿입니다,20.07.14.,5,0,0,종류: 03 성인올슬림모-고급형(민감성)
4471,부드럽고 좋아요^^ 단지 칫솔헤드 큰거 쓰시는분들은 좀 작다고 느낄수도 있을꺼 같아요..,20.06.30.,5,0,0,종류: 02 성인올슬림모-일반형(민감성)
4472,넘  맘에  들어요 자극도  별로 없고  잘  닦이네요,20.07.06.,5,0,0,종류: 03 성인올슬림모-고급형(민감성)
4473,한달사용기좋습니다.감사합니다.,20.07.16.,5,0,한달사용기,종류: 00 성인일반모(단단한)
4474,"재구매일반적으로 사용해보면 일반적인게 가장 좋습니다. 
2070 이런것도 써보았지만.. 평균적인게 가장 좋습니다. 
칫솔을 어떻게 쓰느냐 닦느냐가 관건 인것 같습니다. 
치과에서 교육받은대로 닦아야 합니다. 안그러면 치아 마모..
그리고 치석이 생길 수 있습니다. 
전동칫솔도 일부러 사서 써보고 초음파도 써보았지만...
아무래도 그냥 칫솔이 가장 잘 닦이는 느낌입니다.",20.06.20.,5,재구매,0,종류: 05 어린이이중슬림모(7세-10세)
4475,아직 사용 안해봤는데 좋을 것 같아요,20.07.11.,5,0,0,종류: 02 성인올슬림모-일반형(민감성)
4476,"재구매항상 사용하던 제품입니다. 
매번 사는건데 고정으로 받을 수 있는 방법을 
택해야 하는건 아닌지 생각해 봅니다. 
칫솔모는 1달에 한번은 교체 하기 마련입니다. 
아이들같은경우에는 1주일 2주일 이런식으로 교체 됩니다. 
전동칫솔도 써봤지만.. 아무래도 일반적인게 좋다고 느꼈습니다",20.06.20.,5,재구매,0,종류: 01 성인이중슬림모(보편적인)
4477,잘닦이고 좋아용 계속 구매할려구용 ㅎㅎㅎ,20.07.14.,5,0,0,0
4478,아직 사용전이지만 배송도 빠르고 좋아요,20.07.10.,4,0,0,종류: 01 성인이중슬림모(보편적인)
4479,계속쓰고있는 제품이에요,20.07.13.,5,0,0,종류: 04 어린이올슬림모(24개월-6세)
4480,계속 쓰고있는 제품이에요,20.07.13.,5,0,0,종류: 01 성인이중슬림모(보편적인)
4481,한달사용기항상 이 칫솔만 사요~~~,20.07.16.,5,0,한달사용기,종류: 03 성인올슬림모-고급형(민감성)
4482,늘쓰던제품입니다좋ㅇㅏ요,20.07.19.,5,0,0,종류: 05 어린이이중슬림모(7세-10세)
4483,좋아요 항상쓰고있어요,20.06.25.,5,0,0,종류: 11 어금니-슬림형
4484,문의 후 구매라 넘 만족스럽습니다,20.07.11.,5,0,0,종류: 08 교정칫솔-슬림형
4485,재구매상품과 무관한 사진 동영,20.07.13.,5,재구매,0,종류: 07 교정칫솔-일반형
4486,한달사용기몇년째이것만써요굿뜨,20.06.23.,4,0,한달사용기,종류: 10 어금니-돔형
4487,항상 사용하는 칫솔  입니다,20.07.13.,5,0,0,종류: 08 교정칫솔-슬림형
4488,칫솔에 민감한 편인데 오랜만에 흡족한 제품을 만났네요 추천입니다,20.06.12.,5,0,0,종류: 03 성인올슬림모-고급형(민감성)
4489,하자 없이 잘 도착했네여 부드러워서 좋아여 근데 배송이 너무 느~리네여!,20.05.28.,3,0,0,종류: 08 교정칫솔-슬림형
4490,"치솔모도 부드럽고 그립감도 아주 좋네요
가격도 착해서 아주만족입니다.
대식구인 우리에게 딱이네요",20.06.01.,5,0,0,종류: 08 교정칫솔-슬림형
4491,어금니 칫솔은 처음 써보는데 좋아요,20.07.10.,5,0,0,종류: 10 어금니-돔형
4492,으음... 그냥 무난했어요,20.07.15.,3,0,0,종류: 10 어금니-돔형
4493,어금니칫솔 밖에 아직 안써봤지만 좋아여,20.07.09.,4,0,0,0
4494,재구매늘쓰고있는 제품 만족해요,20.07.12.,5,재구매,0,종류: 01 성인이중슬림모(보편적인)
4495,가격도 저렴하고 제품도 좋아요,20.07.13.,5,0,0,종류: 00 성인일반모(단단한)
4496,배송 빠르고 제품도 좋고 가격도 저렴하게 구입한것 같아요,20.06.03.,5,0,0,종류: 00 성인일반모(단단한)
4497,한달사용기쓰던 칫솔이라 좋아요,20.07.13.,5,0,한달사용기,종류: 04 어린이올슬림모(24개월-6세)
4498,늘 사용하고 있어요. 좋습니다,20.07.12.,5,0,0,종류: 01 성인이중슬림모(보편적인)
4499,한달사용기모가 튼튼하고 좋아요~~^^,20.07.15.,5,0,한달사용기,종류: 04 어린이올슬림모(24개월-6세)
4500,교정중인데 잘 닦여 좋아요,20.06.21.,5,0,0,종류: 07 교정칫솔-일반형
4501,"칫솔모가 가는데도 탄탄해서 양치질이 잘되요 3살 5살 8살 키우는데 잘 쓰고 있어요!
이중슬림모 올 슬림모 섞어서 시켰는데 그냥 이중슬림모로 다 같이 쓸까봐요 ㅋ 좀 헷갈려요~",20.06.22.,5,0,0,종류: 04 어린이올슬림모(24개월-6세)
4502,재구매항상쓰던거여서 사용해요 저렴하고 좋아요,20.06.14.,5,재구매,0,종류: 01 성인이중슬림모(보편적인)
4503,한달사용기이 칫솔이 잘 닦여서 엄마께도 드렸는데 반신반의 하시면서 쓰시다가 나중에 이 칫솔이 진짜 잘 닦이는 것 같다고 말씀하시더라구요ㅎㅎ 그 이후로 이 칫솔만 구매해요~,20.06.24.,5,0,한달사용기,종류: 12 해피덴-비타민이중슬림모(보편적인)
4504,"배송도빠르게왔고,혀클리너도사은품으로주셨네요",20.06.17.,5,0,0,종류: 01 성인이중슬림모(보편적인)
4505,치과칫솔예전에사용했을때좋아서샀어요,20.06.17.,5,0,0,종류: 00 성인일반모(단단한)
4506,재구매교정중인데 여기꺼만 사용해요 ㅎㅎ,20.07.11.,4,재구매,0,종류: 09 어금니-일반형
4507,재구매매번쓰는거에요 좋아요,20.07.12.,5,재구매,0,종류: 04 어린이올슬림모(24개월-6세)
4508,배송도 엄청 빨리왔구요 일반모라서 아플줄알았는데 전혀안아프고 시원하게 빤질빤질잘닦여요 미세모보다 개운해요 치과에서 혼나고와서 바로주뮨했습니당 재구매의사 있음요,20.05.29.,5,0,0,종류: 00 성인일반모(단단한)
4509,서비스로 혀클리너도 주시고 칫솔케이스도 주셔서 감사합니다.다음에 또 구매할께요~,20.06.28.,5,0,0,종류: 05 어린이이중슬림모(7세-10세)
4510,"사랑니 관리하기가 힘들어서 구입하게 됐어요
근데 너무너무 좋아요~
저기 안에 있는 사랑니까지 깔끔하게 양치된 기분 ^^",20.06.05.,5,0,0,종류: 09 어금니-일반형
4511,늘 쓰는 칫솔입니다.,20.06.23.,5,0,0,종류: 03 성인올슬림모-고급형(민감성)
4512,"계속 주문해서 사용하고 있어요
부드럽고 좋은거같아요",20.07.07.,4,0,0,종류: 03 성인올슬림모-고급형(민감성)
4513,칫솔모 적당한 강도라 좋아요,20.07.10.,5,0,0,종류: 13 해피덴-비타민올슬림모(민감성)
4514,칫솔모도 작고 마음에 들어요,20.07.10.,5,0,0,종류: 03 성인올슬림모-고급형(민감성)
4515,재구매입니다 가격도 좋고 제품도 만족해요,20.07.09.,5,0,0,종류: 07 교정칫솔-일반형
4516,잘 도착해서 사용하고 있습니다. 칫솔모가 엄지 손톱만큼 작아서 조금 불편하지만 나름 안쪽까지 잘 닦여서 나쁘지 않습니다. 어금니 칫솔은 쉽게 벌어질 것 같아서 살살 써야겠어요,20.06.18.,3,0,0,종류: 09 어금니-일반형
4517,치아교정 칫솔 강추,20.07.12.,5,0,0,종류: 07 교정칫솔-일반형
4518,조아요 항상 이용하고 있음둥,20.07.05.,5,0,0,종류: 03 성인올슬림모-고급형(민감성)
4519,괜찮아요 빠른배송입니다~,20.07.11.,4,0,0,종류: 03 성인올슬림모-고급형(민감성)
4520,배송도 빠르고 교정한 딸이 사용하기 좋다고 하네요~~,20.07.06.,4,0,0,종류: 09 어금니-일반형
4521,한달사용기칫솔만으로 안닦이는 부분이 잘닦여서 좋아요,20.06.16.,5,0,한달사용기,종류: 10 어금니-돔형
4522,배송빠르게 잘 받앗습니다,20.07.10.,4,0,0,종류: 07 교정칫솔-일반형
4523,"어금니 옆면이랑
깊숙한부분까지 양치가잘되고
좋아요",20.06.15.,5,0,0,종류: 09 어금니-일반형
4524,칫솔모부드럽고 미세모네요 아직닦아보진않았는데 헤드도크지않고 괜찮을듯해요,20.06.07.,5,0,0,종류: 02 성인올슬림모-일반형(민감성)
4525,칫솔모부드럽고 미세모네요 아직닦아보진않았는데 헤드도크지않고 괜찮을듯해요,20.06.07.,5,0,0,종류: 04 어린이올슬림모(24개월-6세)
4526,칫솔모부드럽고 미세모네요 아직닦아보진않았는데 헤드도크지않고 괜찮을듯해요,20.06.07.,5,0,0,종류: 06 유아올슬림모(13개월-36개월)
4527,재구매dhks완전발리왓어요배송,20.07.13.,5,재구매,0,종류: 09 어금니-일반형
4528,일반형이지만 부드럽게 닦여서 좋네요!,20.06.17.,5,0,0,종류: 07 교정칫솔-일반형
4529,일반모 먼저 써봤는데 괜찮은것 같아요 가격만 좀더 착하면 더 바랄게 없을것같아요,20.06.29.,4,0,0,종류: 01 성인이중슬림모(보편적인)
4530,추천받아서 처음써보는데 좋은것 같아요~,20.07.07.,5,0,0,종류: 09 어금니-일반형
4531,추천받아서 처음써보는데 좋은것 같아요~,20.07.07.,5,0,0,종류: 11 어금니-슬림형
4532,가격 저렴하고 배송도 빠르고  좋아요,20.06.03.,4,0,0,종류: 01 성인이중슬림모(보편적인)
4533,물건 빠르고 정확하게 잘왔습니다.,20.07.08.,4,0,0,종류: 01 성인이중슬림모(보편적인)
4534,아이가  치아가 3개 썩어서  깨끗닦으려고 구매 했네요  칫솔이 미세하고  단단해서  만족 해요,20.06.26.,5,0,0,종류: 05 어린이이중슬림모(7세-10세)
4535,"일반모가 필요해서 구매.
며칠 사용한 느낌이 나쁘지 않은데요..
칫솔대가 좀 더 넓어도 좋겠어요",20.06.05.,5,0,0,종류: 00 성인일반모(단단한)
4536,재구매늘 이것만 씁니다 믿고 매번 구매합니다,20.06.16.,5,재구매,0,종류: 02 성인올슬림모-일반형(민감성)
4537,칫솔  부드럽고  좋아요  잘쓸께요~~~^^,20.07.11.,4,0,0,종류: 02 성인올슬림모-일반형(민감성)
4538,"배송빠릅니다.
아직은  사용전이지만  서비스로 혀클리너 감사해요",20.07.02.,5,0,0,종류: 02 성인올슬림모-일반형(민감성)
4539,삐른배송 넘좋아요 넘좋아요,20.07.08.,5,0,0,종류: 01 성인이중슬림모(보편적인)
4540,배송빠르고 꼼꼼이 닦여요,20.07.08.,5,0,0,종류: 03 성인올슬림모-고급형(민감성)
4541,유지장치 중인데 항상 안쪽에 칫솔질이 안돼서ㅜㅜ치과갈때마다 스켈링하고 민망했는데 요걸로 구석구석까지 잘닦여서 너무 좋아여ㅋㅋㅋ저쓸려고 산건데 엄마도 좋다고 가져가서 쓰고계시네영..다쓰면 또 시킬게요!!,20.06.12.,5,0,0,종류: 11 어금니-슬림형
4542,너무 만족스러워요^^,20.07.11.,4,0,0,종류: 09 어금니-일반형
4543,저한테는 센데 남편은좋대요~자주갈아서 쓰는게 좋은거같애요ㅎ,20.06.28.,5,0,0,종류: 00 성인일반모(단단한)
4544,"재구매재주문해서 사용중인데.. 
만족합니다^^",20.06.17.,5,재구매,0,종류: 02 성인올슬림모-일반형(민감성)
4545,"배송도 빠르고 사용감도 좋습니다.
다음에 또 구매 할께요.",20.06.09.,5,0,0,종류: 01 성인이중슬림모(보편적인)
4546,다 갠찬은거 같아요 좋습니다,20.07.07.,5,0,0,종류: 08 교정칫솔-슬림형
4547,상품잘받았어요 잘쓸께요,20.06.16.,5,0,0,종류: 03 성인올슬림모-고급형(민감성)
4548,한달사용기무조건 재구매입니다 가성비굿,20.07.07.,5,0,한달사용기,종류: 04 어린이올슬림모(24개월-6세)
4549,저렴하게 잘 구매하였습니다~,20.06.18.,5,0,0,종류: 01 성인이중슬림모(보편적인)
4550,"진짜 칫솔 너무 좋아요
계속 구내해서 쓰고 싶에요",20.06.13.,5,0,0,종류: 14 미소덴탈 금올슬림모(민감성)
4551,"한달사용기치솔좋아요
추천합니다",20.07.09.,4,0,한달사용기,종류: 05 어린이이중슬림모(7세-10세)
4552,늘 사용해요. 교정뗄때까지 충치없기를ᆢ,20.06.10.,3,0,0,종류: 07 교정칫솔-일반형
4553,치과칫솔 써보니 좋으네요!!!!,20.07.09.,3,0,0,종류: 03 성인올슬림모-고급형(민감성)
4554,너무 귀여워요 배송도 빠르고 제품도 좋아요,20.06.12.,5,0,0,종류: 05 어린이이중슬림모(7세-10세)
4555,서비스도 넣어주시고 포잘도 4개씩 묶어서 아주 깔끔하게 해서 왔어요.,20.06.11.,5,0,0,종류: 01 성인이중슬림모(보편적인)
4556,다른것 쓰다가 이번에 바꿨는데 부드럽고 좋아요,20.07.03.,5,0,0,종류: 08 교정칫솔-슬림형
4557,"재구매재구매입니다 사용함에 무난합니다 가격도 저렴해서 좋아요
어금니칫솔 이번엔 돔형으로 산다는게 옵션 선택 착오였는지 슬림형이 왔는데 일단 쓰고 또 재구매하러 오겠습니다 빠흔 배송 감사합니다",20.05.29.,5,재구매,0,종류: 11 어금니-슬림형
4558,쓰던 제품이에요. 졸아요,20.07.08.,5,0,0,종류: 05 어린이이중슬림모(7세-10세)
4559,한달사용기쫀쫀한데 잇몸 안아프고 좋아요,20.07.06.,5,0,한달사용기,종류: 01 성인이중슬림모(보편적인)
4560,재구매배송빠르고요 칫솔모 길어서 이빨 다 빨리 닦네요 손잡이도 넓어서 그립감 좋고요 칫솔 뚜껑 있어서 주머니에 쏙 넣기 편하네요,20.05.23.,5,재구매,0,종류: 12 해피덴-비타민이중슬림모(보편적인)
4561,좋으면 재구매하겠습니다!,20.06.18.,5,0,0,종류: 02 성인올슬림모-일반형(민감성)
4562,"재구매20개 재주문이요~
예전꺼  떨어져서 집에있던거 썼더만...영~~개운치않아서  바로주문하고 하루만에 받았습니다! 
마니파세요~늦은나이에 치아교정하는데 요게 딱~!!!",20.06.03.,5,재구매,0,종류: 08 교정칫솔-슬림형
4563,아이 교정시작하면서 치과에서 권하는 제품 구매했습니다. 교정기가 있어도 구석구석 잘 닦인다고 하네요.,20.06.01.,5,0,0,종류: 07 교정칫솔-일반형
4564,아이 교정시작하면서 치과에서 권하는 제품 구매했습니다. 교정기가 있어도 구석구석 잘 닦인다고 하네요.,20.06.01.,5,0,0,종류: 08 교정칫솔-슬림형
4565,무난해요 배송 빨리와서 좋습니다,20.06.10.,4,0,0,종류: 07 교정칫솔-일반형
4566,양이 칫솔로 샀어요!,20.07.09.,3,0,0,종류: 03 성인올슬림모-고급형(민감성)
4567,배송도 빠르고 좋습니다!,20.06.18.,5,0,0,종류: 14 미소덴탈 금올슬림모(민감성)
4568,가격저렴한데 좋아요 헤드가 크지 않아 구석구석 잘 닦여요,20.06.06.,5,0,0,종류: 03 성인올슬림모-고급형(민감성)
4569,미세모 부드럽고 좋아요,20.07.07.,5,0,0,0
4570,모가 튼튼 하고 좋네요,20.07.07.,5,0,0,종류: 00 성인일반모(단단한)
4571,재구매단단한모 좋아해서 저는 만족합니다 잘닦여요 개운해요,20.06.11.,5,재구매,0,종류: 00 성인일반모(단단한)
4572,쓰던 거에요. 젛아뇨,20.07.08.,5,0,0,종류: 5-2 너구리이중슬림모(7세-10세)
4573,저렴한 가격에 잘샀어요. 교정중인 초등학생 아이가 잘 쓰고있어요.,20.06.05.,5,0,0,종류: 08 교정칫솔-슬림형
4574,잇몸이 안좋아서 쓰는데 좋아요,20.06.14.,5,0,0,종류: 00 초미세모(매우부드러운)
4575,교정 중인 고등학생이 쓰기 좋아요. 좋은가격에 잘샀어요,20.06.05.,5,0,0,종류: 07 교정칫솔-일반형
4576,재구매괜찮아요 부드럽고 좋아요,20.07.03.,4,재구매,0,종류: 03 성인올슬림모-고급형(민감성)
4577,재구매항상 쓰는 제품이예요 좋아요!!!,20.06.16.,5,재구매,0,종류: 08 교정칫솔-슬림형
4578,"재구매칫솔 사용해보니 가격도 착하고 저렴해서 좋아요 재구매입니다
다 사용하면 또 구매하러 올게요 빠른 배송 감사합니다",20.05.29.,5,재구매,0,종류: 03 성인올슬림모-고급형(민감성)
4579,왕창 사서 써본 소감은 무난하게 사용하기 좋다입니다!,20.06.10.,4,0,0,종류: 10 어금니-돔형
4580,왕창 사서 써본 소감은 무난하게 사용하기 좋다입니다!,20.06.10.,4,0,0,종류: 09 어금니-일반형
4581,좋아요..항상쓰던거에요,20.06.11.,4,0,0,종류: 01 성인이중슬림모(보편적인)
4582,재구매사랑니양치가잘안되서사서쓰는데좋아요,20.06.11.,5,재구매,0,종류: 11 어금니-슬림형
4583,이 한번 닦았더니 칫솔모가 너무 빠져서 쓸수가 없어요 세개 샀는데 이거 한개만 그런건지 나머지 두개도 그런건지는 모르겠지만 한번쓰고 버렸네요 이 닦는데 모가 계속 빠지고 교정기에 껴서 제대로 이를 못닦을정도예요,20.05.20.,1,0,0,종류: 07 교정칫솔-일반형
4584,잘 사용하겠습니다~~,20.06.18.,5,0,0,종류: 12 해피덴-비타민이중슬림모(보편적인)
4585,재구매항상 쓰고 있어요 그래서 재구매했어요,20.06.29.,5,재구매,0,종류: 02 성인올슬림모-일반형(민감성)
4586,매번쓰던거라 항상 만족하고 씁니다~,20.07.03.,5,0,0,종류: 01 성인이중슬림모(보편적인)
4587,매번쓰던거라 항상 만족하고 씁니다~,20.07.03.,5,0,0,종류: 05 어린이이중슬림모(7세-10세)
4588,다음에도 또 구매하고 싶어요,20.06.13.,5,0,0,종류: 01 성인이중슬림모(보편적인)
4589,"치과용 칫솔을 쓰는데요
탄탄하면서 부드럽게 잘 닦입니다",20.06.24.,5,0,0,종류: 00 성인일반모(단단한)
4590,감사합니다 감사합니다,20.07.28.,4,0,0,종류: 08 교정칫솔-슬림형
4591,감사합니다 감사합니다,20.07.28.,4,0,0,종류: 01 성인이중슬림모(보편적인)
4592,감사합니다 감사합니다,20.07.28.,4,0,0,종류: 07 교정칫솔-일반형
4593,친구 선물로 줬는데 친구도 좋다네요,20.06.13.,5,0,0,종류: 02 성인올슬림모-일반형(민감성)
4594,한달사용기재구매오께오께잉이이잉ㅇ~,20.07.09.,3,재구매,한달사용기,종류: 14 미소덴탈 금올슬림모(민감성)
4595,한달사용기칫솔모가 부드럽고 좋아요,20.07.04.,5,0,한달사용기,종류: 00 초미세모(매우부드러운)
4596,입이잡아서  윗어금니 양치가 너무 힘들어서 구매했어요 ㅜ 이런게있는지도몰랐는데 너무좋네요 배송도 진짜빨라요,20.05.29.,5,0,0,종류: 09 어금니-일반형
4597,잇몸이약해 칫솔찾다가 만족합니다,20.07.01.,4,0,0,종류: 11 어금니-슬림형
4598,한달사용기아이용.어른용 막 사놓고 쓰기죠아요,20.06.28.,5,0,한달사용기,종류: 01 성인이중슬림모(보편적인)
4599,재구매항상 쓰는 제품이라 그런지 재구매하며 쓰고 있어요.,20.06.29.,5,재구매,0,종류: 04 어린이올슬림모(24개월-6세)
4600,가족 취향대로 골라 닦아 좋아요,20.07.02.,5,0,0,종류: 05 어린이이중슬림모(7세-10세)
4601,가족 취향대로 골라 닦아 좋아요,20.07.02.,5,0,0,종류: 01 성인이중슬림모(보편적인)
4602,가족 취향대로 골라닦아 좋아요,20.07.02.,5,0,0,종류: 08 교정칫솔-슬림형
4603,가족 취향대로 골라 닦아 좋아요,20.07.02.,5,0,0,종류: 10 어금니-돔형
4604,"교정중인데
교정칫솔 시중에 몇십개 사려면 비싼데
여기는 가격도 저렴하고 품질도 좋아용",20.06.04.,5,0,0,종류: 09 어금니-일반형
4605,제품과 배송 모두 만족합니다.,20.07.03.,5,0,0,종류: 01 성인이중슬림모(보편적인)
4606,칫솔모가   너무 딱딱 해요,20.07.03.,2,0,0,종류: 00 성인일반모(단단한)
4607,좋아요~  좋아요~~,20.07.10.,3,0,0,종류: 13 해피덴-비타민올슬림모(민감성)
4608,좋아요~  좋아요~~,20.07.10.,3,0,0,종류: 10 어금니-돔형
4609,좋아요~  좋아요~~,20.07.10.,3,0,0,종류: 11 어금니-슬림형
4610,단단하고 너무 좋네요,20.06.13.,4,0,0,종류: 00 성인일반모(단단한)
4611,한달사용기재구매또구매하러가요 치솔 모가 금방 닳긴하지만 일주일에 하나씩 쓰는저는 좋아요,20.06.04.,5,재구매,한달사용기,종류: 08 교정칫솔-슬림형
4612,아주가끔 불량이 있지만 전반적으로 만족하고 사용합니다 ~~,20.06.07.,4,0,0,종류: 03 성인올슬림모-고급형(민감성)
4613,"이중미세모 구매했어요~
컬러별 랜덤발송됐구요~
칫솔모 좀 빠지는 현상은 있네요",20.05.24.,5,0,0,종류: 01 성인이중슬림모(보편적인)
4614,이 닦고나면 진짜 깨끗해진 느낌 좋아요 계속 이것만 쓸꺼 같아요,20.06.01.,5,0,0,종류: 09 어금니-일반형
4615,빠른배송이 맘에 들었어요,20.07.02.,5,0,0,종류: 01 성인이중슬림모(보편적인)
4616,"진짜 좋아요
적극 추천",20.06.13.,5,0,0,종류: 12 해피덴-비타민이중슬림모(보편적인)
4617,싼가격에 좋은 제품 이용합니다,20.07.01.,5,0,0,종류: 02 성인올슬림모-일반형(민감성)
4618,늘사용하던거라 믿고주문해여,20.06.10.,4,0,0,종류: 03 성인올슬림모-고급형(민감성)
4619,저렴하고좋아요~~~,20.07.06.,5,0,0,종류: 01 성인이중슬림모(보편적인)
4620,"친구가 추천해줘서 구매하게됬어요
아이들이 칫솔모가 부드러운지 아프다고도 안하고 양치도 잘하네요 아직 어른용은 써보기전이지만 좋을거같아요~ 같이 온 혀클리너와 치실도 감사합니다~",20.05.18.,5,0,0,종류: 05 어린이이중슬림모(7세-10세)
4621,한달사용기칫솔모도 부드럽고 사용하기 좋아요,20.06.30.,5,0,한달사용기,종류: 08 교정칫솔-슬림형
4622,"비타민 이중모. 일반 이중모 100원차이인데...
제가 보기엔 모양만 차이있고 품질은 동일해보임.
쓸만합니다",20.05.28.,5,0,0,종류: 09 어금니-일반형
4623,부드럽고 좋아요~가성비갑ㅎ,20.06.28.,4,0,0,종류: 01 성인이중슬림모(보편적인)
4624,부드럽고 좋아요 근데 생각보다 너무 부드럽네요,20.06.04.,5,0,0,종류: 08 교정칫솔-슬림형
4625,아들이랑 저랑 잇몸이 약해서 칫솔찾다 주문했는데 넘 만족합니다 초등5학년 아들램도 안아프고 넘좋다네요 저두 분노의칫솔질중입니다ㅋㅋ재구매의사 있어요~^♡^,20.05.22.,5,0,0,종류: 01 성인이중슬림모(보편적인)
4626,칫솔 좋아요 모가 가는데도 탄탄해서 양치 잘됩니다~,20.06.22.,5,0,0,종류: 05 어린이이중슬림모(7세-10세)
4627,검색하다 후기가 좋아서 구매해봤어요~~ 치과칫솔은 지금도 잘쓰고 있어요~~ 배송도 빠르고 좋아요,20.05.15.,5,0,0,종류: 01 성인이중슬림모(보편적인)
4628,재구매가격대비 좋아요 굿,20.07.03.,4,재구매,0,종류: 00 초미세모(매우부드러운)
4629,"배송빨라요
항상잘사용중이에요",20.06.30.,5,0,0,종류: 02 성인올슬림모-일반형(민감성)
4630,3번째 재구매입니다.또 구매할 의사 충분합니다~~,20.06.24.,5,0,0,종류: 01 성인이중슬림모(보편적인)
4631,재구매올슬림모는 처음 사봤는데 그냥 일반 칫솔보다는 부드럽긴 해도 어머니께서는 좀 뻣뻣하시다고 하네요ㅠ 어머니는 초초미세모를 사용하시기로 했어용,20.06.12.,5,재구매,0,종류: 03 성인올슬림모-고급형(민감성)
4632,"배송은 빠르게 잘 받았는데 칫솔 사이에 머리카락 같은게 같이 들어 있네요;;
왔으니 그냥 쓰기는 하겠지만 다음엔 신경써서 보내 주시면 좋겠어요..ㅠㅠ",20.05.23.,3,0,0,종류: 01 성인이중슬림모(보편적인)
4633,배송빨라요 항상잘사용합니다,20.06.30.,5,0,0,종류: 00 성인일반모(단단한)
4634,개당 3000원 짜리 약국 교정 칫솔보다 18362920배 좋네요 한번 살때 3개 사놓길 잘한거 같습니다 물론 이것도 금방 다쓰고 다시 살꺼지만요 ㅎㅎㅎ 암튼 만족도 100. 엄청 부드럽고 치아 사이사이 잘 닦아집니다 ^^,20.05.21.,5,0,0,종류: 08 교정칫솔-슬림형
4635,굵은 칫솔모는 아파서 얇은거 샀어요 좋아료,20.06.07.,4,0,0,종류: 08 교정칫솔-슬림형
4636,"칫솔이 부드럽고 좋아요! 
어금니칫솔도 잘 사용하고 있습니다",20.06.22.,5,0,0,종류: 00 초미세모(매우부드러운)
4637,"배송도 빠르고, 칫솔 좋아요..
어금니쪽 치간칫솔로 진짜 좋아요..
이젠 치실안쓰고, 양치시 바로바로 이물질 제거하고 
양치할수 있어서 좋네요..",20.05.25.,5,0,0,종류: 11 어금니-슬림형
4638,한달사용기가성비 내리고 만족합니다,20.07.01.,5,0,한달사용기,종류: 09 어금니-일반형
4639,한달사용기가성비 내리고 만족합니다,20.07.01.,5,0,한달사용기,종류: 11 어금니-슬림형
4640,재구매저렴해서 좋아요!!,20.06.14.,5,재구매,0,종류: 08 교정칫솔-슬림형
4641,좋아요^^   알록달록 여러가지색이 좋아요,20.06.27.,5,0,0,종류: 03 성인올슬림모-고급형(민감성)
4642,칫솔모도 크지않아서 자주 사용합니다,20.06.28.,5,0,0,종류: 14 미소덴탈 금올슬림모(민감성)
4643,계속 쓰던거라 너무 좋아용!,20.06.10.,5,0,0,종류: 02 성인올슬림모-일반형(민감성)
4644,"비타민 이중모. 일반 이중모 100원차이인데...
제가 보기엔 모양만 차이있고 품질은 동일해보임.",20.05.28.,5,0,0,종류: 12 해피덴-비타민이중슬림모(보편적인)
4645,재구매치아교정하는데 구석구석 닦기에 좋은 제품이에요!,20.06.06.,4,재구매,0,종류: 10 어금니-돔형
4646,가격이 알맞은 것 같습니다,20.06.10.,5,0,0,종류: 11 어금니-슬림형
4647,색상도 이쁘고 조아요~~,20.07.03.,5,0,0,종류: 08 교정칫솔-슬림형
4648,재구매교정 중이라 왕창 사둬요! 항상 쓰는거라 믿고 사요 치과보다 저렴합니다~~,20.05.29.,5,재구매,0,종류: 11 어금니-슬림형
4649,재구매교정 중이라 왕창 사둬요! 항상 쓰는거라 믿고 사요 치과보다 저렴합니다~~,20.05.29.,5,재구매,0,종류: 08 교정칫솔-슬림형
4650,교정중인 아이가 쓰려고 구매했어요... 착한 가격에 좋아요...,20.06.22.,5,0,0,종류: 07 교정칫솔-일반형
4651,"항상쓰던겁니다.,좋아요",20.06.11.,4,0,0,종류: 10 어금니-돔형
4652,항상쓰던겁니다..좋아요,20.06.11.,4,0,0,종류: 04 어린이올슬림모(24개월-6세)
4653,항상쓰던겁니다..좋아요,20.06.11.,4,0,0,종류: 05 어린이이중슬림모(7세-10세)
4654,한달사용기교정칫솔모가 좀 뻣뻣해요,20.06.30.,3,0,한달사용기,종류: 08 교정칫솔-슬림형
4655,항상 쟁여놓고 씁니다! 아이들도 좋아해요.,20.06.02.,5,0,0,종류: 02 성인올슬림모-일반형(민감성)
4656,항상 사용중입니다ᆢ 칫솔크기가 크지않아 안쪽 어금니 닦기에 좋아요ᆢ가성비 넘나좋아요,20.05.21.,5,0,0,종류: 02 성인올슬림모-일반형(민감성)
4657,사진이랑  똑같아요,20.07.02.,3,0,0,종류: 01 성인이중슬림모(보편적인)
4658,칫솔모도 작어서 자주사용합니다,20.06.28.,5,0,0,종류: 15 미소덴탈 숯올슬림모(민감성)
4659,칫솔모도 작아서 자주사용합니다,20.06.28.,5,0,0,종류: 03 성인올슬림모-고급형(민감성)
4660,늘사용하던거라 믿고주문해여ㅔ,20.06.10.,4,0,0,종류: 04 어린이올슬림모(24개월-6세)
4661,"애기
칫솔 처음 구매했는데 부드러요",20.06.07.,5,0,0,종류: 06 유아올슬림모(13개월-36개월)
4662,저렴하게 살수 있어서 좋았어요. 품질은 써봐야 알것같아요.,20.05.31.,4,0,0,종류: 00 성인일반모(단단한)
4663,한달사용기좋아요~  세번째 구매해서 쓰고있어요~~ 만족합니다,20.06.01.,4,0,한달사용기,종류: 01 성인이중슬림모(보편적인)
4664,칫솔잘받았습니다 치과이서는비싸던데 저렴히 잘샀어요 또신청할께요,20.06.18.,5,0,0,종류: 10 어금니-돔형
4665,"한달사용기교정 중으로 치과 갈 때 마다 하나씩 샀는데..구매 할 때 마다 삼천원이라 은근 아깝다는 생각이..한번 쓰면 칫솔 모가 쫘악 하고 벌어지거든요. 그래서 한번에 여러개 구매 했어요. 치과용 보다 모가 뻣뻣한데 가격 대비 만족입니다. 칫솔 자주 교체하기 부담 없구요. 다만, 칫솔 모가 교정기에 한번씩 끼네요 그래도 잘쓰고 있어요",20.05.09.,4,0,한달사용기,종류: 07 교정칫솔-일반형
4666,매번 사용하던 제품이라 만족하고 좋아요,20.06.26.,5,0,0,종류: 09 어금니-일반형
4667,잘 사용하고 있어요,20.06.10.,4,0,0,종류: 01 성인이중슬림모(보편적인)
4668,한달사용기작은 헤드에 사용하기 좋아요,20.06.28.,5,0,한달사용기,종류: 05 어린이이중슬림모(7세-10세)
4669,부드럽고 조아요 담에또 살게요,20.06.24.,5,0,0,종류: 01 성인이중슬림모(보편적인)
4670,부드럽고 조아요 담에또 살게요,20.06.24.,5,0,0,종류: 03 성인올슬림모-고급형(민감성)
4671,"한달사용기잘쓰고 있어요
담에도 여기에서  시킬겁니다!",20.06.26.,5,0,한달사용기,종류: 03 성인올슬림모-고급형(민감성)
4672,"잘사용쥬ㆍ밉니다
배송도빨라요",20.06.30.,5,0,0,종류: 04 어린이올슬림모(24개월-6세)
4673,부드럽고 양치가 잘 되어 좋아요,20.06.27.,5,0,0,종류: 03 성인올슬림모-고급형(민감성)
4674,"항상 이것만 써요,",20.07.01.,4,0,0,종류: 06 유아올슬림모(13개월-36개월)
4675,진짜 시원하고 최곱니다 . 모의 압력?? 이라고 해야하나 암튼 초강력이네옄ㅋㅋㅋ 저는 교정 끝나도 계속 구매해서 쓸거같아요 진짜 어금니에 최고..^^,20.05.21.,5,0,0,종류: 09 어금니-일반형
4676,재구매칫솔모가 부드러워서 사용하기 좋아요,20.06.26.,5,재구매,0,종류: 05 어린이이중슬림모(7세-10세)
4677,손잡이도 편하고 모길이도 적당합니다~,20.06.28.,5,0,0,종류: 01 성인이중슬림모(보편적인)
4678,부드럽고 좋은것같아요,20.06.28.,5,0,0,종류: 12 해피덴-비타민이중슬림모(보편적인)
4679,"재구매했어요.
헤드가 커서 어금니 뒤쪽까지 한번에
안닦이긴 해도 잘 닦여요",20.05.26.,5,0,0,종류: 01 성인이중슬림모(보편적인)
4680,"어금니까지 닦을 수 있어서 상쾌하네요~
모도 생각보단 뻣뻣하지않아 좋아요",20.06.15.,5,0,0,종류: 11 어금니-슬림형
4681,이교정 시작해서 칫솔 필요했는데 싸게 구매해서 좋아요ㅎ,20.06.03.,5,0,0,종류: 08 교정칫솔-슬림형
4682,어금니 칫솔필요했는데 사용해보니 좋네요,20.06.24.,5,0,0,종류: 11 어금니-슬림형
4683,어금니 칫솔필요했는데 사용해보니 좋네요,20.06.24.,5,0,0,종류: 10 어금니-돔형
4684,어금니 칫솔필요했는데 사용해보니 좋네요,20.06.24.,5,0,0,종류: 09 어금니-일반형
4685,재구매매번 사용하는 아이 칫솔입니다.칫솔모가 가늘어서 사용하기에 좋고 칫솔 모 커버도 있어서 여행 하기에 좋아요.,20.05.17.,5,재구매,0,종류: 05 어린이이중슬림모(7세-10세)
4686,양치 제대로 하고 싶어서 구매했는데 잘 닦이네요ㅎ,20.06.03.,5,0,0,종류: 11 어금니-슬림형
4687,"배송도 빠르고 가격도 저렴해서 좋아요..
누가 써보라고 해서 써보고 칫솔은 이것만 쓰게 
되네요..
오랄×보다 좋아요..",20.05.25.,5,0,0,종류: 03 성인올슬림모-고급형(민감성)
4688,기본이중슬림모랑 비교해보려고 비타민이중슬림모도 구매해봤어요~~~ 잘맞는 제품으로 다시 구매할께요~~ 배송빠르고 좋아용,20.05.15.,5,0,0,종류: 12 해피덴-비타민이중슬림모(보편적인)
4689,배송도 빠르고 싸게 구매할 수 있어서 좋았어요ㅎ,20.06.03.,5,0,0,종류: 07 교정칫솔-일반형
4690,"사랑니가 있어 어금니 칫솔을 기대하고 샀어요
일반칫솔은 마침 교체시기가 되어 그냥 같이 주문했구요
어금니칫솔도 물론 괜찮은데 일반칫솔이 예상외로 너무 좋네요
모가 가늘지만 힘이 있어서 양치가 잘돼요
앞으로도 칫솔 쭉 구매할것같아요",20.05.12.,5,0,0,종류: 01 성인이중슬림모(보편적인)
4691,좋아요 저렴히구매했네요,20.06.04.,5,0,0,종류: 08 교정칫솔-슬림형
4692,좋아요 저렴히 구매했네요,20.06.04.,5,0,0,종류: 09 어금니-일반형
4693,적당한거 같아 좋습니다.,20.06.28.,4,0,0,종류: 01 성인이중슬림모(보편적인)
4694,"치아 교정 중 사이사이 닦기가 편리하네요
이쑤시개나 치간칫솔이랑은 또 다른 느낌입니다
다만 생각보다 칫솔모가 너무 작아서 한번에 닦이는 부분이 한정적인게 아쉽습니다",20.06.04.,4,0,0,종류: 10 어금니-돔형
4695,배송도 전부 만족합니다,20.06.27.,5,0,0,종류: 05 어린이이중슬림모(7세-10세)
4696,배송도 전부 만족합니다,20.06.27.,5,0,0,종류: 00 성인일반모(단단한)
4697,어금니 양치에 너무 좋아요,20.06.26.,5,0,0,종류: 10 어금니-돔형
4698,"매번 이용하던 제품이에요
좋아요^^",20.06.26.,5,0,0,종류: 08 교정칫솔-슬림형
4699,배송빠르고    좋네요,20.06.07.,5,0,0,0
4700,배송빠르고    좋네요,20.06.07.,5,0,0,0
4701,"치과에서 준 칫솔과 같네요. 
슬림형,일반형 싸이즈가 크게 차이나진 않아요. 사은품도 감사합니다.",20.05.22.,5,0,0,종류: 07 교정칫솔-일반형
4702,"한달사용기부드럽고  가격 저렴하고 너무 만족해요
아이들 어른들 가족 모두 잘 사용하고 있어요",20.05.24.,5,0,한달사용기,종류: 01 성인이중슬림모(보편적인)
4703,교정하는 딸아이 위해 어금니용 칫솔..빠르게 잘 배송되었습니다~~,20.05.26.,5,0,0,종류: 09 어금니-일반형
4704,가격도 다른곳보다 저렴하고 칫솔모도 부드러우면서 잘 닦여서 넘 좋아요~^^,20.06.20.,5,0,0,종류: 05 어린이이중슬림모(7세-10세)
4705,부드럽게 잘 닦아집니다^^,20.06.07.,5,0,0,종류: 08 교정칫솔-슬림형
4706,성인용 사면서 아이것도 같이 구매해봤어요~ 너구리모양이라서 아이가 좋아라 하네요~~ 배송 빠르고 좋아용,20.05.15.,5,0,0,종류: 5-2 너구리이중슬림모(7세-10세)
4707,배송도 제품도 좋아요,20.06.08.,4,0,0,종류: 11 어금니-슬림형
4708,모도 딱 적당하고 깨끗하게 닦이는 느낌이라 너무 좋아여 교정때문에 치석 생기기 쉬운데 요거쓰니깐 사이사이 닦을 수 있어서 넘 좋네여 다쓰구 재구매하께ㅕ,20.06.12.,5,0,0,종류: 10 어금니-돔형
4709,부드럽게 잘 닦이고 배송도 빨라요,20.06.24.,5,0,0,종류: 01 성인이중슬림모(보편적인)
4710,"첫느낌 좋았어요 뽀득뽀득 잘 닦긴 느낌이요.
전에 쓰던건.. 미세모이긴 한데 넘 뽀족해서 잇몸이 아프고 그랬거든요. 잘 닦긴 느낌도 안나고. 해서 새로운 칫솔검색하다 
좋은평보고 구매했어요
미세모가 너무 미세해서 잇몸에 파고들어 아픈건가 했는데. 
요거 써보니 촘촘한 미세모가 단단하게 있어서 잘 닦이는 느낌이네요.
잇몸도 아프지 않구요. 
또 
어금니칫솔 처음 봤네요.
요새 사랑니 하나 있는게 잘 닦이지 않아서 좀 불편했는데 
요거로 닦아보니 좋네요.
물론 좀 더 써봐야 하지만요.
원래 첫사용느낌은 좋지만 점점 갈수록 실망하는 경우도 많아서요.
잘 써볼께요. 또 주문할수 있도록..ㅎ",20.05.14.,5,0,0,종류: 11 어금니-슬림형
4711,배송이 빨라요! 치과에서 사기 너무 비싸서 여기서 주문했어요 뒤에 무슨 칫솔인지 표시되어있어서 좋아요,20.05.13.,5,0,0,종류: 11 어금니-슬림형
4712,쓰던칫솔보다 좋네요~~^^,20.06.28.,5,0,0,종류: 01 성인이중슬림모(보편적인)
4713,"늘 쓰던거에요ㅎ
서비스 칫솔 감사합니다~^^",20.05.30.,5,0,0,종류: 05 어린이이중슬림모(7세-10세)
4714,재구매교정중인데 늘 쓰는거에요,20.06.25.,5,재구매,0,종류: 08 교정칫솔-슬림형
4715,잘받았습니다 잘쓸게요,20.06.29.,4,0,0,종류: 00 성인일반모(단단한)
4716,잘받았습니다 잘쓸게요,20.06.29.,4,0,0,종류: 02 성인올슬림모-일반형(민감성)
4717,모르고 슬림 샀는데 고양이 이빨엔 슬림이 잘 맞는 것 같아서 다행이네요.,20.05.29.,5,0,0,종류: 11 어금니-슬림형
4718,한달사용기일단 부드러워서 좋아요.,20.06.26.,5,0,한달사용기,종류: 02 성인올슬림모-일반형(민감성)
4719,"재구매배송도빠르고 제품도 마음에 들었습니다
감사합니다",20.06.01.,5,재구매,0,종류: 5-2 너구리이중슬림모(7세-10세)
4720,"재구매배송도빠르고 제품도 마음에 들었습니다
감사합니다",20.06.01.,5,재구매,0,종류: 06 유아올슬림모(13개월-36개월)
4721,"재구매배송도빠르고 제품도 마음에 들었습니다
감사합니다",20.06.01.,5,재구매,0,종류: 03 성인올슬림모-고급형(민감성)
4722,잘 닦이고 품질좋아요 재구매하겠습니다,20.06.22.,5,0,0,종류: 03 성인올슬림모-고급형(민감성)
4723,조금 작기는 한데 튼튼하네요.. 잘 사용하고 있습니다.,20.05.27.,5,0,0,종류: 13 해피덴-비타민올슬림모(민감성)
4724,한달사용기재구매너무좋아요!!미세모는 너무부드러워서 치태제거잘안되는거같고 중간모가 젤좋은거같아요!,20.06.12.,5,재구매,한달사용기,종류: 01 성인이중슬림모(보편적인)
4725,부드럽고 좋네요 성인용인데 일반칫솔보다 칫솔헤드가 작아서 좋아요 어린이가 써도 될것 같아요ㅎ ㅎ 만족해요,20.05.20.,5,0,0,종류: 02 성인올슬림모-일반형(민감성)
4726,한달사용기부드러워서 좋습니다.,20.06.26.,5,0,한달사용기,종류: 09 어금니-일반형
4727,한달사용기부드러워서 좋습니다.,20.06.26.,5,0,한달사용기,종류: 11 어금니-슬림형
4728,"재구매부드러워서 좋아요
어금니 돔형과 일반형 중간 사이즈예요",20.05.30.,5,재구매,0,종류: 11 어금니-슬림형
4729,어금니형도 같이 사봤어요 어금니형은 아직 안써봤는데 써보고 좋으면 앞으로 꾸준히 여기서 구매할듯요,20.05.20.,5,0,0,종류: 11 어금니-슬림형
4730,사이즈 작고 미세모에 저렴하고 한손그립감도 좋아요. 사은품도 감사합니다.,20.06.12.,5,0,0,종류: 01 성인이중슬림모(보편적인)
4731,역시  믿고 씁니다~~~~~,20.06.29.,5,0,0,종류: 00 성인일반모(단단한)
4732,싸고 튼튼해요 배송도 엄청 빠릅니다,20.05.27.,5,0,0,종류: 07 교정칫솔-일반형
4733,잘쓰고있습니다.~~,20.06.28.,4,0,0,종류: 03 성인올슬림모-고급형(민감성)
4734,늘 쓰던것! 이제 어머니까지 함께쓰세요,20.06.17.,5,0,0,종류: 11 어금니-슬림형
4735,"저희집 냥이 칫솔로 사용하려고 주문했습니다.
기존에 사람아기용 칫솔 썼었는데 사이즈가 작아서 냥이도 거부감이 덜하고 닦이기도 편해요.
냥이전용 칫솔이랑 거의 같은데 가격은 더저렴해서 쟁여두고 써야겠어요~~ㅎㅎ",20.04.27.,5,0,0,종류: 03 성인올슬림모-고급형(민감성)
4736,아이칫솔구입했는데 넘 좋네요,20.06.02.,5,0,0,종류: 01 성인이중슬림모(보편적인)
4737,재구매치과전용칫솔좋습니다,20.06.24.,5,재구매,0,종류: 03 성인올슬림모-고급형(민감성)
4738,"항상쟁여놓고 사용합니다, 좋아요~",20.06.02.,4,0,0,종류: 05 어린이이중슬림모(7세-10세)
4739,초등학생 아이들 교정중이라 헤드작고 부드러운거 찾다 구매했어요 만족해요 재구매 100%,20.05.20.,5,0,0,종류: 04 어린이올슬림모(24개월-6세)
4740,배송빠르고 좋네요  ㅇ,20.06.07.,5,0,0,0
4741,좋아요 교정하고있는데 좋네요,20.06.04.,5,0,0,종류: 09 어금니-일반형
4742,좋아요 교정하고있는데 좋네요,20.06.04.,5,0,0,종류: 08 교정칫솔-슬림형
4743,좋아요 교정하고있는데 좋네요,20.06.04.,5,0,0,종류: 07 교정칫솔-일반형
4744,저렴히 잘샀어요 쓰고 돈청할께요,20.06.18.,5,0,0,종류: 00 초미세모(매우부드러운)
4745,아이가 양치할때 자꾸 피나서 구매했어요 진짜 부드럽네요 잇몸 약한 사람이 쓰면 좋을듯 ^^good,20.05.20.,5,0,0,종류: 00 초미세모(매우부드러운)
4746,써보고 좋아서 대량으로 주문했어요,20.06.01.,5,0,0,종류: 02 성인올슬림모-일반형(민감성)
4747,아주 좋아요 한 달 후 다시 리뷰,20.06.17.,5,0,0,종류: 10 어금니-돔형
4748,배송도 빠르고 좋아요,20.06.24.,5,0,0,종류: 05 어린이이중슬림모(7세-10세)
4749,한달사용기아이가 쓰기에는 모가 날카롭지않을까 살짝 걱정돼요,20.05.29.,3,0,한달사용기,종류: 06 유아올슬림모(13개월-36개월)
4750,배송 빠르게 왔어요,20.06.04.,5,0,0,종류: 10 어금니-돔형
4751,배송 빠르게 왔어요,20.06.04.,5,0,0,종류: 08 교정칫솔-슬림형
4752,칫솔 잘받았습니다 치과에서파는것보다 저렴히 잘샀어요,20.06.18.,5,0,0,종류: 11 어금니-슬림형
4753,한달사용기재구매사용하기 편해서 좋아요,20.06.23.,5,재구매,한달사용기,종류: 09 어금니-일반형
4754,한달사용기재구매사용하기 편해서 좋아요,20.06.23.,5,재구매,한달사용기,종류: 10 어금니-돔형
4755,어금니에 좋아좋아요,20.06.26.,5,0,0,종류: 08 교정칫솔-슬림형
4756,써보니 괜찮나요 잘닦입니다,20.06.22.,5,0,0,종류: 01 성인이중슬림모(보편적인)
4757,"딸아이가 교정중이라서 칫솔 구입했어요.
잘 닦이는거 같아요~
잘 쓰겠습니다^^",20.06.12.,5,0,0,종류: 08 교정칫솔-슬림형
4758,한달사용기미세모에 좁은 칫솔모가 맘에 들어여,20.06.20.,5,0,한달사용기,종류: 06 유아올슬림모(13개월-36개월)
4759,재구매부드러워서스기조아요,20.06.23.,4,재구매,0,종류: 00 초미세모(매우부드러운)
4760,치아 건강 좋아요!!!,20.06.26.,5,0,0,종류: 09 어금니-일반형
4761,3년째 이 상품 쓰고있어요~~,20.06.24.,5,0,0,종류: 07 교정칫솔-일반형
4762,미세모만 쭉~ 써온 1인 입니다. 이 사이가 잘 닦이는것은 물론이고 치아 표면도 매끄럽게 잘 닦입니다. 너무 부드럽기만 한 칫솔은 표면이 매끄럽게 닦이지 않거든요. 재구매 의사 100%,20.06.02.,5,0,0,종류: 01 성인이중슬림모(보편적인)
4763,한달사용기치과용인데.생각보다 저렴해서 구매해보았습니다,20.06.13.,5,0,한달사용기,종류: 5-1 너구리올슬림모(24개월-6세)
4764,저는 계속 이것만 쓸꺼같아요.,20.06.01.,5,0,0,종류: 03 성인올슬림모-고급형(민감성)
4765,재구매좋아요........,20.07.02.,4,재구매,0,종류: 10 어금니-돔형
4766,재구매좋아요........,20.07.02.,4,재구매,0,종류: 03 성인올슬림모-고급형(민감성)
4767,"한달사용기한달동안써봤는데 솔진짜부드럽구요
치아에딱 맞아서 잘닦기고 좋아요^^",20.06.16.,5,0,한달사용기,종류: 03 성인올슬림모-고급형(민감성)
4768,늘쓰는칫솔입니다 잘받았어요,20.06.21.,5,0,0,종류: 01 성인이중슬림모(보편적인)
4769,재구매안쪽어금니나 구석진곳 하기 좋아요,20.05.30.,5,재구매,0,종류: 10 어금니-돔형
4770,재구매좋아요.........,20.07.02.,4,재구매,0,종류: 05 어린이이중슬림모(7세-10세)
4771,"자주 사용하는 칫솔입니다. 잇몸이 약해서 부드러운 이중모를 사용하고 있는데, 좋습니다.",20.06.09.,5,0,0,종류: 02 성인올슬림모-일반형(민감성)
4772,재구매입니다.  잘 쓰고있어요~~,20.06.17.,5,0,0,종류: 02 성인올슬림모-일반형(민감성)
4773,좋아서 이번에 대량으로 시켰어요ㅎㅎ,20.06.01.,5,0,0,종류: 01 성인이중슬림모(보편적인)
4774,재구매교정 브라켓 주변 치아사이 잘돼요,20.05.30.,5,재구매,0,종류: 09 어금니-일반형
4775,굿굿 좋아요!!!!불량 없이 잘온거 같습니당ㅋㅋ확인은 다 안해봤지만ㅎ,20.06.12.,5,0,0,종류: 07 교정칫솔-일반형
4776,택배사에 너무 오래 머물러서 배송이 늦은 점만 빼면 칫솔은 맘에 들어요,20.06.14.,4,0,0,종류: 09 어금니-일반형
4777,이거 은근 쓰임새 많아요.  교정한 이 사이사이에도 치약발라서 잘 닦아주면 좋음,20.06.09.,5,0,0,종류: 09 어금니-일반형
4778,가격도 저렴하고 품질도 좋아요,20.06.22.,5,0,0,종류: 01 성인이중슬림모(보편적인)
4779,"이런칫솔이 있는줄 몰랐다는 
잘 사용하고 있어요",20.06.17.,5,0,0,종류: 01 성인이중슬림모(보편적인)
4780,한달사용기늘잘쓰고잇어요~~~,20.06.25.,5,0,한달사용기,종류: 01 성인이중슬림모(보편적인)
4781,교정중인 딸아이가 쓰는데 가성비가 좋으네요~,20.06.19.,5,0,0,종류: 08 교정칫솔-슬림형
4782,잘 닦이고 품질좋아요,20.06.22.,5,0,0,종류: 05 어린이이중슬림모(7세-10세)
4783,재구매교정용 칫솔 부드러워서 좋아요,20.05.30.,5,재구매,0,종류: 08 교정칫솔-슬림형
4784,재구매쟁여놓고 쓰는데..늘 이칫솔만삽니다,20.05.30.,5,재구매,0,종류: 03 성인올슬림모-고급형(민감성)
4785,매번잘닦여 재구매하소 있습니다..,20.06.20.,5,0,0,종류: 01 성인이중슬림모(보편적인)
4786,"지난번이 이어 좋아서 계속 사고 있어요
아프신 어머니께는 이번에는 올슬림모로 샀는데 미세하게 치아사이사이 잘 닦일꺼라 믿어요",20.05.12.,5,0,0,종류: 03 성인올슬림모-고급형(민감성)
4787,교정중인 딸아이가 쓰는데 가성비가 좋아요~,20.06.19.,5,0,0,종류: 07 교정칫솔-일반형
4788,"잘 쓸게요~~
교정칫솔 일반모는 찐 쎄네요",20.06.15.,4,0,0,종류: 08 교정칫솔-슬림형
4789,재구매Qkfmsqothddp 감사합니다,20.06.29.,3,재구매,0,0
4790,"한달사용기아이들 어른들 모두 잘 사용하고 있어요
부드럽고 가격이 너무 저렴해요
재구매 할께요",20.05.24.,5,0,한달사용기,종류: 03 성인올슬림모-고급형(민감성)
4791,계속 썼던거 재구매했어요 좋네ᄋᆢㄷ,20.06.21.,5,0,0,종류: 10 어금니-돔형
4792,부드럽고 좋으네요. 사용해보니 세척력도 좋은거 같아요,20.06.11.,5,0,0,종류: 03 성인올슬림모-고급형(민감성)
4793,ㅈᆞ3ㅎ아요 저렴하고~!,20.06.03.,5,0,0,종류: 02 성인올슬림모-일반형(민감성)
4794,ㅈᆞ3ㅎ아요 저렴하고~!,20.06.03.,5,0,0,종류: 01 성인이중슬림모(보편적인)
4795,배송도 제품도 만족합니다,20.06.02.,5,0,0,종류: 08 교정칫솔-슬림형
4796,상아가 벗겨져서 의약품치약과 칫솔구매,20.06.17.,5,0,0,종류: 09 어금니-일반형
4797,"부드러워서 좋긴한데, 느낌에 넘 약한것  같기도함.",20.06.16.,3,0,0,종류: 00 초미세모(매우부드러운)
4798,딱 가격만큼 이예요,20.06.22.,4,0,0,종류: 07 교정칫솔-일반형
4799,졸아요.재구매의사있어요,20.06.15.,5,0,0,종류: 11 어금니-슬림형
4800,한달사용기야옹이 칫솔용으로 구매했어요 아주 마음에 듭니다!,20.06.10.,5,0,한달사용기,종류: 11 어금니-슬림형
4801,좋아요. 쓰기도 편합니다.,20.06.16.,5,0,0,종류: 12 해피덴-비타민이중슬림모(보편적인)
4802,좋아요 배송도 빠르고 포장도 잘 되어 왔어요 만족합니다 재구매 의사 100프로,20.05.20.,5,0,0,종류: 10 어금니-돔형
4803,넘넘좋아요 칫솔모도 부드럽고 칫솔은 여기서 사야겠어요~,20.05.22.,5,0,0,종류: 02 성인올슬림모-일반형(민감성)
4804,"잘 받았습니다.감사합니다 
.",20.06.16.,5,0,0,종류: 00 성인일반모(단단한)
4805,따님이 치자아교정중이라  교정용칫솔삿어요.. 좋습니다. 일반칫솔도 항상 구매합니다,20.06.06.,5,0,0,종류: 07 교정칫솔-일반형
4806,늘 쓰는 칫솔입니다 아이도 잘 쓰고 있어요,20.06.16.,5,0,0,종류: 00 성인일반모(단단한)
4807,매번쓰는거라서 좋아요~~~~~,20.06.22.,4,0,0,종류: 01 성인이중슬림모(보편적인)
4808,가운데 부분의 칫솔모가 짧아서 교정 된 부분을 옆으로 닦기에 편리한 것 같아요.,20.06.11.,4,0,0,종류: 07 교정칫솔-일반형
4809,"항상 쓰던 칫솔이라 떨어져서 재주문요.
배송 빠르고 단지 한색깔만 선택이 안돼서 아쉽긴합니다. 서방 칫솔만 자꾸 빨리 닿아서요.",20.06.02.,4,0,0,종류: 03 성인올슬림모-고급형(민감성)
4810,한달사용기재구매중간모가제일 좋아요!! 치태제거도잘되고!,20.06.12.,5,재구매,한달사용기,종류: 02 성인올슬림모-일반형(민감성)
4811,아이꺼 주문하면서 성인것도 구매했는데 울 부부도 바꾸려구요 미소덴탈로요 ㅎㅎ,20.06.07.,4,0,0,종류: 02 성인올슬림모-일반형(민감성)
4812,배송도빠르고  계속쓰던거라 좋네요,20.06.17.,4,0,0,종류: 05 어린이이중슬림모(7세-10세)
4813,"칫솔 넘 좋네요, 혀클리너도 감사합니다.",20.06.12.,4,0,0,종류: 05 어린이이중슬림모(7세-10세)
4814,만족스러워요~~ 종류별로 주문했는데 써보고 잘 맞는 제품으로 구매하려해요,20.06.07.,5,0,0,종류: 01 성인이중슬림모(보편적인)
4815,"좌) 01번 우)03번
1번이 헤드가 쪼끔 더 기네요.
손잡이는 조금 짧은 느낌이고
부드러우면서 잘 닦이는걸 
찾고 있었는데 딱입니다.",20.05.06.,5,0,0,종류: 03 성인올슬림모-고급형(민감성)
4816,재구매배송도 빠르고 좋습니다,20.05.30.,5,재구매,0,종류: 08 교정칫솔-슬림형
4817,치아 사이사이 잘 닦이고 칫솔모도 부드럽고 좋습니다~^,20.06.15.,5,0,0,종류: 01 성인이중슬림모(보편적인)
4818,"어린이집, 집에서 사용하고있어요. 치과용이라 좋아요.",20.06.12.,5,0,0,종류: 04 어린이올슬림모(24개월-6세)
4819,좋아요. 추천합니다,20.06.16.,5,0,0,종류: 10 어금니-돔형
4820,한달사용기만족하고.있어요 좋아요,20.06.17.,5,0,한달사용기,종류: 02 성인올슬림모-일반형(민감성)
4821,배송도 빠르고 칫솔도 좋아요. 사은품도 잘 쓰겠습니다.,20.05.22.,5,0,0,종류: 08 교정칫솔-슬림형
4822,이중모에 모 크기가 작은편이라 구석구석 닦을 수 있어서 좋아요!,20.06.12.,5,0,0,종류: 01 성인이중슬림모(보편적인)
4823,딸 아이 늘 사용하는 칫솔입니다. 가격대비 품질 좋습니다.,20.06.09.,5,0,0,종류: 5-2 너구리이중슬림모(7세-10세)
4824,부드럽고 잘 닦여요,20.05.31.,5,0,0,종류: 03 성인올슬림모-고급형(민감성)
4825,재구매배송도 빠르고 좋네요,20.05.30.,5,재구매,0,종류: 01 성인이중슬림모(보편적인)
4826,치과용이라 좋아요. 여기서만 계속 구입해요.,20.06.12.,5,0,0,종류: 01 성인이중슬림모(보편적인)
4827,"상품좋네요^^
가격대비품질 좋고 배송 빠릅니다",20.06.10.,5,0,0,종류: 01 성인이중슬림모(보편적인)
4828,"잇몸이 약해서 미세모를 쓰는데, 부드러우면서 세척력도 기대되네요",20.06.11.,5,0,0,종류: 02 성인올슬림모-일반형(민감성)
4829,완전 만족 합니다~~^&^,20.06.24.,5,0,0,종류: 07 교정칫솔-일반형
4830,완전 만족 합니다~~^&^,20.06.24.,5,0,0,종류: 08 교정칫솔-슬림형
4831,좋아요.재구매의시있어요,20.06.15.,5,0,0,종류: 10 어금니-돔형
4832,아주 좋아요. 부드러운데 텐션이 짱짱해요^^,20.05.23.,5,0,0,종류: 01 성인이중슬림모(보편적인)
4833,치과에서 사면 비싸게 받는데 저렴하게 잘 사서 좋네요!,20.06.13.,5,0,0,종류: 07 교정칫솔-일반형
4834,가성비 최고네요. 원하던 제품입니다,20.06.11.,5,0,0,종류: 01 성인이중슬림모(보편적인)
4835,"재구매저렴하고 좋아요
모가 살짝 부드러우면 좋겠네요",20.06.09.,5,재구매,0,종류: 11 어금니-슬림형
4836,2중모가 딱 제스타일이군요. 굿,20.05.28.,5,0,0,종류: 01 성인이중슬림모(보편적인)
4837,교정칫솔인데 싸게 샀어요,20.05.28.,5,0,0,종류: 07 교정칫솔-일반형
4838,"어금니용은 고양이 쓰려고 
구매했어요~",20.05.26.,5,0,0,종류: 09 어금니-일반형
4839,저렴하게 구매 잘햇어요 굿굿 너무 좋아용,20.06.11.,5,0,0,0
4840,"교정용으로 딱입니다.
넉넉하게 쟁여놓고 쓸수 있어서 좋아요.",20.06.12.,4,0,0,종류: 07 교정칫솔-일반형
4841,좋아요. 저렴하고 편해요,20.06.16.,5,0,0,종류: 01 성인이중슬림모(보편적인)
4842,좋아요.재구매의사있어요,20.06.15.,5,0,0,종류: 01 성인이중슬림모(보편적인)
4843,좋아요.재구매의사있어요,20.06.15.,5,0,0,종류: 12 해피덴-비타민이중슬림모(보편적인)
4844,좋아요.재구매의사있어요,20.06.15.,5,0,0,종류: 00 성인일반모(단단한)
4845,좋아요.재구매의사있어요,20.06.15.,5,0,0,종류: 5-2 너구리이중슬림모(7세-10세)
4846,한달사용기치과에서  구입했었는데 너무  비싸서 구입하게 되었습니다  배송 빠르고 좋네요   많이  파세요,20.05.19.,5,0,한달사용기,종류: 08 교정칫솔-슬림형
4847,"어금니가 잘닦이는지 모르겠어서 구매했어요 , 부분적으로 세심하게 닦을수 있어서 뭔가 안심되네요",20.06.07.,5,0,0,종류: 09 어금니-일반형
4848,한달사용기이곳저곳 닦을 수 있어 좋아요,20.05.27.,5,0,한달사용기,종류: 10 어금니-돔형
4849,한달사용기이곳저곳 닦을 수 있어 좋아요,20.05.27.,5,0,한달사용기,종류: 11 어금니-슬림형
4850,평이좋아구매했어요 금액도저렴하구요,20.06.10.,5,0,0,종류: 02 성인올슬림모-일반형(민감성)
4851,치과에서 쓰는거랑 비슷해요. 이제 사용해보고 한달후에 후기 올릴께요!!,20.05.16.,5,0,0,종류: 10 어금니-돔형
4852,잘 쓰고있습니다.  치과에선 좀더 비싸게 파니깐,20.06.09.,5,0,0,종류: 08 교정칫솔-슬림형
4853,재구매만족합니다. 별탈없네요,20.06.13.,5,재구매,0,종류: 11 어금니-슬림형
4854,재구매좋아요.......,20.06.27.,4,재구매,0,종류: 05 어린이이중슬림모(7세-10세)
4855,재구매좋아요.......,20.06.27.,4,재구매,0,종류: 01 성인이중슬림모(보편적인)
4856,"가격이 저렴해서 부담없이 바꿔쓸 수 있는 것 같아요.
교정한지 얼마 안 됐지만 편하게 잘 쓰고 있습니다.",20.06.01.,5,0,0,종류: 07 교정칫솔-일반형
4857,칫솔잘받았습니다 잘쓸것샅아요,20.06.18.,5,0,0,종류: 05 어린이이중슬림모(7세-10세)
4858,"재구매처음 써봤는데 괜찮은 것 같아요
홈이 잘 파여있어요",20.06.07.,5,재구매,0,종류: 08 교정칫솔-슬림형
4859,배송도 빠르고 저렴하고 상품도 좋습니다 앞으로 여기서 쭉 구매할 거 같네요,20.05.20.,5,0,0,종류: 02 성인올슬림모-일반형(민감성)
4860,아주 좋습니다. 교정용 사람들이 쓸수 있는 물품이 많아서 좋아요,20.06.06.,4,0,0,종류: 07 교정칫솔-일반형
4861,한달사용기칫솔모 크기가 작아서 처음엔 어색했는데 써보니 안쪽까지 잘 닦여서 좋네요.,20.05.19.,4,0,한달사용기,종류: 03 성인올슬림모-고급형(민감성)
4862,치과에서 사면 비싸게 받는데 싸게 사서 좋네요!,20.06.13.,5,0,0,종류: 08 교정칫솔-슬림형
4863,좋아여!!다쓰고 재구매 할게여,20.06.12.,5,0,0,종류: 08 교정칫솔-슬림형
4864,한달사용기좋아요. 배송도 빠르고 가격도 저렴하고 계속 재구매예정입니다,20.06.07.,4,0,한달사용기,종류: 08 교정칫솔-슬림형
4865,배송이 빨라서 좋아요,20.05.28.,5,0,0,종류: 09 어금니-일반형
4866,"잘 사용하고 재구매합니다.
제품도 좋고 배송 포잠 모두 좋아요
서비스  감사합니다.",20.05.15.,5,0,0,종류: 01 성인이중슬림모(보편적인)
4867,처음 사용해봤는데 구석진곳도 잘닦이고 좋아요~~,20.05.23.,5,0,0,종류: 10 어금니-돔형
4868,한달사용기칫솔모가 작아서 불편할줄 알았는데 어금니 안쪽까지 닦기니 너무 좋네요,20.05.19.,4,0,한달사용기,종류: 01 성인이중슬림모(보편적인)
4869,한달사용기칫솔모가 작아서 불편할줄 알았는데 어금니 안쪽까지 닦기니 너무 좋네요,20.05.19.,4,0,한달사용기,종류: 02 성인올슬림모-일반형(민감성)
4870,"항상 쟁여놓는 칫솔입니다
자렴해서 자주자주 바꿔쓰기 좋아요",20.05.21.,5,0,0,종류: 01 성인이중슬림모(보편적인)
4871,배송받자마자 써봤어요ㅋ 일반형보다 돔형이 더 개운하게 닦이는 느낌이에요,20.06.04.,5,0,0,종류: 10 어금니-돔형
4872,한달사용기자주 바꿔서 사용하기에 좋아요!,20.06.15.,5,0,한달사용기,종류: 07 교정칫솔-일반형
4873,처음사서써보는게..생각보다..칫솔모가..너무부드럽고..풍성해서..좋아요..^^,20.06.11.,5,0,0,종류: 00 초미세모(매우부드러운)
4874,배송도 포장도 잘 되어 왔고 칫솔 강도는 적당한 것 같아요,20.06.11.,5,0,0,종류: 09 어금니-일반형
4875,어금니칫솔 처음 접하는데 생각보다 탄탄하고 좋아요,20.05.22.,5,0,0,종류: 10 어금니-돔형
4876,"배송 빨랐고 좋네요
고급형 골랐는데 칫솔 케이스엔 일반고급 이런게 없어서 좀 당황했었는데 상세 페이지 보니까 맞는 거 같아요
잘 쓰겠습니다",20.05.13.,4,0,0,종류: 03 성인올슬림모-고급형(민감성)
4877,잘쓸께요 감사합니다,20.06.17.,5,0,0,종류: 04 어린이올슬림모(24개월-6세)
4878,처음사용해봤는데 구석진곳도 잘닦익ᆢ 좋아요~~,20.05.23.,5,0,0,종류: 11 어금니-슬림형
4879,교정중이라 양치가 좀 힘든데 잘닦여서 좋아요~,20.06.12.,4,0,0,종류: 09 어금니-일반형
4880,좋아요. 쓰기 편해요.,20.06.16.,5,0,0,종류: 09 어금니-일반형
4881,솔이 좋아보이네요 평이좋아구매했어요,20.06.10.,5,0,0,종류: 05 어린이이중슬림모(7세-10세)
4882,한달사용기재구매잘 사용중이에요 ~~,20.06.19.,3,재구매,한달사용기,종류: 03 성인올슬림모-고급형(민감성)
4883,"모가 엄청 튼튼한 느낌은 아니에요 ㅠㅠㅠ
혹시나해서 낱개로 조금 샀는데 잘한거같아요",20.06.02.,4,0,0,종류: 07 교정칫솔-일반형
4884,한달사용기칫솔 칫솔 칫솔 좋아요,20.07.09.,4,0,한달사용기,종류: 01 성인이중슬림모(보편적인)
4885,항상 사용하는 칫솔입니다 온가족이 다 쓰고 있어요,20.05.21.,5,0,0,종류: 05 어린이이중슬림모(7세-10세)
4886,저렴하고 배송도 빠르고 포장도 깔끔하고 괜찮습니다 자주 이용할게요,20.05.20.,5,0,0,종류: 09 어금니-일반형
4887,한달사용기추천합니다 추천합니다,20.07.09.,4,0,한달사용기,종류: 00 성인일반모(단단한)
4888,동네 약국에서 산 일반모가 너무 안 좋아서 주문했어요. 치과에서 줬던거랑 비슷해요. 편하네요.,20.06.02.,5,0,0,종류: 08 교정칫솔-슬림형
4889,잘 받았습니다.감사합니다.,20.06.16.,5,0,0,종류: 09 어금니-일반형
4890,배송도 빠르고 좋아요,20.06.16.,5,0,0,종류: 05 어린이이중슬림모(7세-10세)
4891,부드럽게 잘 닦입니다,20.06.16.,5,0,0,종류: 02 성인올슬림모-일반형(민감성)
4892,마치 붓으로 이빨 닦는거 같음 환자가 사용하기 좋음,20.05.21.,5,0,0,종류: 00 초미세모(매우부드러운)
4893,항상쓰는제품이에여.모가튼튼하고 잘닦여요.,20.05.17.,5,0,0,종류: 02 성인올슬림모-일반형(민감성)
4894,"배송빠르고, 사은품도 주셨어요. 고급형이라 그런가 개별 포장 잘 되어 왔어요.",20.05.13.,5,0,0,종류: 03 성인올슬림모-고급형(민감성)
4895,"일반적인 칫솔과는 많이 달라요.
구석구석 더 잘 닦여서 일반 칫솔과 같이 쓰고 있어요.  치아와 치아 사이에 솔 쏙쏙, 어금니 뒷쪽도 싹싹!",20.05.28.,5,0,0,종류: 12 해피덴-비타민이중슬림모(보편적인)
4896,마트에파는 치솔보다 훨좋아유,20.06.13.,5,0,0,종류: 02 성인올슬림모-일반형(민감성)
4897,좋습니다. 반려동물 칫솔로도 활용 가능할 것 같습니다.,20.06.05.,5,0,0,종류: 02 성인올슬림모-일반형(민감성)
4898,네좋아여저렴하개잘샀어여,20.06.16.,3,0,0,종류: 08 교정칫솔-슬림형
4899,사길 잘한것같아옼ㅋㅋ,20.06.17.,5,0,0,종류: 09 어금니-일반형
4900,늘상쓰던거고 배송빠르고 좋아요.,20.06.13.,5,0,0,0
4901,잘 닦여요 적당히 부드럽고 좋아요,20.06.10.,5,0,0,종류: 10 어금니-돔형
4902,가는모가 필요했던거긴 한데 혹시몰라 하나 주문했어요. 아직 쓰기 전,20.06.02.,5,0,0,종류: 07 교정칫솔-일반형
4903,치과에서 준 칫솔보다 작긴하지만 괜찮은거 같네요,20.06.10.,4,0,0,종류: 08 교정칫솔-슬림형
4904,교정 치아 틈새에 사용하려고 구입했어요.,20.06.11.,5,0,0,종류: 10 어금니-돔형
4905,슬림형과 일반형 차이가 뾰족함인데 저는 개인적으로 뾰족한게 더 나은가 같아요!!ㅎㅎㅎ,20.06.06.,4,0,0,종류: 09 어금니-일반형
4906,한달사용기잘써요~~잘닦이고요 또주문할께요,20.05.22.,5,0,한달사용기,종류: 03 성인올슬림모-고급형(민감성)
4907,"재구매잘쓸게요
두번째 구매예요",20.06.09.,5,재구매,0,종류: 10 어금니-돔형
4908,"교정칫솔 잘 사용하고 좋아서 
재구매합니다. 가성비 굿",20.05.15.,5,0,0,종류: 07 교정칫솔-일반형
4909,가격이 저렴합니다.또시킬께요,20.06.08.,4,0,0,종류: 07 교정칫솔-일반형
4910,"마트어세 산것 보다 더 좋은거 같아 계속 사고 있어요
잘 쓰겠습니다",20.05.12.,5,0,0,종류: 05 어린이이중슬림모(7세-10세)
4911,안닿는 부위까지 잘 닿아서 좋아요,20.05.22.,5,0,0,종류: 10 어금니-돔형
4912,교정중이라서 매번 어금니 칫솔 여기서 구매하는데 배송도 빠르고 가격도 좋습니다! 또 살게요,20.05.09.,5,0,0,종류: 09 어금니-일반형
4913,한달사용기재구매개강추 여기서만 칫솔 사서 쓸거에요!!!,20.06.12.,5,재구매,한달사용기,종류: 00 성인일반모(단단한)
4914,만족합니다앙 배송 제품,20.06.13.,5,0,0,종류: 01 성인이중슬림모(보편적인)
4915,"가성비 좋아요 미세모라 꼼꼼하게 잘닦이겠죠 ㅎ
잘쓸께요",20.06.05.,5,0,0,종류: 02 성인올슬림모-일반형(민감성)
4916,아직 써보지 않았지만 기대됩니다,20.05.22.,5,0,0,종류: 13 해피덴-비타민올슬림모(민감성)
4917,한꺼번에..많이심청했는데..그러길..정말..잘한듯요^^,20.06.11.,5,0,0,종류: 03 성인올슬림모-고급형(민감성)
4918,"재구매맘에들어 또 주문햇어요~ 
부드러운데도 적당히 힘있어서 좋아요~~",20.06.03.,5,재구매,0,종류: 02 성인올슬림모-일반형(민감성)
4919,"한달사용기작아서 잘 사용해요
근데 모가 잘 벌어지네요 ㅠㅠ",20.05.19.,5,0,한달사용기,종류: 10 어금니-돔형
4920,구석구석 잘 닿아서 아주 좋아요,20.05.22.,5,0,0,종류: 09 어금니-일반형
4921,양끝 어금니 충치때문에 고생했는데 작은 칫솔로 치아 안쪽 뒷쪽 사이사이 꼼꼼히 담ㄱ아주니까 충치 안생겨요!,20.06.04.,5,0,0,종류: 10 어금니-돔형
4922,"후기가 너무 좋아서 구매했어요!
빠른배송 감사합니다~",20.06.03.,5,0,0,종류: 01 성인이중슬림모(보편적인)
4923,"지난번이 이어 좋아서 계속 사고 있어요
좋은 상품 알게 되어서 좋네요",20.05.12.,5,0,0,종류: 00 성인일반모(단단한)
4924,빠른배송..합리적인가격..너무좋네요,20.06.11.,5,0,0,종류: 08 교정칫솔-슬림형
4925,빠른배송..합리적인가격..너무좋네요,20.06.11.,5,0,0,종류: 07 교정칫솔-일반형
4926,배송빠르고 미세모라 좋습니다,20.06.11.,4,0,0,종류: 00 초미세모(매우부드러운)
4927,33개월 아기에게 사용하고 있어요.  일반모 칫솔이랑 병행하며 써요.,20.06.02.,5,0,0,종류: 04 어린이올슬림모(24개월-6세)
4928,재구매항상 쓰던 칫솔 또재구매,20.05.23.,5,재구매,0,종류: 10 어금니-돔형
4929,재구매만족스러워 계속 재구매입니다 이번에도 잘 사용하겠습니다.,20.06.06.,5,재구매,0,종류: 02 성인올슬림모-일반형(민감성)
4930,"잇몸이 많이 약해져서 사용하던 칫솔이 이닦을때마다 잇몸에서 피가나고 아파서 주문해봤습니다.
모가 부드러우면서도 잘닦이네요.",20.04.27.,5,0,0,종류: 10 어금니-돔형
4931,올슬림모로 교환했어요.,20.06.13.,5,0,0,종류: 01 성인이중슬림모(보편적인)
4932,잘쓰고 있습니다 만족해요,20.06.12.,5,0,0,종류: 07 교정칫솔-일반형
4933,칫솔모의 강도가 상세히 표기되어있어 상품 선택에 도움이 되었습니다,20.06.04.,5,0,0,종류: 07 교정칫솔-일반형
4934,완전 원하던!!! 그 칫솔입니다 뭐 비슷하겠지만 예전 쓰던거랑 똑같은거네요 완전만족스,20.05.30.,5,0,0,종류: 07 교정칫솔-일반형
4935,"재구매부드러운데도 적당히 힘있어서 좋아요~ 
두번째 구매~",20.06.03.,5,재구매,0,종류: 5-1 너구리올슬림모(24개월-6세)
4936,한달사용기잘닥이긴 하는데 아파서 피나요ㅠ,20.06.11.,3,0,한달사용기,종류: 03 성인올슬림모-고급형(민감성)
4937,재구매치과에서 파는 거랑 비슷한데 절반가격,20.06.09.,5,재구매,0,종류: 09 어금니-일반형
4938,미세모 칫솔 부드럽고 잘 닦고 좋으네요~ 저렴하게 잘 샀습니다.,20.05.13.,5,0,0,종류: 03 성인올슬림모-고급형(민감성)
4939,재구매치아를 구석구석 깨끗이 관리하는데 꼭 필요해요!,20.05.18.,5,재구매,0,종류: 09 어금니-일반형
4940,재구매치아를 구석구석 깨끗이 관리하는데 꼭 필요해요!,20.05.18.,5,재구매,0,종류: 13 해피덴-비타민올슬림모(민감성)
4941,한달사용기칫솔모가 부드럽고 좋아요,20.06.11.,5,0,한달사용기,종류: 03 성인올슬림모-고급형(민감성)
4942,재구매부드럽고 잘닦여요~재구매했어요,20.06.07.,5,재구매,0,종류: 01 성인이중슬림모(보편적인)
4943,"재구매칫솔 가격도 싸고
가성비가 너무 좋아요
솔도 부드럽도 잘 닦겨요",20.05.31.,5,재구매,0,종류: 05 어린이이중슬림모(7세-10세)
4944,한달사용기힘이 좋아서 음식물 제거에 좋아요! 잘 쓰고 있어요.,20.06.03.,5,0,한달사용기,종류: 12 해피덴-비타민이중슬림모(보편적인)
4945,잘닦이고 좋아요~^,20.06.15.,5,0,0,종류: 03 성인올슬림모-고급형(민감성)
4946,"치과용 칫솔이 가장 잘 맞아요
써비스도주시고 잘쓸께융",20.05.13.,5,0,0,종류: 02 성인올슬림모-일반형(민감성)
4947,좋아요 좋아요 좋아요,20.07.06.,5,0,0,종류: 00 성인일반모(단단한)
4948,재구매세번째 구매입니다 ~ 항상 만족합니다 ~가격인상안되길 바랍니다 ^^,20.05.31.,5,재구매,0,종류: 00 성인일반모(단단한)
4949,교정해서 교정용으로 샀는데 괜찮네요 잘닦여요,20.06.09.,4,0,0,종류: 07 교정칫솔-일반형
4950,재구매부드럽고 자극없이 치아가 잘 닦여요~,20.06.09.,4,재구매,0,종류: 03 성인올슬림모-고급형(민감성)
4951,역시 치과용은 좋네요 구관이명괸 ㅋㅋ,20.06.05.,5,0,0,종류: 01 성인이중슬림모(보편적인)
4952,아주 부드러워요!!,20.06.15.,5,0,0,종류: 00 초미세모(매우부드러운)
4953,"한달사용기아기가 잘사용합니다.
해드에 실리콘이있는 칫솔은 자꾸 물어뜯었는데
이검 그렇지않아서 좋아요",20.05.27.,5,0,한달사용기,종류: 06 유아올슬림모(13개월-36개월)
4954,잘 받았습니다 ㅎ 양치 잘 되용,20.05.19.,5,0,0,종류: 07 교정칫솔-일반형
4955,재구매숯올슬림모(민감성) 제품 항상 재구매해서 쓰고있습니다~   그만큼 제품에 만족하고있습니다~,20.06.04.,5,재구매,0,종류: 15 미소덴탈 숯올슬림모(민감성)
4956,배송 빠르고 좋아요 부드러워요,20.05.23.,5,0,0,종류: 08 교정칫솔-슬림형
4957,한달사용기역시 믿고쓰는 칫솔,20.06.12.,4,0,한달사용기,종류: 03 성인올슬림모-고급형(민감성)
4958,배송 빠르고 좋아요,20.05.23.,5,0,0,종류: 14 미소덴탈 금올슬림모(민감성)
4959,배송 빠르고 좋아요,20.05.23.,5,0,0,종류: 13 해피덴-비타민올슬림모(민감성)
4960,"감사합니다, 많이 파세요~",20.06.12.,4,0,0,종류: 01 성인이중슬림모(보편적인)
4961,사는김에 여러가지 사서 쓰고있음,20.06.09.,5,0,0,종류: 08 교정칫솔-슬림형
4962,이번에도 잘받았어요~ 항상 잘쓰고있어요!!,20.06.06.,5,0,0,종류: 15 미소덴탈 숯올슬림모(민감성)
4963,어금니 구석구석 닦기 좋아요,20.06.10.,5,0,0,종류: 10 어금니-돔형
4964,이번에도 잘받았어요~!항상잘쓰고 있어요^^,20.06.06.,5,0,0,종류: 14 미소덴탈 금올슬림모(민감성)
4965,이번에도 잘받았어요~!항상잘쓰고 있어요^^,20.06.06.,5,0,0,종류: 03 성인올슬림모-고급형(민감성)
4966,이번에도 잘받았어요~!항상잘쓰고 있어요^^,20.06.06.,5,0,0,종류: 02 성인올슬림모-일반형(민감성)
4967,한달사용기부드럽고 좋으네요 잘닦여요,20.05.22.,5,0,한달사용기,종류: 02 성인올슬림모-일반형(민감성)
4968,"배송은 하루 늦었지만, 고양이 칫솔로 쓰기에는 이만한게 없네요",20.05.14.,4,0,0,종류: 09 어금니-일반형
4969,"한달사용기잘 사용합니다
아이들용으로 샀어요",20.05.19.,5,0,한달사용기,종류: 09 어금니-일반형
4970,치과에서 추천해준 어금니칫솔을 국산으로 발견해서 구매했는데 깨끗하게 닦이고 좋네요,20.05.10.,5,0,0,종류: 10 어금니-돔형
4971,"치과가 사용하는 칫솔
예전에 구입해 본 제품이라 믿고 샀는데 이번에는 성인것도 여러 개 구입했습니다.
가격도 저렴하고 앞으로도 쭉 구입할것 같습니다.
번창하시고
나날이 제품 업그레이드 시켜주세요~~^^",20.04.26.,5,0,0,종류: 08 교정칫솔-슬림형
4972,재구매사랑니 닦을때 좋습니다 빼기 싫어요,20.06.07.,5,재구매,0,종류: 09 어금니-일반형
4973,교정 시작해서 관리차원에서 이것저것 종류별로 샀어요. 치간칫솔은 너무 얇으면 휘어서 잘 안들어가더라고요ㅜㅜ어금니 칫솔은 처음써봤는데.신세계에요!! 가격도 저려하고  자주 구매하게 될거같아요,20.04.25.,4,0,0,종류: 10 어금니-돔형
4974,배송빠르고좋습니다아아핳ㅎ,20.05.20.,5,0,0,종류: 01 성인이중슬림모(보편적인)
4975,모가 부드럽고 튼튼해서 구석구석 잘 닦여요.,20.05.17.,5,0,0,종류: 01 성인이중슬림모(보편적인)
4976,"한달사용기오 이거 좋아요
사랑니 닦기 최곱니다!",20.05.18.,5,0,한달사용기,종류: 09 어금니-일반형
4977,어금니 끝까지 닦을 수 있어 양치하고 나니 개운하네요,20.06.04.,5,0,0,종류: 09 어금니-일반형
4978,배송도 빠르고 물건도 좋아요~~~,20.05.22.,5,0,0,종류: 07 교정칫솔-일반형
4979,좋아요.괜찮아요.좋,20.06.07.,3,0,0,종류: 08 교정칫솔-슬림형
4980,교정용 칫솔로 샀는데 좋아요~,20.05.19.,5,0,0,종류: 08 교정칫솔-슬림형
4981,교정용 칫솔로 샀는데 좋아요~,20.05.19.,5,0,0,종류: 07 교정칫솔-일반형
4982,한달사용기좋아요~~  또 구매의사있습니다 일반모는 아들이랑제가쓰고있어요,20.05.29.,4,0,한달사용기,종류: 00 성인일반모(단단한)
4983,"마음에 드네요
많이 파세요",20.06.04.,5,0,0,종류: 07 교정칫솔-일반형
4984,마음에 듭니다 많이 파세요,20.06.09.,5,0,0,종류: 03 성인올슬림모-고급형(민감성)
4985,부드러워요 잇몸이 안아파요,20.06.05.,5,0,0,종류: 01 성인이중슬림모(보편적인)
4986,부드러워요 잇몸이 안아파요,20.06.05.,5,0,0,종류: 12 해피덴-비타민이중슬림모(보편적인)
4987,한달사용기재구매가성비갑이고요 한달써봤는데 넘 편해요,20.05.12.,5,재구매,한달사용기,종류: 01 성인이중슬림모(보편적인)
4988,좋아요 좋아요 좋아요,20.07.03.,5,0,0,종류: 05 어린이이중슬림모(7세-10세)
4989,치아 안쪽까지 잘 닦여요,20.06.09.,5,0,0,종류: 09 어금니-일반형
4990,치아 안쪽까지 잘 닦여요,20.06.09.,5,0,0,종류: 10 어금니-돔형
4991,한달사용기재구매잘받앗어욜 ~~~~~,20.06.15.,3,재구매,한달사용기,종류: 08 교정칫솔-슬림형
4992,"잘받았습니다~~^^
치과에서 사서썼는데 치과용칫솔이라해서
믿고 구입했습니다~~",20.05.08.,4,0,0,종류: 05 어린이이중슬림모(7세-10세)
4993,뾰족해서 구석구석 하기 정말 편안합니다!!,20.06.06.,4,0,0,종류: 08 교정칫솔-슬림형
4994,만족해서 담에 많이 주문예정이예요!!,20.06.07.,5,0,0,종류: 00 성인일반모(단단한)
4995,아직 사용전인데 좋을것같아요 기대기대,20.05.12.,5,0,0,종류: 08 교정칫솔-슬림형
4996,내꺼 사는 김에 아이 것도.,20.06.09.,5,0,0,종류: 05 어린이이중슬림모(7세-10세)
4997,한달사용기자극없이 꼼꼼히 씻어줍니다!,20.05.18.,5,0,한달사용기,종류: 01 성인이중슬림모(보편적인)
4998,한달사용기모가 단단해서 쉽게 안벌어져요 만족해요,20.05.12.,5,0,한달사용기,종류: 00 성인일반모(단단한)
4999,푸짐하고 좋아요 질은 써보고 판단할께요^^,20.05.12.,5,0,0,종류: 08 교정칫솔-슬림형
5000,"어금니 칫솔 잘 쓰고있어요
어금니 뒤쪽 사랑니 사이 닦을 용으로 구매했어요",20.05.12.,5,0,0,종류: 09 어금니-일반형
5001,처음 써보는데 구석구석 세밀하게 신경쓸 수 있어서 좋아요,20.06.02.,5,0,0,종류: 09 어금니-일반형
5002,아들이랑저랑 둘이쓰는데 좋아요 !! 아들교정할때 치과에서 파는칫솔이라 안심하고쓰고있어요 가운데사진은 이중슬림모랑 슬림모 비교용요 ㅋㅋ,20.04.16.,5,0,0,종류: 00 성인일반모(단단한)
5003,"재구매매번 잘 쓰고 있습니다.
칫솔떨어져서 다른데꺼 잠깐 썼는데 잇몸이 아파서
바로 재주문 했습니다!",20.05.29.,5,재구매,0,종류: 01 성인이중슬림모(보편적인)
5004,고급지고 괜찮습니다,20.06.08.,5,0,0,종류: 08 교정칫솔-슬림형
5005,배송도 빠르고 제품도 이상없이 잘 받았습니다.,20.06.05.,4,0,0,종류: 09 어금니-일반형
5006,재구매저희집 고양이용으로 사용해요 ㅎㅎ 가성비최고^! 고양이용말고 사람용이젤싸고좋은듯합니다,20.05.04.,5,재구매,0,종류: 10 어금니-돔형
5007,재구매칫솔모도 부드럽고 가격도 좋아서 매번 잘 사용하고 있습니다~~,20.06.03.,5,재구매,0,종류: 01 성인이중슬림모(보편적인)
5008,교정하는 아들이 마음에 들어하네요,20.06.04.,5,0,0,종류: 00 초미세모(매우부드러운)
5009,재구매했습니당!!!,20.06.11.,5,0,0,종류: 01 성인이중슬림모(보편적인)
5010,"어린이껀 처음 사봤는데 괜찮아요
플라스틱 포장 아니여서 더욱 마음에 들어요",20.05.25.,5,0,0,종류: 04 어린이올슬림모(24개월-6세)
5011,부드러운 칫솔모가 좋았습니다. 가격이 좀 비싸요~~,20.05.29.,3,0,0,0
5012,일반칫솔보다 부드럽고 상쾌합니다,20.06.04.,5,0,0,종류: 09 어금니-일반형
5013,아이 교정때문에 구매했는데 가격과 품질 모두 만족합니다. 다음에도 또 구매할게요,20.05.24.,5,0,0,종류: 07 교정칫솔-일반형
5014,좋아용 항상 여기서 재주문 합니당,20.06.04.,5,0,0,종류: 07 교정칫솔-일반형
5015,"잘받았어요~^^
아이꺼는 기존에 쓰던거고
어른꺼는 처음 사봤네요",20.05.08.,4,0,0,종류: 01 성인이중슬림모(보편적인)
5016,배송빠르고좋아요ㅎㅎㅎ,20.05.20.,5,0,0,종류: 07 교정칫솔-일반형
5017,한달사용기재구매괜차나영 ㅎㅎ ~~,20.06.13.,3,재구매,한달사용기,종류: 01 성인이중슬림모(보편적인)
5018,원래 쓰던 칫솔이에요 구석구석 잘 닦이고 부드럽습니다. 별 일 없는 한 계속 이것만 쓰게 될 것 같아요,20.05.21.,5,0,0,종류: 01 성인이중슬림모(보편적인)
5019,배송빠르고 가격대비 품질도 좋아요,20.05.14.,5,0,0,종류: 03 성인올슬림모-고급형(민감성)
5020,배송빠르고 가격대비 품질도 좋아요,20.05.14.,5,0,0,종류: 01 성인이중슬림모(보편적인)
5021,배송빠르고 가격대비 품질도 좋아요,20.05.14.,5,0,0,종류: 15 미소덴탈 숯올슬림모(민감성)
5022,재구매퀄러티 굿 가격 나쁘지 않음,20.06.06.,5,재구매,0,종류: 00 성인일반모(단단한)
5023,플라스틱 마개도 있어서 좋네요~~~,20.05.16.,5,0,0,종류: 07 교정칫솔-일반형
5024,"아직써보진않았지만
배송이진짜빨리왔어요",20.05.13.,4,0,0,종류: 10 어금니-돔형
5025,첨 시켜봤는ㄷ 배송도 빠르고 좋네여,20.05.30.,4,0,0,종류: 08 교정칫솔-슬림형
5026,한달사용기저렴하게 구매해 잘 사용하고 있습니다.,20.06.03.,5,0,한달사용기,종류: 05 어린이이중슬림모(7세-10세)
5027,"치실도 안되고, 치간 칫솔도 안됬는데 이건 안쪽  깊숙히 있는 사랑니쪽과 윗니 끝부분을 닦을 수 있어서 좋았습니다. 실험삼아 3종류 하나씩 사보았는데 정말 좋습니다.",20.04.16.,5,0,0,종류: 11 어금니-슬림형
5028,개별 칫솔 보호캡도 있고 완전 대만족이에요,20.05.12.,5,0,0,종류: 05 어린이이중슬림모(7세-10세)
5029,빠른배송감사합니다!!!,20.06.08.,5,0,0,종류: 11 어금니-슬림형
5030,재구매쓰던거재주문잘받음ㄱㄴ,20.06.12.,5,재구매,0,종류: 03 성인올슬림모-고급형(민감성)
5031,아직 사용하기 전이지만 배송빠르고 좋아요,20.05.12.,5,0,0,종류: 07 교정칫솔-일반형
5032,"배송 빠릅니다 .
양치후 다시 어금니 칫솔을 사용해서 살짝 번거롭지만 
잇몸이나 치아를 위해 꾸준히 사용해볼게요 ~",20.05.25.,5,0,0,종류: 12 해피덴-비타민이중슬림모(보편적인)
5033,"배송 빠릅니다 .
양치후 다시 어금니 칫솔을 사용해서 살짝 번거롭지만 
잇몸이나 치아를 위해 꾸준히 사용해볼게요 ~",20.05.25.,5,0,0,종류: 10 어금니-돔형
5034,"배송 빠릅니다 .
양치후 다시 어금니 칫솔을 사용해서 살짝 번거롭지만 
잇몸이나 치아를 위해 꾸준히 사용해볼게요 ~",20.05.25.,5,0,0,종류: 09 어금니-일반형
5035,"배송 빠릅니다 .
양치후 다시 어금니 칫솔을 사용해서 살짝 번거롭지만 
잇몸이나 치아를 위해 꾸준히 사용해볼게요 ~",20.05.25.,5,0,0,종류: 11 어금니-슬림형
5036,"배송 빠릅니다 .
양치후 다시 어금니 칫솔을 사용해서 살짝 번거롭지만 
잇몸이나 치아를 위해 꾸준히 사용해볼게요 ~",20.05.25.,5,0,0,종류: 01 성인이중슬림모(보편적인)
5037,비싼거쓰다가 싼걸로 자주갈아주는게낫다싶어 바꿨습니다. 좋아요.,20.05.02.,5,0,0,종류: 06 유아올슬림모(13개월-36개월)
5038,교정하는 아들이 만족하네요,20.06.04.,5,0,0,종류: 09 어금니-일반형
5039,"한달사용기일반모 사용중인데
이것도 왠지 좋을거같네요",20.05.12.,5,0,한달사용기,종류: 01 성인이중슬림모(보편적인)
5040,칫솔모가 몇개씩 빠지는 것 제외하고는 전체적으로 무난하고 좋아요,20.05.08.,4,0,0,종류: 03 성인올슬림모-고급형(민감성)
5041,좋아요 좋아요 좋아요,20.06.09.,5,0,0,종류: 01 성인이중슬림모(보편적인)
5042,"배송 빠르고, 모가 부드럽습니다. 칫솔 살균기도 저렴하고 좋아요",20.04.21.,5,0,0,종류: 03 성인올슬림모-고급형(민감성)
5043,"늘쓰고잇는 제품이에요
아이들한테딱이고 가격도 저렴해서 좋아요~!!",20.05.29.,4,0,0,종류: 05 어린이이중슬림모(7세-10세)
5044,재구매계속 쓰던거예요. 온가족이 쓰고 있어요. 빠른배송으로 와서 좋아요,20.05.04.,5,재구매,0,종류: 07 교정칫솔-일반형
5045,재구매의사 잇습니다,20.05.16.,5,0,0,종류: 08 교정칫솔-슬림형
5046,마음에 드네요 많이 파세요,20.06.04.,5,0,0,종류: 08 교정칫솔-슬림형
5047,배송진짜빨라요 근데 모가좀 꺾여있네요 ㅜ,20.05.29.,5,0,0,종류: 05 어린이이중슬림모(7세-10세)
5048,"항상 치과전용 비싸게주고 구입했는데
구매하고 아이가 참 좋아합니다
색도 예쁘고 편하다네요
성인것도 가격대비 괜찮아요
잘쓰고 동생도 바로구매한다고합니다",20.04.23.,5,0,0,종류: 05 어린이이중슬림모(7세-10세)
5049,재구매넘넘좋하용~~~~~~~~~,20.05.23.,5,재구매,0,종류: 07 교정칫솔-일반형
5050,쓰던제품다시 재구매했어요. 전  이중슬림모가 잇몸이나 치아에 쓰기 괜찮더라구요. 사람마다 취향이 틀리긴하지만  .전 미세모는 별로였거든요,20.05.16.,5,0,0,종류: 01 성인이중슬림모(보편적인)
5051,"어금니 칫솔  항상 사용하던중에 다 떨어져서 구입했어요~배송도  빠르고 상품도 마음에들어요~~
교정중이라 구석구석 닦기좋아요~",20.05.18.,4,0,0,종류: 08 교정칫솔-슬림형
5052,재구매가성비갑울트라갑최고 진짜 최고 입니다,20.06.26.,5,재구매,0,종류: 03 성인올슬림모-고급형(민감성)
5053,배송도 빠릅니다 ㅎㅎ 상품 굿굿,20.05.13.,5,0,0,종류: 10 어금니-돔형
5054,잘 쓰고 있습니다.,20.06.07.,5,0,0,종류: 01 성인이중슬림모(보편적인)
5055,짱짱 어금니칫솔 이제 없으면 안됩니다 ㅎㅎ,20.05.13.,5,0,0,종류: 08 교정칫솔-슬림형
5056,한달사용기아이 칫솔질 할때 잘 닦여서 좋아요,20.05.13.,5,0,한달사용기,종류: 06 유아올슬림모(13개월-36개월)
5057,한달사용기아이 칫솔질 할때 잘 닦여서 좋아요,20.05.13.,4,0,한달사용기,종류: 05 어린이이중슬림모(7세-10세)
5058,재구매퀄러티 굿 나쁘지 않음 !,20.06.06.,5,재구매,0,종류: 01 성인이중슬림모(보편적인)
5059,"한달사용기재구매배송 괜찮고, 제품도 괜찮아요~",20.06.04.,4,재구매,한달사용기,종류: 01 성인이중슬림모(보편적인)
5060,"한달사용기재구매배송 괜찮고, 제품도 괜찮아요~",20.06.04.,4,재구매,한달사용기,종류: 03 성인올슬림모-고급형(민감성)
5061,"한달사용기재구매배송 괜찮고, 제품도 괜찮아요~",20.06.04.,4,재구매,한달사용기,종류: 08 교정칫솔-슬림형
5062,"한달사용기재구매배송 괜찮고, 제품도 괜찮아요~",20.06.04.,4,재구매,한달사용기,종류: 13 해피덴-비타민올슬림모(민감성)
5063,만족합니다만족합니다,20.06.04.,5,0,0,종류: 05 어린이이중슬림모(7세-10세)
5064,"재구매좋아요 선물했는데 좋아합니다
가성비
짱입니다",20.05.31.,5,재구매,0,종류: 00 초미세모(매우부드러운)
5065,배송빠르고 좋아요~ 잘 사용할게요,20.05.30.,4,0,0,종류: 06 유아올슬림모(13개월-36개월)
5066,계속 치솔 애용자입니다..치과 칫솔하고  거의완벽합니다.,20.05.25.,5,0,0,종류: 03 성인올슬림모-고급형(민감성)
5067,아직 사용해보기 전인데 좋으면 계속 구매 할게여,20.05.30.,4,0,0,종류: 05 어린이이중슬림모(7세-10세)
5068,한달사용기교정해서 사봤는데 좋아요 정리한다고 비닐팩에 담아둔 사진이네요.. ㅎ,20.05.08.,5,0,한달사용기,종류: 07 교정칫솔-일반형
5069,재구매개운하니..치석제거 잘 되네요.,20.06.04.,4,재구매,0,종류: 01 성인이중슬림모(보편적인)
5070,"다른제품이랑 같이 구매해서, 이건 아직 사용전이지만
솔이 부드러워서 잘 사용할꺼 같아요",20.05.25.,5,0,0,종류: 13 해피덴-비타민올슬림모(민감성)
5071,교정치과에서 준게 너무 뻣뻣해서 칫솔질.할때마다 아파서 새로 구매했어요. 교정치과에서 준것보다 칫솔모가 부드러워서 잘 쓸수 있을거같아욤,20.04.25.,4,0,0,종류: 08 교정칫솔-슬림형
5072,재구매교정중인데잘쓰고잇어용,20.06.03.,5,재구매,0,종류: 08 교정칫솔-슬림형
5073,한달사용기좋으네요 단 검정색이라 단점이 많아요,20.05.28.,4,0,한달사용기,종류: 15 미소덴탈 숯올슬림모(민감성)
5074,좋아요.좋아요.좋아요.,20.06.09.,5,0,0,종류: 02 성인올슬림모-일반형(민감성)
5075,좋아요.좋아요.좋아요.,20.06.09.,5,0,0,종류: 10 어금니-돔형
5076,재구매늘쓰고있어요 저렴하고 모가 다른것보다 쉽게 안망가져요,20.05.25.,5,재구매,0,종류: 05 어린이이중슬림모(7세-10세)
5077,재구매항상쓰는거예요 잇몸약한분들께추천합니다,20.05.09.,5,재구매,0,종류: 03 성인올슬림모-고급형(민감성)
5078,"재구매좋아요 부드럽고 선물했는데
만족하는 것 같아요",20.05.31.,5,재구매,0,종류: 00 초미세모(매우부드러운)
5079,한달사용기항상 만족합니다. 가족들 모두 만족합니다.,20.05.30.,5,0,한달사용기,종류: 03 성인올슬림모-고급형(민감성)
5080,좋아요좋아용 잘 맞아요,20.05.13.,5,0,0,종류: 03 성인올슬림모-고급형(민감성)
5081,재구매잘닦이고 부드러워요.,20.06.04.,5,재구매,0,종류: 00 초미세모(매우부드러운)
5082,잘 닦이고 부드러워요,20.06.03.,4,0,0,0
5083,좋은제품 저렴하게 잘산거 같아요~,20.06.01.,5,0,0,종류: 07 교정칫솔-일반형
5084,기린모양으로 주문하다가 이번에는 너구리 모양으로 주문했는데 아이가 너구리도 좋아하네요,20.05.26.,5,0,0,종류: 5-2 너구리이중슬림모(7세-10세)
5085,가격대비 품질이 너무 좋아요,20.06.01.,5,0,0,종류: 07 교정칫솔-일반형
5086,배송이 빨라서 좋았어요,20.05.13.,5,0,0,종류: 07 교정칫솔-일반형
5087,배송이 빨라서 좋았어요,20.05.13.,5,0,0,종류: 09 어금니-일반형
5088,원래쓰던거예요 좋아요,20.06.02.,5,0,0,종류: 05 어린이이중슬림모(7세-10세)
5089,원래 쓰던거예요 좋아요,20.06.02.,5,0,0,종류: 03 성인올슬림모-고급형(민감성)
5090,좋습니다좋습니다좋습,20.06.25.,5,0,0,0
5091,좋습니다좋습니다좋습,20.06.25.,5,0,0,0
5092,"맘에 듭니다
쓰던거라 더욱더 맘에들어요",20.06.01.,5,0,0,종류: 03 성인올슬림모-고급형(민감성)
5093,아이들이 교정하고 있어서 주문했어요. 일반모는 아직 사용전이지만 좋을꺼라고,20.05.19.,4,0,0,종류: 01 성인이중슬림모(보편적인)
5094,"재구매항상 쓰는 치솔 빨른배송
감사합니다",20.05.31.,5,재구매,0,종류: 01 성인이중슬림모(보편적인)
5095,손잡이부분만 좀 오동통하게 만들었다면 좋았을것 같은 아쉬움 있어요 솔 상태 좋고 ~배송 빨라 굿,20.04.27.,5,0,0,종류: 04 어린이올슬림모(24개월-6세)
5096,"좋아요 아이가 더 좋아하네요 어금니끝쪽
유지장치 안쪽 잘닦여요
솔이 부드럽진 않아요",20.05.20.,5,0,0,종류: 09 어금니-일반형
5097,25개월 아기에겐 좀 커요,20.06.04.,4,0,0,종류: 06 유아올슬림모(13개월-36개월)
5098,25개월 아기에겐 좀 커요,20.06.04.,3,0,0,종류: 01 성인이중슬림모(보편적인)
5099,여기가 젤 싸고 좋아요,20.05.13.,5,0,0,종류: 09 어금니-일반형
5100,이중미세모라서 잘닦여요 좋아요,20.06.01.,5,0,0,종류: 01 성인이중슬림모(보편적인)
5101,재구매아주좋아요 감사합니다,20.05.12.,5,재구매,0,종류: 03 성인올슬림모-고급형(민감성)
5102,좋아요좋아요좋아요요,20.06.25.,5,0,0,종류: 09 어금니-일반형
5103,좋아요좋아요좋아요요,20.06.25.,5,0,0,종류: 10 어금니-돔형
5104,좋아요좋아요좋아요요,20.06.25.,5,0,0,종류: 01 성인이중슬림모(보편적인)
5105,좋아요좋아요좋아요요,20.06.25.,5,0,0,종류: 02 성인올슬림모-일반형(민감성)
5106,좋아요좋아요좋아요요,20.06.25.,5,0,0,종류: 03 성인올슬림모-고급형(민감성)
5107,좋아요좋아요좋아요요,20.06.25.,5,0,0,종류: 00 초미세모(매우부드러운)
5108,만족합니다 좋아요~~,20.06.04.,5,0,0,종류: 03 성인올슬림모-고급형(민감성)
5109,구석구석 닦기 좋아요,20.05.13.,5,0,0,종류: 10 어금니-돔형
5110,"칫솔모 포켓이 있어서 너무 맘에들어요~ 
사이즈도 적당하고 좋아요 ^^",20.05.22.,5,0,0,종류: 05 어린이이중슬림모(7세-10세)
5111,한달사용기잘 쓰고 있어요 좀 쎄네요,20.06.03.,4,0,한달사용기,종류: 07 교정칫솔-일반형
5112,재구매 했어요  가격도  싸고  좋아요,20.05.27.,3,0,0,종류: 02 성인올슬림모-일반형(민감성)
5113,늘 사용해요 좋아요,20.06.05.,5,0,0,종류: 08 교정칫솔-슬림형
5114,치과에서 사서쓰던거예요. 외부에서 어떻게 산했는데 역쉬역쉬 좋습니다. 저는 한달에 한번씩 칫솔 바꿔서 아주 저렴한 가격에 질좋은거 샀어여,20.05.14.,5,0,0,종류: 01 성인이중슬림모(보편적인)
5115,교정용칫솔 단단하고 좋아요,20.06.01.,5,0,0,종류: 07 교정칫솔-일반형
5116,평이 좋아서 삿는데 올슬림모인데도 이전 칫솔보다 강하네요. 길이가 짧은 건 구석까지 닦여져 좋아요 그리고 칫솔 전체 길이가 조금 짧아요,20.04.24.,3,0,0,종류: 02 성인올슬림모-일반형(민감성)
5117,"배송 빠르고, 그립감이 좋아서..아이가 칫솔질 할때
편하게 하는거 같아요",20.05.25.,5,0,0,종류: 05 어린이이중슬림모(7세-10세)
5118,교정때문에 구매했어요 ~쓸만합니다,20.05.25.,5,0,0,종류: 11 어금니-슬림형
5119,재구매입니다. 이제 다른 칫솔은 못 써요ㅎㅎ,20.05.25.,5,0,0,종류: 02 성인올슬림모-일반형(민감성)
5120,재구매항상 잘 쓰고 있어요...,20.06.04.,4,재구매,0,종류: 04 어린이올슬림모(24개월-6세)
5121,재구매계속 사용하는 칫솔이에요. 잇몸이 예민한 편이라 성인용 미세모 칫솔도 버거웠는데 훨씬 편하게 쓰고있어요~~,20.05.16.,5,재구매,0,종류: 04 어린이올슬림모(24개월-6세)
5122,재구매지난번엔 미세모였는데 이번 재주문은 일반모여서 거칠고 교정기에 자꾸 끼입니다 ㅠㅜ,20.05.23.,2,재구매,0,종류: 08 교정칫솔-슬림형
5123,"치솔모 포켓이 맘에 들어요~
사이즈도 적당하고 부드럽고 좋아요 ^^",20.05.22.,5,0,0,종류: 08 교정칫솔-슬림형
5124,배송음 바른데 교정을해서 그런가 이빨에 끼어요ㅜㅜㅜ,20.05.28.,4,0,0,종류: 15 미소덴탈 숯올슬림모(민감성)
5125,교정때문에 구매했어요 ~쓸만해용,20.05.25.,5,0,0,종류: 08 교정칫솔-슬림형
5126,교정때문에 구매했어요 ~쓸만합니다 ~,20.05.25.,5,0,0,종류: 10 어금니-돔형
5127,한달사용기약간 작지만 아프지않고 미세한건 좋아요,20.05.28.,4,0,한달사용기,종류: 04 어린이올슬림모(24개월-6세)
5128,일반칫솔은 어금니까지 안닿아서 어금니전용칫솔을 이용하니 말끔해요~ 배송도 빠르고 번창하세요~~,20.04.27.,3,0,0,종류: 09 어금니-일반형
5129,좋아요.좋아요.좋아요.좋아요.좋아요.좋아요.,20.06.26.,5,0,0,종류: 03 성인올슬림모-고급형(민감성)
5130,한달사용기재구매편하고 넘나 좋네요,20.05.12.,5,재구매,한달사용기,종류: 00 성인일반모(단단한)
5131,배송 빠르고 저렴하면서 품질 좋아요,20.05.29.,5,0,0,종류: 09 어금니-일반형
5132,배송 빠르고 저렴하면서 품질 좋아요,20.05.29.,5,0,0,종류: 07 교정칫솔-일반형
5133,배송 빠르고 저렴하면서 품질 좋아요,20.05.29.,5,0,0,종류: 08 교정칫솔-슬림형
5134,부드럽고 좋네요~~,20.05.14.,5,0,0,종류: 08 교정칫솔-슬림형
5135,한달사용기작아서 더 좋은 듯합니다. 꾸준히 쓰고 있네요.,20.05.23.,5,0,한달사용기,종류: 01 성인이중슬림모(보편적인)
5136,한달사용기브라켓 붙은 어금니와 잇몸 경계선 쓸어내리기 좋습니다 교정 한달차인데 치석관리 잘되어있다고 칭찬 받았네요,20.04.28.,5,0,한달사용기,종류: 09 어금니-일반형
5137,한달사용기브라켓 붙은 어금니와 잇몸 경계선 쓸어내리기 좋습니다 교정 한달차인데 치석관리 잘되어있다고 칭찬 받았네요,20.04.28.,5,0,한달사용기,종류: 10 어금니-돔형
5138,한달사용기브라켓 붙은 어금니와 잇몸 경계선 쓸어내리기 좋습니다 교정 한달차인데 치석관리 잘되어있다고 칭찬 받았네요,20.04.28.,5,0,한달사용기,종류: 11 어금니-슬림형
5139,좋아요ㆍ굿 ㆍ 사용전이라ㆍ,20.06.04.,3,0,0,종류: 08 교정칫솔-슬림형
5140,좋아요~~~~~~~,20.06.10.,5,0,0,종류: 09 어금니-일반형
5141,좋아요~~~~~~~,20.06.10.,5,0,0,종류: 10 어금니-돔형
5142,좋아요~~~~~~~,20.06.10.,5,0,0,종류: 15 미소덴탈 숯올슬림모(민감성)
5143,좋아요~~~~~~~,20.06.10.,5,0,0,종류: 00 성인일반모(단단한)
5144,"아이들이 교정중이라 주문했고요. 일반모는 사용전이지만 좋으꺼라 고, , , ,",20.05.19.,5,0,0,종류: 07 교정칫솔-일반형
5145,한달사용기생각보다 더더 정말 부드럽네요 ㅎㅎㅎ,20.05.10.,4,0,한달사용기,종류: 02 성인올슬림모-일반형(민감성)
5146,배송 빠르고 색깔도 예쁘고 잘닦여요!!!,20.05.09.,5,0,0,종류: 09 어금니-일반형
5147,가격대비 괜찮은 제품,20.06.01.,4,0,0,종류: 07 교정칫솔-일반형
5148,배송이 아주 빠르구요! 사랑니 청소가 어려워서 어금니 전용으로 샀는데 유용해요~,20.05.18.,5,0,0,종류: 14 미소덴탈 금올슬림모(민감성)
5149,한달사용기만족합니다~ 많이파세요~,20.05.27.,5,0,한달사용기,종류: 01 성인이중슬림모(보편적인)
5150,"어금니용은 고양이 쓰려고 주문 했어요 
찰떡이에요.",20.05.26.,5,0,0,종류: 10 어금니-돔형
5151,교정중 사용하기 부드럽고 잘 닦여서 좋습니다.,20.05.27.,5,0,0,종류: 08 교정칫솔-슬림형
5152,한달사용기저ㅗㅎ아요 잘쓰고 있오요,20.06.03.,5,0,한달사용기,종류: 11 어금니-슬림형
5153,배송은 빠른데 칫솔모가 이빨에 끼어요ㅜㅜ,20.05.28.,3,0,0,종류: 08 교정칫솔-슬림형
5154,재구매저렴히 잘샀어요. 싸지만 제품이 좋아요,20.05.25.,5,재구매,0,종류: 01 성인이중슬림모(보편적인)
5155,어금니까지 닿아 칫솔질을 하니 개운하네요 선물용으로 여러개 구매합니다~~,20.04.27.,3,0,0,종류: 10 어금니-돔형
5156,한달사용기좋아요 치과에서 준거랑 같아요,20.05.26.,5,0,한달사용기,종류: 09 어금니-일반형
5157,치과용이 좋아서 잘산것같아요. 치실과 혀클리너도 주셨네요. 좋습니다,20.04.28.,4,0,0,종류: 03 성인올슬림모-고급형(민감성)
5158,칫솔헤드가 작아서 맘에듭니다 칫솔모 긴것은 어금니용 칫솔이라고 해서 사봤는데 잘 닦이는것 같았습니다,20.04.29.,5,0,0,종류: 13 해피덴-비타민올슬림모(민감성)
5159,"한달사용기생각보다 튼튼하고 좋아요!
다쓰고 다음에 또 주문할거에요!",20.04.29.,5,0,한달사용기,종류: 08 교정칫솔-슬림형
5160,"한달사용기생각보다 튼튼하고 좋아요!
다쓰고 다음에 또 주문할거에요!",20.04.29.,5,0,한달사용기,종류: 10 어금니-돔형
5161,교정때문에 샀는데 좋아요,20.05.09.,5,0,0,종류: 11 어금니-슬림형
5162,재구매계속 사용중 괜찮아요,20.05.10.,5,재구매,0,종류: 08 교정칫솔-슬림형
5163,어금니쪽이 잘썩어서 이런 칫솔 처음 써보는데 구석그석 깨끗하게 닦이고 좋은것같아요 ^^,20.05.20.,5,0,0,종류: 10 어금니-돔형
5164,칫솔모가 엄청 부드럽네여 ㅎㅎ,20.05.10.,5,0,0,종류: 02 성인올슬림모-일반형(민감성)
5165,기존에 쓰던 교정칫솔은 너무 뻣뻣했는데.이건 부드럽고 좋아요. 배송도 빨랐습니다.,20.04.25.,4,0,0,종류: 07 교정칫솔-일반형
5166,어금니까지 말끔하게 칫솔질을 해야 마음이 놓이네요~~ 빠른 배송감사합니다.,20.04.27.,3,0,0,종류: 11 어금니-슬림형
5167,"늘 쓰던거여서 또 주문했어요~다른칫솔보다 벌어짐이 덜해서 좋아요~그립감도 좋구요
잘쓸께요",20.04.25.,5,0,0,종류: 05 어린이이중슬림모(7세-10세)
5168,한달사용기두번째 구매하여 잘 쓰고 있어요,20.05.08.,5,0,한달사용기,종류: 10 어금니-돔형
5169,좋아유 그냥 딱 원하던겋,20.05.30.,5,0,0,종류: 08 교정칫솔-슬림형
5170,재구매좋아요 선물했는데 조아해요,20.05.31.,5,재구매,0,종류: 05 어린이이중슬림모(7세-10세)
5171,재구매저렴하게 잘 사서 쓰고 재구매 합니다 금방 닳긴 하지만 여러개 쟁여두고 쓰니 좋아요,20.05.21.,4,재구매,0,종류: 07 교정칫솔-일반형
5172,교정때문에 샀는데 좋아요!,20.05.09.,5,0,0,종류: 07 교정칫솔-일반형
5173,쓸만해요~~교정때문에 구매했어요 ~,20.05.25.,5,0,0,종류: 11 어금니-슬림형
5174,아나아다가다자가라아,20.05.29.,5,0,0,종류: 05 어린이이중슬림모(7세-10세)
5175,부드럽고 괜찮아요.잘 쓰겠습니다,20.05.23.,5,0,0,종류: 07 교정칫솔-일반형
5176,늘 재구매를 5번이상은한것같습니다.칫솔머리가작아서 구석구석닦을수있어서참좋습니다,20.04.23.,5,0,0,종류: 02 성인올슬림모-일반형(민감성)
5177,한달사용기미세모라 잇몸마사지용으로 아주 좋아요,20.05.26.,5,0,한달사용기,종류: 00 초미세모(매우부드러운)
5178,늘 쓰던거여서 또 주문했어요~다른칫솔보다 벌어짐이 덜해서 좋아요~그립감도 좋구요,20.04.25.,5,0,0,종류: 04 어린이올슬림모(24개월-6세)
5179,늘 쓰던거여서 또 주문했어요~다른칫솔보다 벌어짐이 덜해서 좋아요~그립감도 좋구요,20.04.25.,5,0,0,종류: 01 성인이중슬림모(보편적인)
5180,잘  쓰고 있습니다.괜찮은거 같아요.,20.05.23.,5,0,0,종류: 08 교정칫솔-슬림형
5181,재구매어머니 아버지가 이 사이 닦기도 좋다고 잘쓰십니다. 잇몸 약한 교정인들한테도 좋을거같아요,20.04.28.,5,재구매,0,종류: 00 초미세모(매우부드러운)
5182,"칫솔헤드가 아담해서 어금니 구석까지 쏘옥 들어가고, 솔이 부드러워서 좋아요. 치과에서 받은 칫솔은 너무 크고 뻣뻣해서 이가 시렸는데 이 제품은 좋네요.",20.05.11.,5,0,0,종류: 08 교정칫솔-슬림형
5183,"치아 뒷면,  사이사이 잘 닦입니다",20.05.28.,5,0,0,종류: 10 어금니-돔형
5184,어금니 일반형이랑 돔형 구매햇어요. 일반 칫솔모가 안닿는곳 구석구석 닦을 수 있어서 좋아요!,20.04.25.,4,0,0,종류: 09 어금니-일반형
5185,칫솔 모가 너무 딱딱하지도 힘없지도 안아요,20.05.06.,5,0,0,종류: 00 성인일반모(단단한)
5186,배송 빠르고 좋아요 조금만 더 착한 금액 이었다면..하는 아쉬움은 남아요,20.04.27.,5,0,0,종류: 01 성인이중슬림모(보편적인)
5187,좋아요 배송 빠르고 칫솔 튼튼하니 좋아요,20.05.24.,5,0,0,종류: 04 어린이올슬림모(24개월-6세)
5188,종류가많아서 용도에맞게 사용할수있어 좋네요,20.05.24.,5,0,0,종류: 00 성인일반모(단단한)
5189,"배송도 빠르고, 치간 이물질 제거에 너무 좋습니다..",20.05.25.,5,0,0,종류: 09 어금니-일반형
5190,칫솔모가 부드럽고  잇몸에도  자극적이지  않아서  좋아요~,20.05.23.,5,0,0,종류: 03 성인올슬림모-고급형(민감성)
5191,부드럽고 좋아요!!,20.06.01.,5,0,0,종류: 08 교정칫솔-슬림형
5192,"좋은금액으로 잘샀어요. 이중슬림모, 올슬림모 둘다 사봤어요.",20.04.28.,4,0,0,종류: 01 성인이중슬림모(보편적인)
5193,매번주문해서 쓰는겁니다 좋아요,20.05.26.,5,0,0,종류: 01 성인이중슬림모(보편적인)
5194,부드럽고 냥이 칫솔로 사이즈며 브러쉬 다 좋아옹,20.05.24.,5,0,0,종류: 11 어금니-슬림형
5195,치아가 약했는데 정말 좋아요 개별포장이라.더 좋네요,20.04.29.,5,0,0,종류: 03 성인올슬림모-고급형(민감성)
5196,"일전에 치과에서 주던 칫솔이네요
아주좋았는데 저렴히 살수있어감사!",20.04.25.,5,0,0,종류: 01 성인이중슬림모(보편적인)
5197,칫솔모도 좋고 잘닦여요!!,20.05.09.,5,0,0,종류: 10 어금니-돔형
5198,재구매어금니칫솔로 하면 더 깨끗이되서 좋아요,20.05.25.,5,재구매,0,종류: 10 어금니-돔형
5199,부드러워서 좋네여ㅎㅎ,20.05.10.,5,0,0,종류: 00 초미세모(매우부드러운)
5200,한달사용기일반칫솔 튼튼모 많이 강하네요  혓바닥 잘 닦여요,20.04.29.,5,0,한달사용기,종류: 00 성인일반모(단단한)
5201,"가성비 짱인 칫솔
육년째 사용중이에요
만족만족!",20.05.25.,5,0,0,종류: 11 어금니-슬림형
5202,우리 애들 칫솔 물고 장난치기 좋아해 금방 갈아줘야해미세모로 구매하는데 솔 상태 좋아요,20.04.27.,5,0,0,종류: 06 유아올슬림모(13개월-36개월)
5203,재구매어머니 아버지가 이 사이 닦기도 좋다고 잘쓰십니다. 교정인들한테도 좋을거같아요!,20.04.28.,5,재구매,0,종류: 03 성인올슬림모-고급형(민감성)
5204,재구매어머니 아버지가 이 사이 닦기도 좋다고 잘쓰십니다. 교정인들한테도 좋을거같아요!,20.04.28.,5,재구매,0,종류: 11 어금니-슬림형
5205,배송  빠르고 상품 좋습니다 많이 파세요,20.05.25.,5,0,0,종류: 04 어린이올슬림모(24개월-6세)
5206,"육년째 쓰고있어요
가성비 최고에요",20.05.25.,5,0,0,종류: 03 성인올슬림모-고급형(민감성)
5207,아기 어금니 요철이 심해서 두개샀는데 남편이 더 좋아하네요.,20.05.02.,5,0,0,종류: 10 어금니-돔형
5208,좋아용 배송 짱빨므,20.05.29.,5,0,0,종류: 01 성인이중슬림모(보편적인)
5209,"재구매이중슬림모 너무좋습니다 너무 딱딱하지도 부드럽지도않은게 딱좋아요!
슬림모는 잇몸이 좀 예민해졌을때 한번씩 쓰면 좋을 것 같아요
일반모는 치태가 좀 껴있다고 생각했을때 써주면 좋을 것 같아요!",20.05.05.,5,재구매,0,종류: 01 성인이중슬림모(보편적인)
5210,칫솔마다 칫솔집이 있는데 원가 절감위해 따로 원하는 사람만 따로 줘도 될것 같아요,20.04.29.,5,0,0,종류: 12 해피덴-비타민이중슬림모(보편적인)
5211,꾸준히 사용중이에요! 제일 좋아요~,20.05.01.,5,0,0,종류: 04 어린이올슬림모(24개월-6세)
5212,꾸준히 사용중이에요! 제일 좋아요~,20.05.01.,5,0,0,종류: 01 성인이중슬림모(보편적인)
5213,어금니칫솔 넘 좋습니다. 꼭 사용해보세요.,20.05.25.,5,0,0,종류: 09 어금니-일반형
5214,이걸 지금 알았다니 하하,20.05.28.,5,0,0,종류: 11 어금니-슬림형
5215,재구매가격 배송 포장 맘에들어서 세번째 구매애요 ^^^,20.05.04.,5,재구매,0,종류: 07 교정칫솔-일반형
5216,매번 주문해서 씁니다 좋아요,20.05.26.,5,0,0,종류: 09 어금니-일반형
5217,"제품이 너무 좋아요~
치과칫솔 그전에도 사용했는데 이거 한번쓰면 다른제품은 눈에 안들어와요
잘쓸께요",20.05.11.,5,0,0,종류: 05 어린이이중슬림모(7세-10세)
5218,친구가 하나줘서 써봤는데 좋아서 저도 주문했어요~ 솔이 작아 구석구석 잘 들어가고 솔이 힘이 있어서 잘 닦이네요~ 앞으로 이 칫솔 계속 사용하려구요~,20.04.18.,5,0,0,종류: 11 어금니-슬림형
5219,사랑니 양치질할때 좋아요,20.05.26.,5,0,0,종류: 10 어금니-돔형
5220,어금니칫솔 앞니의 뒷부분  닦기에 편리합니다,20.05.23.,5,0,0,종류: 10 어금니-돔형
5221,"재구매한번써보고 만족해서 다시구입해요
부드럽고 힘있는 모가 맘에들어요",20.04.24.,5,재구매,0,종류: 03 성인올슬림모-고급형(민감성)
5222,비싼것보다 이걸로 자주갈아주는게 더 좋네요.,20.05.02.,5,0,0,종류: 04 어린이올슬림모(24개월-6세)
5223,칫솔모가 이빨에 끼어요ㅜㅜㅜ,20.05.28.,3,0,0,종류: 07 교정칫솔-일반형
5224,한달사용기가격 좋아서 여러개 구입,20.05.27.,3,0,한달사용기,종류: 03 성인올슬림모-고급형(민감성)
5225,"지인추천으로 알게되어 구입해봤는데
저렴한가격에 사용감도 너무 개운하고 좋은데요?
아이도 전에는 치카해줄때 아프다고 하곤했는데
이칫솔은 아프다는 소리도안하고 부드럽대요
어금니칫솔이랑 같이 사용중예요~",20.04.11.,5,0,0,종류: 03 성인올슬림모-고급형(민감성)
5226,"지인추천으로 알게되어 구입해봤는데
저렴한가격에 사용감도 너무 개운하고 좋은데요?
아이도 전에는 치카해줄때 아프다고 하곤했는데
이칫솔은 아프다는 소리도안하고 부드럽대요
어금니칫솔이랑 같이 사용중예요~",20.04.11.,5,0,0,종류: 05 어린이이중슬림모(7세-10세)
5227,"지인추천으로 알게되어 구입해봤는데
저렴한가격에 사용감도 너무 개운하고 좋은데요?
아이도 전에는 치카해줄때 아프다고 하곤했는데
이칫솔은 아프다는 소리도안하고 부드럽대요
어금니칫솔이랑 같이 사용중예요~",20.04.11.,5,0,0,종류: 10 어금니-돔형
5228,"지인추천으로 알게되어 구입해봤는데
저렴한가격에 사용감도 너무 개운하고 좋은데요?
아이도 전에는 치카해줄때 아프다고 하곤했는데
이칫솔은 아프다는 소리도안하고 부드럽대요
어금니칫솔이랑 같이 사용중예요~",20.04.11.,5,0,0,종류: 11 어금니-슬림형
5229,빨라요 구석진어금니 뒤쪽 닦기 편리해요,20.05.20.,5,0,0,종류: 10 어금니-돔형
5230,예쁘고 기능적으로 좋은듯합니다 잘쓸께요~,20.05.23.,4,0,0,종류: 05 어린이이중슬림모(7세-10세)
5231,덴탈칫솔 쓰기 편해서 좋아요,20.05.25.,5,0,0,종류: 04 어린이올슬림모(24개월-6세)
5232,각각 칫솔모가 케이스에 보관되어 깔끔하게 사용할 수 있고 데일리로 쓰기에 가성비 갑입니다.,20.04.26.,5,0,0,종류: 01 성인이중슬림모(보편적인)
5233,각각 칫솔모가 케이스에 보관되어 깔끔하게 사용할 수 있고 데일리로 쓰기에 가성비 갑입니다.,20.04.26.,5,0,0,종류: 02 성인올슬림모-일반형(민감성)
5234,각각 칫솔모가 케이스에 보관되어 깔끔하게 사용할 수 있고 데일리로 쓰기에 가성비 갑입니다.,20.04.26.,5,0,0,종류: 05 어린이이중슬림모(7세-10세)
5235,좋아요 완전찾았던상품이에요   ㅋ 감사합니다.,20.05.18.,4,0,0,종류: 07 교정칫솔-일반형
5236,너무 조아요!쭉 여기서 구매해서 쓸께요,20.04.29.,5,0,0,종류: 08 교정칫솔-슬림형
5237,쓰던거라 안심하고샀어요 이중미세모는 신랑이써요 ㅎㅎ배송도빠르고 조아요,20.04.16.,5,0,0,종류: 01 성인이중슬림모(보편적인)
5238,배송도 빠른 편이고 좋아요~,20.05.26.,4,0,0,종류: 09 어금니-일반형
5239,원래 쓰든거라 모가 부드러워서 젛아여에,20.05.23.,5,0,0,종류: 08 교정칫솔-슬림형
5240,한달사용기가성비좋아요. 교정중인데 잘 쓰고있어요,20.05.19.,5,0,한달사용기,종류: 08 교정칫솔-슬림형
5241,빠른 배송 저렴한 가격이네요. 아이가 교정중이라 필요했는데 치과보다 많이 싸요.,20.05.12.,5,0,0,종류: 08 교정칫솔-슬림형
5242,사랑니가 잇몸에 약간 덮혀 있어서 사랑니 관리용으로 샀습니다. 제 예상보다 엄청 빳빳해서 잇몸에 자극이 심하게 갔는지 피를 엄청 쏟았습니다. 딱 어금니 위쪽부분만 닦는 용도로 쓰셔야 될 것 같아요. 칫솔모가 엄청 빳빳한게 신중히 잘 닦아야 할 것 같습니다. 좀 더 부드러운 어금니칫솔을 만들어 주시면 그걸 사보고 싶어요.,20.04.25.,3,0,0,종류: 10 어금니-돔형
5243,재구매배송도 빠르고 저렴하게 잘 샀어요,20.05.03.,5,재구매,0,종류: 01 성인이중슬림모(보편적인)
5244,어금니 칫솔 앞니 닦기에 유용합니다,20.05.23.,5,0,0,종류: 11 어금니-슬림형
5245,사은품까지 꼼꼼히 챙겨주셔서 감사합니다^^,20.05.22.,5,0,0,종류: 10 어금니-돔형
5246,"아이교정때문에 샀는데 아이가 괜찮은거 같데요  
칫솔헤드가 작아서 좋아요",20.04.29.,5,0,0,종류: 08 교정칫솔-슬림형
5247,조아용조아요조아요용,20.05.28.,5,0,0,종류: 08 교정칫솔-슬림형
5248,각각 칫솔모에 케이스도 있으니 청결하고 좋아요,20.04.30.,5,0,0,종류: 00 초미세모(매우부드러운)
5249,교정을 하고 있어서 구매했습니다. 저렴하게잘 구입한거 같아요.^^,20.05.14.,4,0,0,종류: 07 교정칫솔-일반형
5250,배송 빨랐고 사용해보니 제가 원했던 정도로 만족합니다. 구석구석 깔끔하게 양치한 기분입니다. 또 구매할께요.,20.04.17.,5,0,0,종류: 01 성인이중슬림모(보편적인)
5251,좋아요 배송 빠르고 좋아요,20.05.24.,5,0,0,종류: 05 어린이이중슬림모(7세-10세)
5252,원하던  상품이예요~,20.05.27.,5,0,0,종류: 09 어금니-일반형
5253,재구매배송빠르고 늘쓰고있어요,20.05.24.,5,재구매,0,종류: 04 어린이올슬림모(24개월-6세)
5254,좋아여아주좋아여네네네,20.06.16.,3,0,0,종류: 07 교정칫솔-일반형
5255,재구매귀여워서 아이가 좋아해요,20.05.24.,5,재구매,0,종류: 5-1 너구리올슬림모(24개월-6세)
5256,재구매치과에서 추천해준 칫솔이에요,20.05.03.,5,재구매,0,종류: 09 어금니-일반형
5257,기대이상으로 좋아요 이가겨에잘산거같아요,20.04.19.,5,0,0,종류: 10 어금니-돔형
5258,또 시킬게요~ 재구매 예정,20.04.30.,5,0,0,종류: 13 해피덴-비타민올슬림모(민감성)
5259,교정때문에  구매했어요 ~,20.05.25.,5,0,0,종류: 08 교정칫솔-슬림형
5260,"배송도 빠르고 상품이 좋네요
혀클리너도 감사히 잘 쓸게요",20.04.30.,5,0,0,종류: 02 성인올슬림모-일반형(민감성)
5261,아직 써보지는 않았지만 괜찮았으면 좋겠네요 배송은 빨라서 만족스러웠어요,20.04.22.,5,0,0,종류: 08 교정칫솔-슬림형
5262,만족합니다 저렴하고 좋아요,20.05.03.,5,0,0,종류: 10 어금니-돔형
5263,만족합니다 저렴하고 좋아요,20.05.03.,5,0,0,종류: 05 어린이이중슬림모(7세-10세)
5264,만족합니다 저렴하고 좋아요,20.05.03.,5,0,0,종류: 04 어린이올슬림모(24개월-6세)
5265,만족합니다 저렴하고 좋아요,20.05.03.,5,0,0,종류: 01 성인이중슬림모(보편적인)
5266,"만족합니다.
금덴탈모 사용해보고 후기 남길께요~~^^",20.04.26.,5,0,0,종류: 14 미소덴탈 금올슬림모(민감성)
5267,칫솔모 아주 부드러워요,20.05.04.,4,0,0,종류: 00 초미세모(매우부드러운)
5268,칫솔모아주부드러워요,20.05.04.,4,0,0,종류: 04 어린이올슬림모(24개월-6세)
5269,배송도 빠르고 좋네요,20.05.04.,5,0,0,종류: 01 성인이중슬림모(보편적인)
5270,한달사용기질 사용하고 있어요~ 가성비 짱입니다! 재구매의사 있습니다~,20.04.23.,5,0,한달사용기,종류: 12 해피덴-비타민이중슬림모(보편적인)
5271,"미세한 모가 구석구석 잘 딱여서..
강추합니다..^^",20.05.22.,4,0,0,종류: 00 초미세모(매우부드러운)
5272,"재구매교정하고 칫솔은 항상 여기서 주문하네요~
교정한지 벌써 2년이 넘었습니다~!!!",20.05.13.,5,재구매,0,종류: 08 교정칫솔-슬림형
5273,한달사용기초등 저학년이 쓰기 괜찮습니다.,20.05.23.,5,0,한달사용기,종류: 05 어린이이중슬림모(7세-10세)
5274,굿입니다여 굿입니다여,20.05.26.,5,0,0,종류: 01 성인이중슬림모(보편적인)
5275,칫솔모아주부드럽습니다.,20.05.04.,4,0,0,종류: 11 어금니-슬림형
5276,괜찮아요 쓸만해요 좋아요,20.06.15.,4,0,0,종류: 03 성인올슬림모-고급형(민감성)
5277,재구매치아에 무리없이 잘닦여요,20.05.03.,5,재구매,0,종류: 02 성인올슬림모-일반형(민감성)
5278,성인 일반모 단단하고 좋습니다 프라그제거,20.04.30.,5,0,0,종류: 00 성인일반모(단단한)
5279,빠른배송너무좋아용 감사합니다 ^^♡,20.05.23.,5,0,0,종류: 03 성인올슬림모-고급형(민감성)
5280,항상 잘 쓰고 있습니다.,20.05.25.,5,0,0,종류: 09 어금니-일반형
5281,몇년째 구매하고 있습니다. 이번엔  혀 크리너도 넣어주셨너요 감사드립니다,20.05.10.,5,0,0,종류: 03 성인올슬림모-고급형(민감성)
5282,"오 좋은제품이에요
잘쓰고 또 주문할게요",20.05.21.,5,0,0,종류: 01 성인이중슬림모(보편적인)
5283,재구매부드럽게 잘 닦여요,20.05.25.,3,재구매,0,종류: 09 어금니-일반형
5284,괜찮네요. 슬림형으로 더써보고싶어요,20.05.17.,4,0,0,종류: 10 어금니-돔형
5285,배송이 빠르고 아주 좋아용~ 충치 생기는 바람ㅇ ㅜㅜ,20.05.18.,5,0,0,종류: 02 성인올슬림모-일반형(민감성)
5286,아이들이 칫솔질할때 아프다고 하지않아서 좋아요,20.05.18.,5,0,0,종류: 00 초미세모(매우부드러운)
5287,한달사용기돔형 끝나고 써볼게요!! 감사합니다,20.04.27.,3,0,한달사용기,종류: 11 어금니-슬림형
5288,칫솔 좋아요 잘닦여요,20.05.26.,5,0,0,종류: 00 성인일반모(단단한)
5289,비싸도 교체시기는 비슷한거 같아 인터넷으로 저렴한 칫솔 주문햇어요.배송빠르고 사은품 혀 크리너도 감사합니다.,20.04.15.,5,0,0,종류: 01 성인이중슬림모(보편적인)
5290,재구매늘 쓰는 칫솔이라 좋아요,20.05.03.,5,재구매,0,종류: 11 어금니-슬림형
5291,괜찮을까 반신반의 하며 사봤는데 만족합니다,20.04.29.,5,0,0,종류: 01 성인이중슬림모(보편적인)
5292,교정했는데 싸게 교정용 살 숮있어서 좋아요,20.05.21.,5,0,0,종류: 07 교정칫솔-일반형
5293,한달사용기다른 칫솔과 달라요~~재구매 있습니다!!,20.04.27.,3,0,한달사용기,종류: 01 성인이중슬림모(보편적인)
5294,조아용 치석제거 탁월 !!,20.05.25.,5,0,0,종류: 07 교정칫솔-일반형
5295,한달사용기솔이 부드럽고 좋아요,20.05.24.,5,0,한달사용기,종류: 03 성인올슬림모-고급형(민감성)
5296,미세모 칫솔 부드럽고 잘 닦이네요  저렴하게 잘 샀습니니다. 추천해요~,20.05.13.,5,0,0,종류: 13 해피덴-비타민올슬림모(민감성)
5297,미세모 칫솔 부드럽고 잘 닦이네요  저렴하게 잘 샀습니니다. 추천해요~,20.05.13.,5,0,0,종류: 15 미소덴탈 숯올슬림모(민감성)
5298,미세모 칫솔 부드럽고 잘 닦이네요  저렴하게 잘 샀습니니다. 추천해요~,20.05.13.,5,0,0,종류: 14 미소덴탈 금올슬림모(민감성)
5299,미세모 칫솔 부드럽고 잘 닦이네요  저렴하게 잘 샀습니니다. 추천해요~,20.05.13.,5,0,0,종류: 00 초미세모(매우부드러운)
5300,미세모 칫솔 부드럽고 잘 닦이네요  저렴하게 잘 샀습니니다. 추천해요~,20.05.13.,5,0,0,종류: 02 성인올슬림모-일반형(민감성)
5301,저렴하게 잘샀어요.,20.05.25.,3,0,0,종류: 02 성인올슬림모-일반형(민감성)
5302,재구매저렴한가격에 항상 구매하는 제품이에요,20.04.29.,5,재구매,0,종류: 05 어린이이중슬림모(7세-10세)
5303,두번째 주문입니다~ 전에 쓰던거 다 써서 새로 주문했습니다. 부드럽고 좋네요..,20.05.11.,5,0,0,종류: 05 어린이이중슬림모(7세-10세)
5304,재구매배송도빠르고 좋아요,20.05.03.,5,재구매,0,종류: 10 어금니-돔형
5305,매우 마족합니다.아주,20.05.24.,5,0,0,0
5306,한달사용기재구매좋아요 좋아요~^^,20.06.16.,4,재구매,한달사용기,종류: 06 유아올슬림모(13개월-36개월)
5307,한달사용기재구매좋아요 좋아요~^^,20.06.16.,4,재구매,한달사용기,종류: 01 성인이중슬림모(보편적인)
5308,한달사용기재구매좋아요 좋아요~^^,20.06.16.,4,재구매,한달사용기,종류: 03 성인올슬림모-고급형(민감성)
5309,교정칫솔 일반형 아이들 쓰기에도 적당한,20.05.19.,4,0,0,종류: 07 교정칫솔-일반형
5310,가격과 배송 칫솔상태 만족스럽습니다,20.04.29.,5,0,0,종류: 03 성인올슬림모-고급형(민감성)
5311,한달사용기좋아요 캡이 있었으면 더 좋을거 같아용,20.05.14.,4,0,한달사용기,종류: 11 어금니-슬림형
5312,이중슬림모 아주 마음에 들어요,20.04.30.,5,0,0,종류: 01 성인이중슬림모(보편적인)
5313,"엄마 아빠랑 같이 쓰려고 6개 사서 2개씩 나눠드리고 쓰고있는데,엄마 아빠 다들 너무 좋다고 더 사라고 하시네요!!2개 다 쓰고서는 많이 주문해야겠어요 좋은제품 감사합니다♥️",20.04.12.,5,0,0,종류: 15 미소덴탈 숯올슬림모(민감성)
5314,"엄마 아빠랑 같이 쓰려고 6개 사서 2개씩 나눠드리고 쓰고있는데,엄마 아빠 다들 너무 좋다고 더 사라고 하시네요!!2개 다 쓰고서는 많이 주문해야겠어요 좋은제품 감사합니다♥️",20.04.12.,5,0,0,종류: 13 해피덴-비타민올슬림모(민감성)
5315,"엄마 아빠랑 같이 쓰려고 6개 사서 2개씩 나눠드리고 쓰고있는데,엄마 아빠 다들 너무 좋다고 더 사라고 하시네요!!2개 다 쓰고서는 많이 주문해야겠어요 좋은제품 감사합니다♥️",20.04.12.,5,0,0,종류: 12 해피덴-비타민이중슬림모(보편적인)
5316,"일반칫솔모 보다 더부드럽고 잘 닦이는거
같아서 좋았습니다 재구매 의사 있어요",20.05.13.,5,0,0,종류: 10 어금니-돔형
5317,슈퍼에서 왜 안팔까요 어금니 칫솔만 필요햇던 건데 ㅜㅡㅜ,20.04.24.,2,0,0,종류: 10 어금니-돔형
5318,재구매구요 배송도 빠릅니다,20.05.16.,4,0,0,종류: 02 성인올슬림모-일반형(민감성)
5319,"잘 닦여요~~
좋아요~~",20.05.24.,4,0,0,종류: 01 성인이중슬림모(보편적인)
5320,한달사용기교정칫솔 좋아요 잘 사용하고 있어요~^^,20.04.26.,4,0,한달사용기,종류: 08 교정칫솔-슬림형
5321,사용해 보고 괜찮은것 같아 다시 재구매합니다,20.05.18.,4,0,0,종류: 07 교정칫솔-일반형
5322,써보니 괜찮네요..이가 시려서 아무 치솔이나 사용하면 안될듯해서 고민중 사서 써보니 너무 좋네요.,20.04.17.,3,0,0,종류: 03 성인올슬림모-고급형(민감성)
5323,써보니 괜찮네요..이가 시려서 아무 치솔이나 사용하면 안될듯해서 고민중 사서 써보니 너무 좋네요.,20.04.17.,3,0,0,종류: 02 성인올슬림모-일반형(민감성)
5324,칫솔바꿔봤어요 기대가되네요,20.04.26.,5,0,0,종류: 03 성인올슬림모-고급형(민감성)
5325,"배송도 빠르고 안전하게 잘받았어요!! 
서비스도 감사합니다",20.04.22.,5,0,0,종류: 00 성인일반모(단단한)
5326,재구매뷰드럽게 잘 닦여요ㅔ,20.05.25.,3,재구매,0,종류: 08 교정칫솔-슬림형
5327,친구집에서 사용하고 좋아서 저도 구매했습니다. 역시 좋네요!! 많이 파세요!!,20.04.18.,5,0,0,종류: 03 성인올슬림모-고급형(민감성)
5328,배송도빠르고 부드러운모도 쓸만해요,20.04.29.,5,0,0,종류: 00 초미세모(매우부드러운)
5329,만족합니다. 좋습니다.,20.05.18.,5,0,0,종류: 01 성인이중슬림모(보편적인)
5330,재구매올슬림모는 잇몸이나 입천장이 예민해졌을때 쓰면좋아요!! 저는 기본으로는 이중슬림모씁니다!,20.05.05.,5,재구매,0,종류: 02 성인올슬림모-일반형(민감성)
5331,색상 칫솔모 칫솔캡 짱짱하고 좋아요,20.04.28.,5,0,0,종류: 05 어린이이중슬림모(7세-10세)
5332,"늘 쓰던 칫솔이라..재구매 하게 되었네요^^
구석구석 잘 닦이는 느낌 너무 좋아요",20.04.18.,4,0,0,종류: 03 성인올슬림모-고급형(민감성)
5333,충치 생기는 바람에 관리하려고 샀어용~,20.05.18.,5,0,0,종류: 10 어금니-돔형
5334,아직쓰기전이지만 좋을거같아요,20.05.18.,5,0,0,종류: 02 성인올슬림모-일반형(민감성)
5335,재구매몇년째 잘 쓰고 있어요,20.05.21.,5,재구매,0,종류: 04 어린이올슬림모(24개월-6세)
5336,재구매몇년째 잘 쓰고 있어요,20.05.21.,5,재구매,0,종류: 05 어린이이중슬림모(7세-10세)
5337,재구매몇년째 잘 쓰고 있어요,20.05.21.,5,재구매,0,종류: 15 미소덴탈 숯올슬림모(민감성)
5338,재구매몇년째 잘 쓰고 있어요,20.05.21.,5,재구매,0,종류: 01 성인이중슬림모(보편적인)
5339,아주만족하며 쓰고 있습니다.,20.05.20.,5,0,0,종류: 10 어금니-돔형
5340,잘 쓰고 있습니다.,20.05.23.,5,0,0,종류: 10 어금니-돔형
5341,치과에서 준거랑 똑같아서 좋아요,20.05.18.,5,0,0,종류: 11 어금니-슬림형
5342,한달사용기어금니 칫솔 잘 쓰고 있어요,20.04.29.,5,0,한달사용기,종류: 09 어금니-일반형
5343,딱 원하는 강도의 칫솔인데  한줄이 더있었으면 좋았을듯..,20.05.15.,4,0,0,종류: 01 성인이중슬림모(보편적인)
5344,좋은칫솔 같아요. 아이들과 함께 쓰려구요,20.04.23.,5,0,0,종류: 10 어금니-돔형
5345,평소 사랑니 때문에 칫솔질하기 힘들어서 좀 잘 닦이지 않는 느낌이 많았는데 어금니 칫솔을 사용해서 깊숙히 닦을 수 있어서 좋았어요 근데 생각보다 사용할때 잘 닦이는 느낌은 아니라서 꽤 오랫동안 잘 닦으려고 해주는데 아무래도 칫솔의 형태가 다르다 보니까 아직 어색해서 그런것 같기도 해요 잘 사용할게여!!,20.04.20.,4,0,0,종류: 10 어금니-돔형
5346,재구매좋아요 여기 칫솔만 씁니당,20.04.24.,5,재구매,0,종류: 08 교정칫솔-슬림형
5347,재구매좋아요 여기 칫솔만 씁니당,20.04.24.,5,재구매,0,종류: 07 교정칫솔-일반형
5348,재구매좋아요 여기 칫솔만 씁니당,20.04.24.,5,재구매,0,종류: 01 성인이중슬림모(보편적인)
5349,재구매좋아요 여기 칫솔만 씁니당,20.04.24.,5,재구매,0,종류: 00 성인일반모(단단한)
5350,아이들이 양치할때 좋아해요,20.05.18.,5,0,0,종류: 04 어린이올슬림모(24개월-6세)
5351,재구매감사합니더 감사합니다,20.05.20.,5,재구매,0,종류: 01 성인이중슬림모(보편적인)
5352,쟁여놓으니 엄청 편하네요^-^,20.04.30.,5,0,0,종류: 03 성인올슬림모-고급형(민감성)
5353,재구매구요 배송도 빨라요,20.05.16.,4,0,0,종류: 05 어린이이중슬림모(7세-10세)
5354,한달사용기가성비 좋고 칫솔모 변형 거의 없어요,20.04.26.,4,0,한달사용기,종류: 07 교정칫솔-일반형
5355,재구매  했어요  가격도 저렴하고 좋아요,20.05.13.,4,0,0,종류: 14 미소덴탈 금올슬림모(민감성)
5356,너무너무 좋네요잘쓸께요,20.06.10.,4,0,0,종류: 08 교정칫솔-슬림형
5357,항상 만족하며쓰고있어요~,20.05.19.,4,0,0,종류: 01 성인이중슬림모(보편적인)
5358,어금니칫솔 써 보니 좋아요,20.04.28.,5,0,0,종류: 10 어금니-돔형
5359,한달사용기아주 만족스럽습니다 ~,20.05.20.,5,0,한달사용기,종류: 08 교정칫솔-슬림형
5360,한달사용기아주 만족스럽습니다 ~,20.05.20.,5,0,한달사용기,종류: 07 교정칫솔-일반형
5361,한달사용기아주 만족스럽습니다~,20.05.20.,5,0,한달사용기,종류: 09 어금니-일반형
5362,처음사보는데 나름 좋아요! 잘사용하겠습니다!,20.04.20.,4,0,0,종류: 07 교정칫솔-일반형
5363,아이가 교정중이라 제대로 칫솔질이 안 돼 주문했는데 좋네요.,20.05.12.,5,0,0,종류: 09 어금니-일반형
5364,칫솔크기가 맘에 딱 들어요.그전에 쓰던건 모가 커서 잇몸에 안맞았는데 이건 적당히 부드럽고 강해요,20.04.13.,5,0,0,종류: 02 성인올슬림모-일반형(민감성)
5365,"늘 이 칫솔만 써요
사은품도 챙겨주시고 감사합니다",20.05.09.,5,0,0,종류: 03 성인올슬림모-고급형(민감성)
5366,사용전이구요..개별포장 맘에 듭니다,20.04.21.,5,0,0,종류: 13 해피덴-비타민올슬림모(민감성)
5367,좋아요 배송빨라요 아이교정용으로 대량구입했어여,20.04.18.,5,0,0,종류: 08 교정칫솔-슬림형
5368,좋아용  항상 사용하는거라,20.05.18.,5,0,0,종류: 09 어금니-일반형
5369,"언제나 이용하고 있어요
감사합니다  잘받았습니다",20.04.23.,4,0,0,종류: 08 교정칫솔-슬림형
5370,미세모품질이 좋네요^-^,20.04.30.,5,0,0,종류: 12 해피덴-비타민이중슬림모(보편적인)
5371,늘 쓰는제품이예여. 만족!~,20.05.20.,5,0,0,종류: 11 어금니-슬림형
5372,틈튼하고 좋네요~^^,20.05.22.,5,0,0,종류: 09 어금니-일반형
5373,좋아요 진작 알았으면 편해요,20.05.20.,5,0,0,종류: 11 어금니-슬림형
5374,"만족합니다
혀클리너 서비스 주셨어요
잘사용하겠습니다",20.04.17.,5,0,0,종류: 05 어린이이중슬림모(7세-10세)
5375,집과 유치원에서 꾸준히 사용하는거라서 재구매했어요. 계속 바꿔줘야하는거라 사용하기 무난한것같아요,20.05.03.,5,0,0,종류: 05 어린이이중슬림모(7세-10세)
5376,튼튼하고 좋네요~^^,20.05.22.,5,0,0,종류: 11 어금니-슬림형
5377,튼튼하고 좋아요~^^,20.05.22.,4,0,0,종류: 10 어금니-돔형
5378,저렴하고 사용하기좋아요,20.04.27.,4,0,0,종류: 11 어금니-슬림형
5379,저렴하고 사용하기좋아요,20.04.27.,4,0,0,종류: 12 해피덴-비타민이중슬림모(보편적인)
5380,저렴하고 사용하기 좋아요,20.04.27.,5,0,0,종류: 00 성인일반모(단단한)
5381,빠른 배송 감사합니다.,20.05.19.,5,0,0,종류: 09 어금니-일반형
5382,빠른 배송 감사합니다.,20.05.19.,5,0,0,종류: 08 교정칫솔-슬림형
5383,좋아요 재구매 했어요 다시 또 재구매할꺼예요,20.05.11.,5,0,0,종류: 06 유아올슬림모(13개월-36개월)
5384,항상 사용하던거라 좋아요~,20.05.18.,5,0,0,종류: 10 어금니-돔형
5385,생각한것것보단 너무좋아요  가격도 싸게구입했습니다,20.05.07.,5,0,0,종류: 03 성인올슬림모-고급형(민감성)
5386,한달사용기계속재구매하고있어요,20.05.17.,4,0,한달사용기,종류: 03 성인올슬림모-고급형(민감성)
5387,항상 잘쓰고 있어요.,20.05.19.,4,0,0,종류: 12 해피덴-비타민이중슬림모(보편적인)
5388,재구매입니다. 칫솔모가 부드러워요,20.05.10.,5,0,0,종류: 08 교정칫솔-슬림형
5389,재구매일반모 치태제거할때 좋은 것 같아요! 저는 일반모 슬림모 이중슬림모 같이 씁니다!!,20.05.05.,5,재구매,0,종류: 00 성인일반모(단단한)
5390,친구 집에서 써보고 너무 개운하니 잘닦여 주문했어요.,20.04.21.,5,0,0,종류: 03 성인올슬림모-고급형(민감성)
5391,전에 치과용 칫솔 쓰고 좋아서 이제 이것만 사용하려구요,20.05.11.,4,0,0,종류: 03 성인올슬림모-고급형(민감성)
5392,"개별보장이 맘ㅈ에 드네요.저는 사용했던거라
맘에 드네요",20.04.21.,5,0,0,종류: 14 미소덴탈 금올슬림모(민감성)
5393,칫솔머리가 작아서 입 안쪽까지 닦을수 있어서 좋네요.,20.04.21.,4,0,0,종류: 01 성인이중슬림모(보편적인)
5394,"와 정말 좋은거 같아요
싼가격에 여러개 구매했어요.",20.04.15.,5,0,0,종류: 01 성인이중슬림모(보편적인)
5395,"계속 재구매합니다
크기도 적당하고, 
역시 치과용이예요",20.04.21.,5,0,0,종류: 03 성인올슬림모-고급형(민감성)
5396,"언제나 이용하고 있습니다 
감사합니다",20.04.23.,4,0,0,종류: 04 어린이올슬림모(24개월-6세)
5397,재구매좋아요. 재구매입니다,20.05.12.,4,재구매,0,종류: 04 어린이올슬림모(24개월-6세)
5398,재구매좋아요. 재구매입니다,20.05.12.,4,재구매,0,종류: 01 성인이중슬림모(보편적인)
5399,배송 빨랐구요..아들 칫솔 오자마자 바꿔줬는데 써보더니 좋다고 하네요~ 서비스로 주신 혀클리너 감사합니다^^,20.04.09.,5,0,0,종류: 10 어금니-돔형
5400,배송 빨랐구요..아들 칫솔 오자마자 바꿔줬는데 써보더니 좋다고 하네요~ 서비스로 주신 혀클리너 감사합니다^^,20.04.09.,5,0,0,종류: 01 성인이중슬림모(보편적인)
5401,한달사용기국산이고 미세모라 만족도가 좋습니다.,20.05.13.,5,0,한달사용기,종류: 08 교정칫솔-슬림형
5402,사용감이 좋아요 부담없어 칫솔 자주 교체하기 좋아요,20.05.07.,5,0,0,종류: 05 어린이이중슬림모(7세-10세)
5403,치솔모가 부드럽고 좋아요  별기대안하고삿는데  만족합니다,20.04.19.,5,0,0,종류: 06 유아올슬림모(13개월-36개월)
5404,굿입니다 굿이예요.,20.06.07.,5,0,0,종류: 08 교정칫솔-슬림형
5405,"그동안 딸아이 이름있는 브랜드에서 캐릭터그림칫솔을 쭉 사줘서 사용해왔는데, 양치시켜줄때 아프다는 말을 잘하더라구요
근데 이 칫솔은 칫솔모가  부드러우면서 섬세해서 자극적이지않게 잘 닦아주는것같아서 만족합니다.
어른것도 사용해보니 부드럽게 구석구석 잘 닦아주네요!가격도 비싸지도 않고 진작 사용할걸 그랬습니다~",20.03.18.,4,0,0,종류: 01 성인이중슬림모(보편적인)
5406,너무 부드럽거나 너무 단단한 칫솔들뿐이라 찾기 힘들었는데 사용하고 여기서만 이용하고 있어요!,20.04.16.,5,0,0,종류: 03 성인올슬림모-고급형(민감성)
5407,한달사용기편하고 좋은것같아요!!,20.04.27.,3,0,한달사용기,종류: 10 어금니-돔형
5408,재구매칫솔모가 몃개는 삐뚤삐뚤해요 불량확인안하시나봐요 다음 주문때는 이런일없었으면좋겠네요..,20.04.11.,2,재구매,0,종류: 01 성인이중슬림모(보편적인)
5409,한달사용기이것도 좋을것같아요!!!,20.04.27.,3,0,한달사용기,종류: 02 성인올슬림모-일반형(민감성)
5410,항상 쓰던거 없어서 주문해요,20.05.14.,5,0,0,종류: 03 성인올슬림모-고급형(민감성)
5411,아직쓰지않았지만 좋아보여요,20.04.23.,5,0,0,종류: 01 성인이중슬림모(보편적인)
5412,빠른배송 아주좋어요,20.04.25.,5,0,0,종류: 00 초미세모(매우부드러운)
5413,엄청 빨리 도착했어요,20.04.25.,5,0,0,종류: 04 어린이올슬림모(24개월-6세)
5414,가격대비그냥쓸만함.,20.05.16.,5,0,0,종류: 00 초미세모(매우부드러운)
5415,빠른배송 감사합니당,20.04.25.,5,0,0,종류: 05 어린이이중슬림모(7세-10세)
5416,"한달사용기칫솔대량으로통에 담아주는게좋아요
칫솔마모가 금방됩니다",20.05.09.,3,0,한달사용기,종류: 12 해피덴-비타민이중슬림모(보편적인)
5417,재구매재구매해서 사용하고있어요,20.05.13.,4,재구매,0,종류: 05 어린이이중슬림모(7세-10세)
5418,임산부라 잇몸에 피가나서 샀는데 좋앙ᆢ,20.04.21.,5,0,0,종류: 09 어금니-일반형
5419,"한달사용기좋아요
이 잘 닦여요",20.05.13.,3,0,한달사용기,종류: 00 성인일반모(단단한)
5420,"저는 잇몸에서 피가 잘나서, 민감성으로 구입했는데요 역시나 고급형이라 그런지 부드러우면서 아주 잘 닦여서 만족이예요
일반 시중에 파는 칫솔은 잇몸사이사이까지 이물질제거가 안되는 느낌이었는데,
이 칫솔은 자극적이지도 않으면서  작은 미세모가 구석구석 잘 닦아주는것같아서
만족합니다!",20.03.18.,5,0,0,종류: 03 성인올슬림모-고급형(민감성)
5421,빠른 배송과 저렴한 가격이 좋네요.,20.05.12.,5,0,0,종류: 11 어금니-슬림형
5422,이중미세모라 이 사이사이 닦기 좋아요.,20.04.21.,4,0,0,종류: 00 성인일반모(단단한)
5423,한달사용기아주 저렴하게 잘사서 잘 쓰고있습니다,20.05.13.,5,0,한달사용기,종류: 07 교정칫솔-일반형
5424,재구매모 부드럽기도 적당하고 시원하게 잘닦ㅇ,20.05.13.,4,재구매,0,종류: 01 성인이중슬림모(보편적인)
5425,항상 잘 사용하고 있습니다.,20.05.14.,5,0,0,종류: 08 교정칫솔-슬림형
5426,원래 쓰던거랑 같아서 구매했어요~,20.04.21.,4,0,0,종류: 02 성인올슬림모-일반형(민감성)
5427,한달사용기다른 칫솔보다 잘 닦여요,20.05.13.,5,0,한달사용기,종류: 02 성인올슬림모-일반형(민감성)
5428,한달사용기다른 칫솔보다 잘 닦여요,20.05.13.,5,0,한달사용기,종류: 01 성인이중슬림모(보편적인)
5429,재구매싸서 좋아요 칫솔 자주 교체하고 좋음,20.04.15.,4,재구매,0,종류: 07 교정칫솔-일반형
5430,한달사용기항상 쓰던거 좋네요,20.05.14.,5,0,한달사용기,종류: 10 어금니-돔형
5431,늘 써도 써도 좋은 제품이예요,20.05.14.,5,0,0,종류: 03 성인올슬림모-고급형(민감성)
5432,한달사용기가격대비맘에듭니다 잘쓰고있어요,20.05.10.,5,0,한달사용기,종류: 08 교정칫솔-슬림형
5433,크기도 적당하고 부드러우면서도 구석구석 잘 닦이네요. 매우 만족합니다.,20.04.10.,5,0,0,종류: 01 성인이중슬림모(보편적인)
5434,리뷰보고 산건데 많이 강해요 사실려면 강도 제일 약한걸로 하세요 그러나 무엇보다도 직접 만져 보고 사는 게 아니면 후회하실 수도.,20.04.24.,2,0,0,종류: 01 성인이중슬림모(보편적인)
5435,한달사용기일반모 사용중인데 잘 사용하고 있습니다.,20.05.11.,5,0,한달사용기,종류: 01 성인이중슬림모(보편적인)
5436,늘쓰는 제품입니다. ㄹㄷㄹ,20.05.20.,5,0,0,종류: 01 성인이중슬림모(보편적인)
5437,좋아요 빠른배송 만족해요,20.04.23.,5,0,0,종류: 03 성인올슬림모-고급형(민감성)
5438,재구매전에 하나만 사서 써봤는데 치아에 자극은 적으면서 잘 닦여서 이번에 왕창 삽니다 ㅋㅋ 클리너 선물 감사해요,20.04.27.,5,재구매,0,종류: 09 어금니-일반형
5439,솔도 탄탄하고 좋아요 혀 클리너 처음써봤는데 넘 좋네요,20.04.12.,5,0,0,종류: 02 성인올슬림모-일반형(민감성)
5440,한달사용기칫솔대량으로통에 담아주는게좋아요,20.05.09.,3,0,한달사용기,종류: 00 성인일반모(단단한)
5441,한달사용기칫솔대량으로통에 담아주는게좋아요,20.05.09.,5,0,한달사용기,종류: 01 성인이중슬림모(보편적인)
5442,이가격에 잘산거같아요 추천합니다,20.04.19.,5,0,0,종류: 00 초미세모(매우부드러운)
5443,써보니 칫솔모가 부드럽고 좋았습니다,20.05.09.,5,0,0,종류: 02 성인올슬림모-일반형(민감성)
5444,배송 빠르고 좋습니다.,20.05.13.,5,0,0,0
5445,가격대비 상품이최상급이에요,20.05.11.,5,0,0,종류: 10 어금니-돔형
5446,매우 만족합니다. 재구매 할게요,20.04.15.,5,0,0,종류: 02 성인올슬림모-일반형(민감성)
5447,"품질  좋고  사용중인데 매우 만족스럽네여
담에는 부드러유걸로 사야겠어여",20.05.03.,5,0,0,종류: 00 성인일반모(단단한)
5448,교정용으로 좋은데. 손잡이부분이 미끄러워요,20.04.17.,4,0,0,종류: 07 교정칫솔-일반형
5449,색깔도 너무 마음에들고 구석구석 닦기 좋아요 짱,20.04.10.,4,0,0,종류: 07 교정칫솔-일반형
5450,빠른 배송과 좋은 품질로 잘쓰고 있습니다,20.05.08.,5,0,0,종류: 09 어금니-일반형
5451,재구매매번 여기서 사서 씁니다 싸서 자주 교체할 수 있어서 좋음,20.04.15.,4,재구매,0,종류: 09 어금니-일반형
5452,임플란트를 했는데 매번 워터픽하기 좀 부담스러웠는데 요고 물건이네요,20.04.13.,5,0,0,종류: 11 어금니-슬림형
5453,지난번에 한번써보고 괜찮아서 재구매 합니다.,20.04.17.,3,0,0,종류: 01 성인이중슬림모(보편적인)
5454,재구매두번째 구매중 ㅎㅎ,20.05.15.,3,재구매,0,종류: 14 미소덴탈 금올슬림모(민감성)
5455,너무 좋아요 추천해요,20.05.14.,5,0,0,종류: 01 성인이중슬림모(보편적인)
5456,너무 좋아요 추천해요,20.05.14.,5,0,0,종류: 02 성인올슬림모-일반형(민감성)
5457,너무 좋아요 추천해요,20.05.14.,5,0,0,종류: 04 어린이올슬림모(24개월-6세)
5458,"재구매쓰던제품이라 믿고 샀어요
 치과칫솔 강추합니다. 사은품 혀클리너도 잘쓸게요",20.04.07.,5,재구매,0,종류: 00 초미세모(매우부드러운)
5459,보통 슈퍼에서 구입하는 초미세모와는 격이 다른 부드러움을 느낄 수 있습니다. 잇몸이 안좋으신 분들이 평소에는 보통 초미세모 찻솔로 양치 하시다가 컨디션이 안좋을때 쓰시면 좋을 것 같아요.,20.04.25.,4,0,0,종류: 00 초미세모(매우부드러운)
5460,다양하게 많이 구매했습니다. 어금니 칫솔 아주 맘에 들어요.,20.04.10.,5,0,0,종류: 03 성인올슬림모-고급형(민감성)
5461,배송이 빠르고 좋았습니다,20.04.20.,5,0,0,종류: 01 성인이중슬림모(보편적인)
5462,재구매부드럽고 미세모라 좋아요,20.05.11.,5,재구매,0,종류: 06 유아올슬림모(13개월-36개월)
5463,개별포장이 맘에드네요..,20.04.21.,5,0,0,종류: 03 성인올슬림모-고급형(민감성)
5464,한달사용기잘 사용하고 있습니다,20.05.11.,5,0,한달사용기,종류: 01 성인이중슬림모(보편적인)
5465,한달사용기잘 사용하고 있습니다,20.05.11.,5,0,한달사용기,종류: 03 성인올슬림모-고급형(민감성)
5466,빠른배송 좋구요 항상 쓰는 제품이라 ~,20.04.18.,5,0,0,종류: 01 성인이중슬림모(보편적인)
5467,"한달사용기슬림형 매우 부드러워요. 부드러워서인지 치솔 마모시기가 빠릅니다. 하지만, 착한 가격에 치솔 교체시기가 길지않아 구강관리는 더 청결하게 되는 것 같아요. 재구매 의사 있습니다.",20.04.19.,4,0,한달사용기,종류: 08 교정칫솔-슬림형
5468,한달사용기저렴하고 좋아요 bb,20.05.14.,5,0,한달사용기,종류: 09 어금니-일반형
5469,"치과용 치솔이라 믿고 사용해요
써보고 재구매하려구요",20.03.21.,5,0,0,종류: 01 성인이중슬림모(보편적인)
5470,일반 칫솔보다 크기가 작아서 어금니 옆 안쪽까지 쉽게 닦을 수 있어서 좋아요 다만 손잡이 부분이 미끌거려서 팔이 좀 아플 뿐 ㅋㅋㅋ,20.04.22.,5,0,0,종류: 01 성인이중슬림모(보편적인)
5471,아주좋아요 최고 입니다,20.05.11.,5,0,0,종류: 01 성인이중슬림모(보편적인)
5472,한달사용기맘에들어요 재구매 했습니다,20.05.04.,4,0,한달사용기,종류: 07 교정칫솔-일반형
5473,한달사용기맘에들어요 재구매 했습니다,20.05.04.,4,0,한달사용기,종류: 08 교정칫솔-슬림형
5474,배송이 빠르고 좋았습니다.,20.04.20.,5,0,0,종류: 05 어린이이중슬림모(7세-10세)
5475,"오~~좋아요!
아직 써보진않았지만 치과에서 파는제품과  겉보긴에  별다른거 못느끼겠어요
늦은 나이에 교정하느라  힘들었는데 후딱 써보겠
습니다.
배송~🐕 빠름

참고로 빨간칫솔은  치과에서 구입한거(다쓴거ㅎ)
교정슬림형이 갠적으로  좋아요!",20.03.19.,5,0,0,종류: 07 교정칫솔-일반형
5476,재구매매번쓰는거에요.좋아요,20.05.06.,5,재구매,0,종류: 04 어린이올슬림모(24개월-6세)
5477,한달사용기제가 사용해본 칫솔중에 가장 강력하면서도 세정감이 좋네요,20.05.03.,5,0,한달사용기,종류: 01 성인이중슬림모(보편적인)
5478,한달사용기치아배열이 난리난 곳이 있는데 덕분에 관리 잘하는중,20.05.06.,5,0,한달사용기,종류: 11 어금니-슬림형
5479,치과에서 받은 거랑 비슷한 거 같아요 아직 안써봣지만~ 좋은거같아요,20.05.01.,5,0,0,종류: 09 어금니-일반형
5480,부담없이 자주교체할수 있어  좋아요,20.05.07.,5,0,0,종류: 01 성인이중슬림모(보편적인)
5481,"한달사용기좋아요
이닦기 편해요",20.05.13.,3,0,한달사용기,종류: 02 성인올슬림모-일반형(민감성)
5482,"한달사용기좋아요
이 닦기 편해요",20.05.13.,3,0,한달사용기,종류: 00 초미세모(매우부드러운)
5483,재구매가성비는 최고입니다,20.05.11.,5,재구매,0,종류: 07 교정칫솔-일반형
5484,좋으네요 다음에도 구매합니다,20.05.03.,5,0,0,종류: 04 어린이올슬림모(24개월-6세)
5485,"두번째구매입니다
잘사용겠습니다",20.04.17.,5,0,0,종류: 01 성인이중슬림모(보편적인)
5486,평소쓰는것. 정말 좋아요. 잘닦음,20.05.04.,5,0,0,종류: 01 성인이중슬림모(보편적인)
5487,늘 쓰던거예요 좋습니다~,20.05.10.,5,0,0,종류: 03 성인올슬림모-고급형(민감성)
5488,너무 딱딱하지 않고 좋아요!!,20.04.20.,4,0,0,종류: 08 교정칫솔-슬림형
5489,재구매두번째 구매 ~~~,20.05.15.,3,재구매,0,종류: 01 성인이중슬림모(보편적인)
5490,재구매두번째 구매 ~~~,20.05.15.,3,재구매,0,종류: 08 교정칫솔-슬림형
5491,"한달사용기.......,^^",20.06.08.,5,0,한달사용기,종류: 09 어금니-일반형
5492,"한달사용기.......,^^",20.06.08.,5,0,한달사용기,종류: 10 어금니-돔형
5493,"너무 좋아요
모도 부드럽고 배송도 빨랐어요",20.04.12.,5,0,0,종류: 09 어금니-일반형
5494,"한달사용기딸아이 교정중 칫솔로 잘 사용하고 있어요.
다음에도 재구매할께요.",20.04.07.,5,0,한달사용기,종류: 07 교정칫솔-일반형
5495,"어금니 뒷쪽, 앞니 뒷쪽 모두 잘 닦입니다.
치실과 같이 사용하시면 좋을것같습니다.",20.05.02.,5,0,0,종류: 11 어금니-슬림형
5496,손잡이부분이 조금 미끄러워요,20.04.17.,4,0,0,종류: 02 성인올슬림모-일반형(민감성)
5497,재구매재구매 햇어영 ㅎㅎ,20.05.13.,4,재구매,0,종류: 03 성인올슬림모-고급형(민감성)
5498,아주 부드러워서 이 칫솔을 쓰곤 합니다,20.05.06.,5,0,0,종류: 02 성인올슬림모-일반형(민감성)
5499,"한달사용기크기도 적당하고, 잇몸 부드럽게 맛사지 되고 좋아요.",20.05.05.,4,0,한달사용기,종류: 03 성인올슬림모-고급형(민감성)
5500,구석구석 꼼꼼하게 치아 관리 할 수 있어서 좋습니다,20.05.04.,5,0,0,종류: 11 어금니-슬림형
5501,꾸준히 어린이집과 집에서 사용하고 있는거라 재구매했어요~,20.05.03.,5,0,0,종류: 04 어린이올슬림모(24개월-6세)
5502,재구매두번째 구매 ~~~~~,20.05.15.,3,재구매,0,종류: 00 초미세모(매우부드러운)
5503,늘 구매하는 제품이에요,20.05.09.,4,0,0,종류: 04 어린이올슬림모(24개월-6세)
5504,늘 구매하는  제품이에요,20.05.09.,4,0,0,종류: 06 유아올슬림모(13개월-36개월)
5505,한달사용기딸아이가 교정중인데 잘 사용하고 있어요. 다음에도 재구매할께요.,20.04.07.,5,0,한달사용기,종류: 01 성인이중슬림모(보편적인)
5506,한달사용기잘사용하고잇어요 치카치카,20.05.08.,5,0,한달사용기,종류: 05 어린이이중슬림모(7세-10세)
5507,한달사용기아이 칫솔질 마무리할때 사용해요. 좋습니다~,20.04.30.,5,0,한달사용기,종류: 10 어금니-돔형
5508,한달사용기아이 칫솔질 마무리할때 사용해요~ 좋습니다~,20.04.30.,5,0,한달사용기,종류: 11 어금니-슬림형
5509,솔이 작고 탄탄해서 좁은 부분 양치하기 좋아요.,20.05.05.,5,0,0,종류: 09 어금니-일반형
5510,"역시 믿고쓰는 치과칫솔 잘 사용 중이에요..
그립감 있어서 전 좀 오래 칫솔질을 하는데도 편하게 잘 쓰고 있습니다~",20.04.27.,5,0,0,종류: 01 성인이중슬림모(보편적인)
5511,한달사용기치카치카 잘되요 잘흡니다,20.05.08.,5,0,한달사용기,종류: 06 유아올슬림모(13개월-36개월)
5512,배송도 빠르고 저렴하게 샀어요,20.05.06.,5,0,0,종류: 01 성인이중슬림모(보편적인)
5513,이 교정용만 그런지 모르겠는데 솔이 자꾸 다 빠져요...,20.04.13.,2,0,0,종류: 07 교정칫솔-일반형
5514,한달사용기잘 사용중입니다. 아이것과 함께 구매해 쓰고 있습니다,20.04.07.,5,0,한달사용기,종류: 02 성인올슬림모-일반형(민감성)
5515,"한달사용기일반모 보다 치태제거는 약하지만 자극이 적고, 시중 칫솔보다 사용하기 편해요",20.04.10.,4,0,한달사용기,종류: 01 성인이중슬림모(보편적인)
5516,교정 시작해서 구입했어요 감사합니당,20.04.14.,5,0,0,종류: 02 성인올슬림모-일반형(민감성)
5517,교정 시작해서 구입했어요 감사합니당,20.04.14.,5,0,0,종류: 01 성인이중슬림모(보편적인)
5518,잇몸이 예민해서 피가 잘 나는 편인데 예전에 치과에서 줬던 칫솔만큼 좋네요!! 이제 이 칫솔만 계속 사서 쓸듯 싶어요 가격도 저렴하고 딱 원하던 느낌의 칫솔입니다 ㅠㅠ 그동안 왜 못찾았는지 만족합니다,20.04.13.,5,0,0,종류: 03 성인올슬림모-고급형(민감성)
5519,부드럽고 좋은거같아요 다른데서 사서 썼었는데 여기로 옮길까봐요~,20.05.01.,5,0,0,종류: 08 교정칫솔-슬림형
5520,한달사용기딸아이 교정중인데 잘 사용하고 있어요. 다 사용후 재구매할께요,20.04.07.,5,0,한달사용기,종류: 09 어금니-일반형
5521,늘 쓰던거라 제구매를 했습니다.,20.05.06.,5,0,0,종류: 05 어린이이중슬림모(7세-10세)
5522,미세모 좋아요. 잘닦이네요,20.04.14.,5,0,0,종류: 12 해피덴-비타민이중슬림모(보편적인)
5523,"배송빠르고 치과에서 준 칫솔이랑 거의 흡사하고 잘 닦여요 
빨리 필요했는데 딱 감사합니다^^",20.04.22.,5,0,0,종류: 07 교정칫솔-일반형
5524,한달사용기부드러운거랑 빳빳항거번걸아가며쓰면좋아요,20.05.03.,4,0,한달사용기,종류: 14 미소덴탈 금올슬림모(민감성)
5525,한달사용기잘 사용했어요. 캐릭터도 아이가 좋아하구요~,20.04.30.,4,0,한달사용기,종류: 5-2 너구리이중슬림모(7세-10세)
5526,한달사용기교정중인데 잘 쓰고 있어요,20.04.16.,5,0,한달사용기,종류: 07 교정칫솔-일반형
5527,재구매쓰던 제품이라 믿고 샀어요. 치과칫솔 강추합니다,20.04.07.,5,재구매,0,종류: 03 성인올슬림모-고급형(민감성)
5528,치과보다 저렴하게 잘 산것같아요~~,20.04.15.,5,0,0,종류: 07 교정칫솔-일반형
5529,한달사용기저한테는 모가 좀 짧은느낌인데 반면에 헤드가 작아구석구석 잘 닦아쓰고 있습니다.,20.04.07.,5,0,한달사용기,종류: 03 성인올슬림모-고급형(민감성)
5530,깔끔하게 잘 포장되어 왔습니다~,20.04.15.,4,0,0,종류: 08 교정칫솔-슬림형
5531,가성비 좋아요 교정칫솔 비싸던데 솔도 부드럽고 막 쓰기 좋아요. 아이가 쓰는데 칫솔모도 크지 않구요,20.04.02.,5,0,0,종류: 08 교정칫솔-슬림형
5532,한달사용기좋아여 부들이랑 뻣뻣같이쓰면 번갈아가면서,20.05.03.,4,0,한달사용기,종류: 08 교정칫솔-슬림형
5533,좋아요 재구매 할게요,20.04.14.,5,0,0,종류: 06 유아올슬림모(13개월-36개월)
5534,재구매배송도 빠르고 좋아요,20.05.07.,5,재구매,0,종류: 08 교정칫솔-슬림형
5535,"재구매칫솔효과가 있는지 모르겠네요ㅜ
거의 솜털이에요",20.04.27.,1,재구매,0,종류: 00 초미세모(매우부드러운)
5536,배송도 빠르고 포장도 잘 되서 도착했어요,20.04.13.,5,0,0,종류: 03 성인올슬림모-고급형(민감성)
5537,한달사용기단단해서 치석제거가 좋아요~,20.04.15.,5,0,한달사용기,종류: 00 성인일반모(단단한)
5538,다써서 재구매 했는데 슬림형이라 부드럽고 괜찮을거 같아요~혀클리너도 잘쓸게요!!,20.04.02.,5,0,0,종류: 08 교정칫솔-슬림형
5539,잘쓰고있습니다ㅋㅋㄱ,20.04.21.,5,0,0,종류: 02 성인올슬림모-일반형(민감성)
5540,아이 치아교정칫솔로 매번 그매하려합니다,20.05.02.,5,0,0,종류: 07 교정칫솔-일반형
5541,"예전에  사용하다가 마트꺼 쓰다 다시 돌아왔어요!
치석제거  잘되요",20.04.24.,5,0,0,종류: 03 성인올슬림모-고급형(민감성)
5542,치아 교정 중에 사용하려고 구매했는데 아주 좋아요.,20.04.10.,5,0,0,종류: 10 어금니-돔형
5543,아들  교정에  사용중입니다  좋네요,20.05.03.,5,0,0,종류: 08 교정칫솔-슬림형
5544,한달사용기교정중인 아이가 잘 쓰고 있습니다. 빨리 닳는 게 조금은 아쉽습니다.,20.04.23.,4,0,한달사용기,종류: 07 교정칫솔-일반형
5545,미세모 1단계로 되어있었으면 더 좋겠다는 생각이 드네요 모량이 적다보니 2단계 3단계여도 뻑뻑한 느낌이 있어요. 그래도 교정기 사이사이 들어갈수 있어서 좋아요,20.03.26.,4,0,0,종류: 10 어금니-돔형
5546,미세모 1단계로 되어있었으면 더 좋겠다는 생각이 드네요 모량이 적다보니 2단계 3단계여도 뻑뻑한 느낌이 있어요. 그래도 교정기 사이사이 들어갈수 있어서 좋아요,20.03.26.,4,0,0,종류: 11 어금니-슬림형
5547,미세모 1단계로 되어있었으면 더 좋겠다는 생각이 드네요 모량이 적다보니 2단계 3단계여도 뻑뻑한 느낌이 있어요. 그래도 교정기 사이사이 들어갈수 있어서 좋아요,20.03.26.,4,0,0,종류: 09 어금니-일반형
5548,치과에서 파는 것보다 가격도 저렴하고 사용감도 좋아요.,20.04.10.,5,0,0,종류: 08 교정칫솔-슬림형
5549,유아 칫솔로 샀는데 잘쓸게요. 치과에서도 판매하고 추천하니 믿을만합니다,20.04.01.,5,0,0,종류: 06 유아올슬림모(13개월-36개월)
5550,"색상도 이쁘고 부드럽고 좋네요
무엇보다 가격이 저렴해서 더 좋아요",20.04.08.,5,0,0,종류: 03 성인올슬림모-고급형(민감성)
5551,"색상도 이쁘고 부드럽고 좋네요
무엇보다 가격이 저렴해서 더 좋아요",20.04.08.,5,0,0,종류: 01 성인이중슬림모(보편적인)
5552,"쓰던거라 또 주문했어요 
진짜 부드럽고 좋아요",20.04.27.,5,0,0,종류: 03 성인올슬림모-고급형(민감성)
5553,"전에 치과에서 받았던거랑 똑같네요
조그만게 구석구석 잘 닦이고 좋습니다",20.04.26.,5,0,0,종류: 01 성인이중슬림모(보편적인)
5554,재구매항상 구매하고있어요 넘좋아요,20.04.29.,5,재구매,0,종류: 02 성인올슬림모-일반형(민감성)
5555,"교정 중엔 꼭 필요한, 계속 사용하는 제품이에요.",20.04.10.,5,0,0,종류: 07 교정칫솔-일반형
5556,생각보다 모가 힘이 쌔요.저에겐 돔형이 더 잘 맞는 것 같네요. 그래도 잘 쓰고있어요 좋아요!,20.04.01.,4,0,0,종류: 09 어금니-일반형
5557,교정중엔 이 사이에 음식물지꺼기가 많이 껴서 필수적으로 필요한 치간칫솔이네요,20.03.21.,5,0,0,종류: 09 어금니-일반형
5558,좋아요 싸고잘닦이네요,20.05.06.,5,0,0,종류: 09 어금니-일반형
5559,배송도 빠르고 사은품으로 주신 혀클리나와 치실도 잘 받았습니다!!!,20.04.08.,5,0,0,종류: 08 교정칫솔-슬림형
5560,이란 칫솔 좋아요!!!!!,20.04.18.,5,0,0,종류: 09 어금니-일반형
5561,한달사용기아이가 치과에서 받은것보다 거칠다하지만 계속사용하니 적응되네요.,20.04.26.,4,0,한달사용기,종류: 07 교정칫솔-일반형
5562,아직사용전이지만 배송빨라서 좋았어요,20.04.10.,5,0,0,종류: 09 어금니-일반형
5563,가격대비잘닦이고좋아요,20.05.03.,5,0,0,종류: 00 성인일반모(단단한)
5564,가격대비잘닦이고좋아요,20.05.03.,5,0,0,종류: 01 성인이중슬림모(보편적인)
5565,"2전째 주문이에요~ 믿고 구매합니다
다른거쓰다 다시 주문해요~부드러워서 만족합니다",20.04.22.,5,0,0,종류: 03 성인올슬림모-고급형(민감성)
5566,배송 너무 빨라서 감사했습니다 어금니 칫솔은 생각보다 꽤 단단해서 살살살 해야지 될거같네요,20.04.22.,5,0,0,종류: 10 어금니-돔형
5567,아직 사용전이지만 배송빠르고 좋아요,20.04.10.,5,0,0,종류: 08 교정칫솔-슬림형
5568,재구매부드럽고 좋아요 !,20.05.06.,5,재구매,0,종류: 03 성인올슬림모-고급형(민감성)
5569,잘 닦이고 아주 좋아요ㅔ,20.05.06.,5,0,0,종류: 11 어금니-슬림형
5570,"배송도 빠르고 좋습니다
사은품~굿",20.05.02.,5,0,0,종류: 08 교정칫솔-슬림형
5571,이번 칫솔을 바꿨는데 사용해 보더니 좋다고 하네요,20.04.07.,3,0,0,종류: 05 어린이이중슬림모(7세-10세)
5572,가볍고 부드러워요 치간치솔과 혀클리너도 잘받었습니다~^^,20.04.02.,5,0,0,종류: 04 어린이올슬림모(24개월-6세)
5573,"치과에서 받은 칫솔이 너무 세서 구입했어요
부드러워서 좋아요",20.04.01.,5,0,0,종류: 08 교정칫솔-슬림형
5574,뽀득하니 잘 닦여요 ^^,20.04.14.,5,0,0,종류: 03 성인올슬림모-고급형(민감성)
5575,한달사용기좋습니당 매번잘씆니당,20.05.03.,4,0,한달사용기,종류: 07 교정칫솔-일반형
5576,"잇몸에 피가 자주 나서 구매해봤어요
미리 주문한거라 사용전이긴 하지만
한달사용해보고 리뷰 다시남길게요",20.03.31.,5,0,0,종류: 00 초미세모(매우부드러운)
5577,매우 만족합니다...,20.04.15.,5,0,0,종류: 10 어금니-돔형
5578,한달사용기재구매후 잘 쓰고 있습니다!,20.03.22.,4,0,한달사용기,종류: 03 성인올슬림모-고급형(민감성)
5579,재구매교정인에게 필수.. 캡 씌워져있어서 휴대하기도 좋아요,20.04.27.,5,재구매,0,종류: 08 교정칫솔-슬림형
5580,"칫솔면적,솔의탄력 모두 굿입니다  온가족 칫솔 이곳으로 정착 할려구요 근데 이곳은 아니지만 이앞전에 아이 칫솔에 이름 세겨주는곳도 있던데 요긴 안해서 아쉽긴 하네요 ^^",20.03.22.,5,0,0,종류: 04 어린이올슬림모(24개월-6세)
5581,좋아요 잘쓰고 있어요,20.04.09.,4,0,0,종류: 08 교정칫솔-슬림형
5582,재구매잇몸이 안좋아 사용하는데 헤드가 슬림해서 안쪽까지 들어가니 좋아요,20.04.25.,5,재구매,0,종류: 13 해피덴-비타민올슬림모(민감성)
5583,"배송도 빠르고
좋아요",20.04.12.,5,0,0,종류: 10 어금니-돔형
5584,좋아요 항산ㅁ스던거에요 ㅎㅎ,20.05.05.,5,0,0,종류: 03 성인올슬림모-고급형(민감성)
5585,"2번째 구매해요~
다른거 쓰다 다시 주문해서 사용하고 있어요",20.04.22.,5,0,0,종류: 00 초미세모(매우부드러운)
5586,재구매넘좋아서 항상구매하고있어요,20.04.29.,5,재구매,0,종류: 03 성인올슬림모-고급형(민감성)
5587,"칫솔이 부드럽고 처음 사용해보는데 너무 좋네요
다음에 또 구매할ㄲ요",20.04.21.,5,0,0,0
5588,빠른배송 감사합니다,20.05.02.,5,0,0,종류: 12 해피덴-비타민이중슬림모(보편적인)
5589,빠른배송 감사합니다,20.05.02.,5,0,0,종류: 09 어금니-일반형
5590,아직 써보진 않았지만 좋을 것 같아요!! 기대중입니다~!,20.04.01.,5,0,0,종류: 07 교정칫솔-일반형
5591,"가격 저렴하구요
다양한 상품 골라 구매할 수 있어서 좋네요
특히 어금니 칫솔 최고요",20.03.20.,5,0,0,종류: 10 어금니-돔형
5592,재구매칫솔모가 삐뚤삐뚤해요;;,20.04.11.,2,재구매,0,종류: 08 교정칫솔-슬림형
5593,"배송은 조금 느렸고, 아직  사용전인데 만져보니 엄청 부드럽네요~(미세요 임신부 용) 3종류 샀는데~ 잘 사용해 볼게요",20.04.14.,3,0,0,종류: 00 성인일반모(단단한)
5594,모질이 빳빳해서 좋아요 치석제거에 탁월합니다 대신 처음엔 좀 살살 닦아야합니다 가격도 저렴하고 만족해여,20.04.13.,5,0,0,종류: 00 성인일반모(단단한)
5595,재구매늘 사용하는 제품이예요. 좋아요~~,20.04.30.,4,재구매,0,종류: 03 성인올슬림모-고급형(민감성)
5596,만족합니다 잘쓰고 있어요,20.04.09.,4,0,0,종류: 10 어금니-돔형
5597,민감성 잇몸에 딱이에요 ㅠ 앞으로 여기서 계속 사서 쓰려구여 제가 찾아헤매던 느낌의 칫솔입니다 만족이요!,20.04.13.,5,0,0,종류: 02 성인올슬림모-일반형(민감성)
5598,재구매배송빠르고 품질이 좋아서 재구매했어요,20.04.06.,5,재구매,0,종류: 5-1 너구리올슬림모(24개월-6세)
5599,맘에드는 색깔 칫솔 골라 좋아해요,20.04.07.,4,0,0,종류: 04 어린이올슬림모(24개월-6세)
5600,아직 사용 전인데 믿고 구매했어요,20.04.07.,4,0,0,종류: 02 성인올슬림모-일반형(민감성)
5601,교정하는 아들. 매번 치과 갈때 마다 교정치솔 사서 썼는데 너무 비싸서 인타넷으러 알아보다가 사게 되었어요ㅎ칫솔모도 딴딴하고 괜찮아요~담에 또 구매 할 의향 있습니다^^,20.03.18.,3,0,0,종류: 07 교정칫솔-일반형
5602,"잇몸이약하고피도잘나서,최대한작고부드러운거쓰려구합니당~그래서치과칫솔은믿고쓰려고,검색하다구마했는데,배송은좀늦지만깔끔하게잘왔어영ㅋㅋ",20.04.09.,5,0,0,종류: 15 미소덴탈 숯올슬림모(민감성)
5603,한달사용기일반모 이중 슬림모 샀는데... 일반모는 좀 많이 단단해서 저한테는 이중 슬림모가 딱 좋네요. 여기꺼 산뒤론 마트껄 못써요.. 제품 너무 좋아요,20.04.13.,5,0,한달사용기,종류: 01 성인이중슬림모(보편적인)
5604,항상 떨어지면 구입하고 있어요. 가성비 좋아요.,20.04.23.,4,0,0,종류: 02 성인올슬림모-일반형(민감성)
5605,항상 떨어지면 구입하고 있어요. 가성비 좋아요.,20.04.23.,4,0,0,종류: 01 성인이중슬림모(보편적인)
5606,배송도 빠르고 좋네요,20.04.30.,5,0,0,종류: 03 성인올슬림모-고급형(민감성)
5607,안전하게 잘 받았어요 ~ 배송도 짱 빨라여,20.04.01.,5,0,0,종류: 02 성인올슬림모-일반형(민감성)
5608,한달사용기교정딸 위해 구입 했는데 좋아요.,20.04.29.,5,0,한달사용기,종류: 08 교정칫솔-슬림형
5609,부드러운거  처음  써보는데  잇몸에 자극이 적었어요,20.04.24.,5,0,0,종류: 00 초미세모(매우부드러운)
5610,빠른배송 감사합니다.,20.05.01.,5,0,0,종류: 08 교정칫솔-슬림형
5611,"한달사용기이중모 많이 편합니다
극세모보다 전 이게 더 좋네요",20.04.25.,3,0,한달사용기,종류: 12 해피덴-비타민이중슬림모(보편적인)
5612,굿~~~~~~~~!,20.05.27.,5,0,0,종류: 10 어금니-돔형
5613,칫솔 여러개 구매했어요~~ 어머니 드렸더니 맘에 드신다고 지인분께도 드리고 더 사라고 하시네요 ㅎㅎ,20.03.26.,5,0,0,종류: 14 미소덴탈 금올슬림모(민감성)
5614,"가격대비 좋아요.
자주 바꿔도 부담 없어 좋습니다~",20.03.31.,5,0,0,종류: 12 해피덴-비타민이중슬림모(보편적인)
5615,한달사용기늘 삽니다 환자에게 좋아요,20.04.08.,4,0,한달사용기,종류: 09 어금니-일반형
5616,"재구매항상 쓰는칫솔이예요
그만큼 만족합니다~^^",20.04.27.,5,재구매,0,종류: 03 성인올슬림모-고급형(민감성)
5617,확실히 어금니 칫솔을 쓰니까 어금니가 더 깨끗히 닦이는것 같아요. 가격도 저렴해서 다음에 또 사고 싶어요.,20.03.24.,4,0,0,종류: 08 교정칫솔-슬림형
5618,성인용(일반) 주문했는데 써보니 부드러워요. 치아의 에나멜층에나멜층을 손상시키지 않는 칫솔을 찾다가 병원에서 파는 일제를 써왔는데 진작 요걸로 갈아탈 걸 그랬어요. 솔이 그것만큼 부드러워서 좋아요,20.03.16.,5,0,0,종류: 02 성인올슬림모-일반형(민감성)
5619,잇몸이 안좋아서 초미세모 사봤어요~~가격도 저렴하고 많이 쟁여놨어요~~,20.03.29.,4,0,0,종류: 00 초미세모(매우부드러운)
5620,한달사용기늘삽니다 환자에게 좋아요,20.04.08.,4,0,한달사용기,종류: 10 어금니-돔형
5621,항상쓰던거에요 충치예방,20.04.03.,5,0,0,종류: 00 성인일반모(단단한)
5622,솔이 너무 뻣뻣하면 아프고 부드러우면 잘 안 닦이는데 이건 진짜 딱 적당해요. 다 쓰면 계속 쟁여두고 쓸 거예요.,20.04.12.,5,0,0,종류: 01 성인이중슬림모(보편적인)
5623,저렴하게 잘 샀어요 배송도 빠르네요,20.04.23.,4,0,0,종류: 01 성인이중슬림모(보편적인)
5624,저렴하게 잘 샀어요 배송도 빠르네요,20.04.23.,4,0,0,종류: 02 성인올슬림모-일반형(민감성)
5625,배송도 빠르고 칫솔모가 여러가지라 좋아요,20.04.25.,5,0,0,종류: 00 성인일반모(단단한)
5626,한달사용기늘삽니다... 수량은 확인못했네요,20.04.08.,4,0,한달사용기,종류: 11 어금니-슬림형
5627,오늘 처음 썼는데 괜찮은거 같아요~~,20.04.07.,4,0,0,종류: 10 어금니-돔형
5628,가격싸게잘구입한거같아요,20.04.28.,5,0,0,종류: 05 어린이이중슬림모(7세-10세)
5629,가격싸게잘구입한거같아요,20.04.28.,5,0,0,종류: 00 성인일반모(단단한)
5630,가격싸게잘구입한거같아요,20.04.28.,5,0,0,종류: 01 성인이중슬림모(보편적인)
5631,배송빠르고 모도넘부드러워요,20.04.27.,5,0,0,종류: 01 성인이중슬림모(보편적인)
5632,"한달사용기가성비가 좋습니다, 재구매의사 있어요",20.04.27.,5,0,한달사용기,종류: 07 교정칫솔-일반형
5633,부드러우면서도 잘 닦여요~~^^,20.04.10.,5,0,0,종류: 12 해피덴-비타민이중슬림모(보편적인)
5634,한달사용기적당이 부드러운 모 잘쓰고있습니다,20.04.26.,5,0,한달사용기,종류: 01 성인이중슬림모(보편적인)
5635,적당히 단단해서 아이들이 쓰기 좋아요,20.04.26.,5,0,0,종류: 5-1 너구리올슬림모(24개월-6세)
5636,사용 전인데 믿고 구매합니다,20.04.07.,4,0,0,종류: 00 초미세모(매우부드러운)
5637,너무 좋아요! 딱 적당하고 쓰기 좋아요 최고!! 많이파세요~,20.04.01.,5,0,0,종류: 12 해피덴-비타민이중슬림모(보편적인)
5638,믿고 구매했습니다 괜찮아요,20.04.07.,3,0,0,종류: 00 성인일반모(단단한)
5639,한달사용기치과에서 구매하는 칫솔보다는 약하지만 잘 쓰곴어요,20.04.23.,3,0,한달사용기,종류: 07 교정칫솔-일반형
5640,가격도 저렴하고 만족합니다.,20.04.08.,4,0,0,종류: 04 어린이올슬림모(24개월-6세)
5641,재구매깨끗하게잘쓰고있습니다너무조아욤,20.04.05.,5,재구매,0,종류: 01 성인이중슬림모(보편적인)
5642,한달사용기만족해요 잘쓰고 있어요,20.04.25.,5,0,한달사용기,종류: 5-2 너구리이중슬림모(7세-10세)
5643,한달사용기만족해요 잘쓰고 있어요,20.04.25.,5,0,한달사용기,종류: 09 어금니-일반형
5644,한달사용기만족해요 잘쓰고 있어요,20.04.25.,5,0,한달사용기,종류: 08 교정칫솔-슬림형
5645,한달사용기만족해요 잘쓰고 있어요,20.04.25.,5,0,한달사용기,종류: 13 해피덴-비타민올슬림모(민감성)
5646,아직 써보진 않았지만 칫솔모도 부드럽고 괜찮을거 같아요~,20.04.02.,5,0,0,종류: 01 성인이중슬림모(보편적인)
5647,재구매아주아주좋아요 싸고좋아요,20.04.28.,5,재구매,0,종류: 00 성인일반모(단단한)
5648,재구매아주아주 좋아요 싸고좋아요,20.04.28.,5,재구매,0,종류: 05 어린이이중슬림모(7세-10세)
5649,잇몸이 많이 약하다고 해서 여러개 주문했어요. 칫솔은 엄청 자주 바꿔줘야하니까 다음에도 더 많이 주문할게요,20.03.23.,5,0,0,종류: 13 해피덴-비타민올슬림모(민감성)
5650,재구매두번때 구매합니다. 부드럽고 좋아요,20.04.21.,5,재구매,0,종류: 08 교정칫솔-슬림형
5651,좋은제품 저렴하게 구매해서 좋네요,20.04.26.,5,0,0,종류: 02 성인올슬림모-일반형(민감성)
5652,모도부드럽고 배송빨라요,20.04.27.,5,0,0,종류: 03 성인올슬림모-고급형(민감성)
5653,모도부드럽고 배송빨라요,20.04.27.,5,0,0,종류: 02 성인올슬림모-일반형(민감성)
5654,한달사용기다시재구매 예정이에요,20.04.28.,5,0,한달사용기,종류: 05 어린이이중슬림모(7세-10세)
5655,가격도 저렴하고 좋을것같아요~잇몸에 무리안가면 좋겠네요~~,20.03.29.,4,0,0,종류: 13 해피덴-비타민올슬림모(민감성)
5656,칫솔 좋아요 다음에 또 구매할께요!!,20.04.23.,5,0,0,종류: 05 어린이이중슬림모(7세-10세)
5657,칫솔 좋아요. 다음에 또 구매할께요.,20.04.23.,5,0,0,종류: 04 어린이올슬림모(24개월-6세)
5658,좋아요. 어금니 닦을때 딱이에요. 잘 쓸게요~,20.04.01.,5,0,0,종류: 10 어금니-돔형
5659,처음 사용하는데 좋아요,20.04.07.,4,0,0,종류: 01 성인이중슬림모(보편적인)
5660,한달사용기가성비 좋아요. 추가구매하러왔엉ᆢㄷ,20.04.22.,4,0,한달사용기,종류: 05 어린이이중슬림모(7세-10세)
5661,"재구매남편쓰려고 샀어요.
좋아하려나ㅎ",20.04.02.,5,재구매,0,종류: 11 어금니-슬림형
5662,좋아요 만족합니다~,20.04.09.,5,0,0,종류: 07 교정칫솔-일반형
5663,좋아서 재구매했습니다~,20.04.08.,5,0,0,종류: 10 어금니-돔형
5664,한달사용기다시 재구매할거에요,20.04.28.,5,0,한달사용기,종류: 01 성인이중슬림모(보편적인)
5665,아직 3가지 다 써 보진 않았는데 잘 쓰고 있어요. 근데 와이프는 어금니가 좀 큰편인데 불편하다네요.,20.04.12.,4,0,0,종류: 11 어금니-슬림형
5666,교정용 재구매입니다. 다른제품도 궁금해서 구매합니다....,20.03.28.,4,0,0,종류: 12 해피덴-비타민이중슬림모(보편적인)
5667,"칫솔모가작아서구석구석잘닦이고, 이중모라서세세하게잘닦입니다!",20.04.22.,5,0,0,종류: 01 성인이중슬림모(보편적인)
5668,한달사용기사용 잘하고있습니다~,20.04.08.,4,0,한달사용기,종류: 04 어린이올슬림모(24개월-6세)
5669,"아이들이 좋아하고, 좋은 칫솔입니다!",20.04.26.,5,0,0,종류: 05 어린이이중슬림모(7세-10세)
5670,한달사용기양치질도 잘 되고.. 좋아요.,20.04.29.,5,0,한달사용기,종류: 00 성인일반모(단단한)
5671,"아직 써보진 않았고, 배송 빨리왔어요~
사은품으로 혀클리너가 왔네요",20.03.26.,5,0,0,종류: 01 성인이중슬림모(보편적인)
5672,교정하는 아들을 위해 샀어요~가격대비 좋네요.또 살 의향 있습니다^^,20.03.26.,3,0,0,종류: 02 성인올슬림모-일반형(민감성)
5673,재구매항상 이 칫솔만 써요 ㅎㅎ 부드러워서 좋아요~,20.04.21.,5,재구매,0,종류: 03 성인올슬림모-고급형(민감성)
5674,엄마  사드렸는데  좋다고 하시네요,20.04.25.,5,0,0,종류: 00 성인일반모(단단한)
5675,"배송이 빠르구요 엄청 포장도 꼼꼼히 해서 왔더라구요
감사합니다 :)",20.04.16.,4,0,0,종류: 08 교정칫솔-슬림형
5676,"교정때문에 구입했어요
편해요",20.04.01.,5,0,0,종류: 09 어금니-일반형
5677,보들보들 구석구석 깨끗히 닦이길바래보아요,20.04.02.,5,0,0,종류: 01 성인이중슬림모(보편적인)
5678,저렴하고 편하게 사용하기 좋은 칫솔입니다! 앞으로 자주 애용해야 겠네요~,20.03.24.,5,0,0,종류: 02 성인올슬림모-일반형(민감성)
5679,좋아요   감사합니다완전  좋아요,20.05.18.,4,0,0,종류: 08 교정칫솔-슬림형
5680,아직 안써봐서 모르겠는데 괜찮을거 같아요~,20.04.02.,5,0,0,종류: 10 어금니-돔형
5681,한달사용기저렴하고 좋아요~~,20.04.09.,5,0,한달사용기,종류: 00 초미세모(매우부드러운)
5682,한달사용기저렴하고 좋아요~~,20.04.09.,5,0,한달사용기,종류: 01 성인이중슬림모(보편적인)
5683,재구매지난번 산게 너무 부드러워 이걸로 재구매,20.04.02.,5,재구매,0,종류: 01 성인이중슬림모(보편적인)
5684,"교정하느라 구입했어요
편해요",20.04.01.,5,0,0,종류: 10 어금니-돔형
5685,사진과똑같아요마ㅁ에드러요,20.04.29.,5,0,0,종류: 05 어린이이중슬림모(7세-10세)
5686,적당히 단단해서좋아요,20.04.26.,5,0,0,종류: 01 성인이중슬림모(보편적인)
5687,적당히 단단해서 좋아요,20.04.26.,5,0,0,종류: 5-2 너구리이중슬림모(7세-10세)
5688,배송 빨라서 좋아요.,20.04.28.,5,0,0,종류: 00 초미세모(매우부드러운)
5689,배송 빨라서 좋아요.,20.04.28.,5,0,0,종류: 02 성인올슬림모-일반형(민감성)
5690,교정중인 딸에게 필수품이죠,20.03.21.,5,0,0,종류: 08 교정칫솔-슬림형
5691,한달사용기재구매늘 사용하는데 손에 잘잡혀요 역시좋습니다,20.03.27.,4,재구매,한달사용기,종류: 03 성인올슬림모-고급형(민감성)
5692,좋아요~ 색상도 나름 골고루 왔어요~,20.03.31.,5,0,0,종류: 00 성인일반모(단단한)
5693,재구매잇몸이 안 좋은 어머니께서 아주 만족하십니다.,20.04.21.,5,재구매,0,종류: 03 성인올슬림모-고급형(민감성)
5694,한달사용기재구매잘사용하ㅗ잇습니다만,20.04.29.,4,재구매,한달사용기,종류: 03 성인올슬림모-고급형(민감성)
5695,"처음 구매했는데 넝수 좋아요
치솔 모도 부드럽고 닦이는 느낌도 좋아요
강추합니다",20.04.18.,5,0,0,종류: 05 어린이이중슬림모(7세-10세)
5696,생각보다 단단한 형태였지만 쓸만해여 배송도 빠름빠름빠름,20.03.31.,5,0,0,종류: 11 어금니-슬림형
5697,생각보다 단단한 형태였지만 쓸만해여 배송도 빠름빠름빠름,20.03.31.,5,0,0,종류: 09 어금니-일반형
5698,생각보다 단단한 형태였지만 쓸만해여 배송도 빠름빠름빠름,20.03.31.,5,0,0,종류: 10 어금니-돔형
5699,한달사용기저는 특별히 어금니를 잘 닦으려고 헤드가 슬림한걸 골랐는데 쏙쏙 잘 들어가져서 좋네요. 칫솔모도 부드럽구요. 이번에 새로 사면서 신중히 골랐는데 저와 잘 맞아서 다행입니다.^^ 근데 이게 여성용인지는 잘 모르겠는데 성인 남성이 붙잡고 쓰기엔 길이나 두께가 좀 짧고 얇을 듯 해요. 저한텐 따악 맞구요. 참고하셔요~,20.03.04.,5,0,한달사용기,종류: 13 해피덴-비타민올슬림모(민감성)
5700,재구매진짜 너무 좋아요 만족,20.04.25.,5,재구매,0,종류: 10 어금니-돔형
5701,재구매진짜 너무 좋아요 만족,20.04.25.,5,재구매,0,종류: 09 어금니-일반형
5702,아직 써보지는 못했지만 감사히 잘 쓸게용~^^ 상품으로 보내주심 혀 클리너도 감사합니다^^,20.03.21.,5,0,0,종류: 08 교정칫솔-슬림형
5703,잘쓰고있어요 다음에또 구매할께요,20.04.19.,3,0,0,종류: 10 어금니-돔형
5704,성인용(일반) 구매했는데 솔이 부드러워서 치아의 에나멜층이 손상안돼요. 칫솔 머리부분이 작아서 어금니도 그만하면 잘 닦이구요. 만족합니다.,20.03.16.,5,0,0,종류: 01 성인이중슬림모(보편적인)
5705,굿!!빠른배송!!!,20.04.26.,5,0,0,종류: 09 어금니-일반형
5706,둥근 어금니 닦기용이에요. 필요시 잘 사용중입니다.,20.03.26.,5,0,0,종류: 10 어금니-돔형
5707,"한달사용기3년째 이제품 쓰는데요 
아이 양치하기엔 아주좋아요
칫솔모 강도도 적당합니다",20.04.12.,5,0,한달사용기,종류: 09 어금니-일반형
5708,굿!!빠른배송!!!!,20.04.26.,5,0,0,종류: 07 교정칫솔-일반형
5709,합리적인 가격대에 품질도 좋습니다.재구매해서 쓰고있어요.,20.04.13.,5,0,0,종류: 01 성인이중슬림모(보편적인)
5710,한달사용기칫솔모가 작아서 구석구석 닦을 수 있으니 좋네요,20.04.20.,4,0,한달사용기,종류: 02 성인올슬림모-일반형(민감성)
5711,재구매아주좋아요 감사합니다,20.04.04.,5,재구매,0,종류: 03 성인올슬림모-고급형(민감성)
5712,칫솔이 길어서 양치하기에 정말 편리하구요 엄마도 너무 마음에 드신대요,20.03.23.,5,0,0,종류: 11 어금니-슬림형
5713,한달사용기가격대비 좋아요~~~~,20.04.29.,5,0,한달사용기,종류: 07 교정칫솔-일반형
5714,부드럽고 미세모라서 치아 사이사이를 잘 닦아주는 것 같아 양치하고 나면 압안이 개운한것 같았어요~~,20.03.17.,5,0,0,종류: 01 성인이중슬림모(보편적인)
5715,조아요조아요조아요조아요조아요조아요조아요조아요조아요조아요조아요조아요,20.05.18.,3,0,0,종류: 01 성인이중슬림모(보편적인)
5716,조아요조아요조아요조아요조아요조아요조아요조아요조아요조아요조아요조아요,20.05.18.,3,0,0,종류: 10 어금니-돔형
5717,한달사용기편하고 좋아요~~^^,20.04.09.,5,0,한달사용기,종류: 07 교정칫솔-일반형
5718,재구매잇몸이 요새 약해져서 좋을 것 같아 구매해보았습니다. 역시 부드럽고 좋네요,20.03.22.,5,재구매,0,종류: 02 성인올슬림모-일반형(민감성)
5719,많이 강한모 같아요. 아주 깨끗하게 닦이나 잇몸조심 !!,20.03.26.,5,0,0,종류: 07 교정칫솔-일반형
5720,"항상 사용하는거에요~
가성비좋고 칫솔모도 훌륭해요!",20.03.25.,5,0,0,종류: 03 성인올슬림모-고급형(민감성)
5721,한달사용기재구매가성비 좋고 솔이 부드러워요,20.04.23.,4,재구매,한달사용기,종류: 08 교정칫솔-슬림형
5722,잘쓸께요 다음에 또 구매할께요,20.04.19.,3,0,0,종류: 05 어린이이중슬림모(7세-10세)
5723,잘쓸께요 다음에또구매할께요,20.04.19.,3,0,0,종류: 01 성인이중슬림모(보편적인)
5724,항상쓰던거에요 쟁이기,20.04.03.,5,0,0,종류: 10 어금니-돔형
5725,빠른배송 좋은상품 모두 만족입니다,20.04.21.,5,0,0,종류: 10 어금니-돔형
5726,치과에서도 쓰는 칫솔 믿을만합니다.,20.04.01.,5,0,0,종류: 05 어린이이중슬림모(7세-10세)
5727,항상쓰전거에요 재구매,20.04.03.,5,0,0,종류: 04 어린이올슬림모(24개월-6세)
5728,미세모라고 하기에는 좀 강한?센?느낌이에요~,20.04.15.,5,0,0,종류: 03 성인올슬림모-고급형(민감성)
5729,재구매칫솔모도 튼튼하고 좋아요,20.04.02.,5,재구매,0,종류: 05 어린이이중슬림모(7세-10세)
5730,재구매합니다..  부드럽고 좋네요.,20.03.29.,5,0,0,종류: 08 교정칫솔-슬림형
5731,"교정하고 양치는 어찌하나 찾아보다가 구매했어요
잘 사용하고 있고, 좋아요",20.04.12.,5,0,0,종류: 08 교정칫솔-슬림형
5732,뾰족해요. 치간사이도 닦아요. 교정중이라 용이해요,20.03.26.,5,0,0,종류: 09 어금니-일반형
5733,미세모 라 좋아요~~담에 또 구매할게요,20.04.16.,5,0,0,종류: 05 어린이이중슬림모(7세-10세)
5734,한번 쓰고는 이것만 자꾸 사용하게 되네요,20.04.19.,5,0,0,종류: 05 어린이이중슬림모(7세-10세)
5735,칫솔모도 맘에들고좋아요,20.04.01.,4,0,0,종류: 11 어금니-슬림형
5736,재구매가족이 좋아하네요ㅎ,20.04.24.,5,재구매,0,종류: 01 성인이중슬림모(보편적인)
5737,조아요 또구매할게여,20.04.18.,5,0,0,종류: 08 교정칫솔-슬림형
5738,"7세 아들 위해 구매햇어요
구석구석 잘 닦이길 기대해봅니당",20.03.22.,4,0,0,종류: 05 어린이이중슬림모(7세-10세)
5739,"만족만족 합니니다
개별 캡이 있어서 휴대하기도 좋아요",20.04.18.,5,0,0,종류: 01 성인이중슬림모(보편적인)
5740,칫솔모가 정말 부드럽습니다.,20.04.22.,5,0,0,종류: 13 해피덴-비타민올슬림모(민감성)
5741,치과치솔이라 더 안심하고 잘 쓸수 있을듯 해요~^^,20.03.29.,5,0,0,종류: 00 초미세모(매우부드러운)
5742,상품이 좋아서 매번 주문합니다,20.03.31.,5,0,0,종류: 01 성인이중슬림모(보편적인)
5743,"가성비 짱임
많이 쟁여둬서 좋아요.",20.03.31.,5,0,0,종류: 01 성인이중슬림모(보편적인)
5744,내일 사용하던 겁니다,20.04.02.,5,0,0,종류: 03 성인올슬림모-고급형(민감성)
5745,"재구매발치한 이빨주위를 닦을려고 주문했습니다!
잘 닦아고 좋아욤",20.03.22.,5,재구매,0,종류: 10 어금니-돔형
5746,6세는 칫솔모가 좀 작은거같아요,20.03.31.,3,0,0,종류: 06 유아올슬림모(13개월-36개월)
5747,재구매항상 여기서 주문해서 써요 ㅎ 가족들한테도 추천한 좋은 칫솔 !! 배송도 빨라서 넘 좋아요~,20.04.08.,5,재구매,0,종류: 03 성인올슬림모-고급형(민감성)
5748,"재구매제가 씁니다
진짜 머리털나고 쓴 칫솔중에 가장부드럽게 닦입니다
미세몬데도 치면 맨들하니 잘닦여요
다만 치간 사이는 아무래도 힘이없어서 좀 남는감이 있아서 치실로 마무리합니다",20.03.08.,5,재구매,0,종류: 00 초미세모(매우부드러운)
5749,한달사용기처음엔 딱딱해서 피가나기도 했는데 하루이틀 쓰다보니 칫솔모가 부드러워져서 좋았어요! 강추입니다!,20.04.06.,5,0,한달사용기,종류: 10 어금니-돔형
5750,요즘 치과 다니고있는데 어금니 칫솔 있으면 더 좋을 것 같아 구매했고 만족해요,20.03.23.,5,0,0,종류: 10 어금니-돔형
5751,칫솔 크기도 제가 원하던 크기이고 교정중에 쓰기 딱이네요 교정칫솔은 사서 쓰면 금방 교체해줘야했는데 저렴하게 구입해서 더 만족스럽습니다,20.04.02.,5,0,0,종류: 07 교정칫솔-일반형
5752,칫솔이 부드럽고 좋아요.,20.04.22.,4,0,0,종류: 02 성인올슬림모-일반형(민감성)
5753,"딸아이 교정칫솔 구입했어요.
치과에서 2000원 하는데, 조금 더 저렴해서 좋아요. 금방 칫솔을 바꿔줘야해서 대량 구입했어요.",20.03.11.,5,0,0,종류: 07 교정칫솔-일반형
5754,좋아요 가격에 비해 질이 좋아요,20.04.18.,4,0,0,종류: 13 해피덴-비타민올슬림모(민감성)
5755,재구매모가 부드러워서 좋아요,20.04.21.,5,재구매,0,종류: 08 교정칫솔-슬림형
5756,좋아요~~다음에 또 구매 할게요,20.04.16.,5,0,0,종류: 00 초미세모(매우부드러운)
5757,"엄마가 너무 좋아해용ㅎㅎ
가성비짱은둣합니다",20.04.13.,5,0,0,종류: 01 성인이중슬림모(보편적인)
5758,너무 만족하게 사용하고있습ㄴ다,20.04.22.,4,0,0,종류: 01 성인이중슬림모(보편적인)
5759,칫솔좋아요!! 잘쓰고있어요,20.04.18.,5,0,0,종류: 03 성인올슬림모-고급형(민감성)
5760,한달사용기가성비갑이네요....,20.04.25.,4,0,한달사용기,종류: 15 미소덴탈 숯올슬림모(민감성)
5761,한달사용기항상 사용하는 칫솔입니다 ㅎㅎ 또 구매해야 겠네요,20.04.12.,5,0,한달사용기,종류: 07 교정칫솔-일반형
5762,아주아주 잘쓰고있어요. 마음에 듭니다.,20.03.26.,5,0,0,종류: 08 교정칫솔-슬림형
5763,"재구매해요
디자인도 귀여워서 아이도 좋아하구요
솔도 적당히 부드러워
잘 닦여요",20.03.20.,5,0,0,종류: 05 어린이이중슬림모(7세-10세)
5764,재구매남편쓰려고 샀어요.,20.04.02.,5,재구매,0,종류: 09 어금니-일반형
5765,"아직 사용전이에요 
사은품도 잘 챙겨주시고 일단 칫솔도 맘에들어요",20.03.19.,5,0,0,종류: 01 성인이중슬림모(보편적인)
5766,한번 써보니 이것만 사용해요,20.04.19.,5,0,0,종류: 01 성인이중슬림모(보편적인)
5767,재구매치과칫솔이라 믿고써요 굿굿,20.04.16.,5,재구매,0,종류: 06 유아올슬림모(13개월-36개월)
5768,상품질도 좋고 배송도 좋아요,20.03.31.,5,0,0,종류: 05 어린이이중슬림모(7세-10세)
5769,항상쓰던제품 좋아요~~,20.04.02.,5,0,0,종류: 01 성인이중슬림모(보편적인)
5770,한달사용기칫솔질 할때도 좋지만 텀블러 뚜껑 세척할때도 아주 좋아요~!,20.04.17.,5,0,한달사용기,종류: 10 어금니-돔형
5771,치과칫솔이라 그러지 잘 닦입니다~,20.03.29.,5,0,0,종류: 01 성인이중슬림모(보편적인)
5772,한달사용기어금니 닦는데 좋아요 약간 부드럽진않지만 가성비는 최고,20.03.24.,5,0,한달사용기,종류: 10 어금니-돔형
5773,아직 다 써보지는 않았는데 우선 만족하고요 배송도 빠르게 보내주셔서 감사합니다!,20.04.05.,5,0,0,종류: 10 어금니-돔형
5774,모양 괜찮고 단단한 느낌이에요,20.04.18.,4,0,0,종류: 00 성인일반모(단단한)
5775,좋아요좋아요좋아좋아,20.05.14.,3,0,0,종류: 09 어금니-일반형
5776,너무 부드러워요 그래서 좀 세정력이 떨어졍ㅎ,20.04.11.,3,0,0,종류: 00 초미세모(매우부드러운)
5777,"배송은좀늦지만,.깔끔하게잘왔어영ㅋ
치과칫솔은믿고쓰고있네용ㅎㅎ",20.04.09.,5,0,0,종류: 14 미소덴탈 금올슬림모(민감성)
5778,어금니 뿐아니라 앞니도 치은부위 쭉 둘러서 닦아줘요 치아사이사이 깔끔행ㅎ,20.04.11.,4,0,0,종류: 11 어금니-슬림형
5779,좋은거같어여~~~~,20.04.24.,5,0,0,종류: 07 교정칫솔-일반형
5780,너무 좋아요 안까지 닦을 수 있네요,20.03.22.,5,0,0,종류: 09 어금니-일반형
5781,치과칫솔이라 그런지 잘 닦여요^^,20.03.29.,5,0,0,종류: 03 성인올슬림모-고급형(민감성)
5782,깔끔하게 포장되어 왔습니다,20.04.18.,4,0,0,종류: 12 해피덴-비타민이중슬림모(보편적인)
5783,깔끔하게 포장되어 왔습니다,20.04.18.,4,0,0,종류: 10 어금니-돔형
5784,싸게 잘 산거 같아요! 칫솔모도 튼튼하고 좋네요,20.04.12.,5,0,0,종류: 07 교정칫솔-일반형
5785,"교정해서 자주 바꿔줘야하는데 
여러개 저렴하게 샀네요",20.03.24.,5,0,0,종류: 07 교정칫솔-일반형
5786,다른거 쓰느라고 사놓고 인제 써봤는데 슬림모라서 안쪽까지 닦기 편하고 좋네요. 다음에 또 사야겠어요,20.04.03.,5,0,0,종류: 01 성인이중슬림모(보편적인)
5787,슬림형보다는 부드럽지 않아요.,20.03.29.,5,0,0,종류: 07 교정칫솔-일반형
5788,재구매항상 사용하는 칫솔 입니다 !!!!좋아요 ~~~,20.04.14.,5,재구매,0,종류: 08 교정칫솔-슬림형
5789,한달사용기아이칫솔 구매한것중 가성ㅈ비가 가장 좋습ㄴㄱ다,20.04.22.,4,0,한달사용기,종류: 04 어린이올슬림모(24개월-6세)
5790,"한달사용기중형견인 노견이 사용중인 펫토산 더블 칫솔모로  앞니를 닦는데 불편해서 칫솔주문하면서 같이 주문해 봤는데,부드러우면서도 잘닦이고 아직까지 잘 사용중이예요.",20.03.14.,5,0,한달사용기,종류: 05 어린이이중슬림모(7세-10세)
5791,가성비 좋아요. 만족이여,20.04.14.,3,0,0,종류: 02 성인올슬림모-일반형(민감성)
5792,기존에 사용하던 교정 칫솔을 다 사용하여 구매했는데 사용감이 좋습니다~,20.04.12.,5,0,0,종류: 08 교정칫솔-슬림형
5793,기존에 사용하던 교정 칫솔을 다 사용하여 구매했는데 사용감이 좋습니다~,20.04.12.,5,0,0,종류: 07 교정칫솔-일반형
5794,"어금니 칫솔 일반형만 반년전부터 사용해 오다가, 넓은 부위에는 일반형으론 부족해 돔형으로 사용해 볼려고 알아보다가 여기서 구매하게 됐어요..처음 일반형 구매한곳은 일반형 스타일만 있었는데 여기선 돔형 슬림형도 있어서 좋네요..",20.03.07.,4,0,0,종류: 10 어금니-돔형
5795,한달사용기교정칫솔을 저렴하게 구매해서 잘 사용 중입니다^^,20.04.14.,5,0,한달사용기,종류: 08 교정칫솔-슬림형
5796,재구매벌써 3번째 구매입니다^_^ 아기꺼랑 어른꺼 다 만족하며 사용중입니다,20.03.19.,5,재구매,0,종류: 01 성인이중슬림모(보편적인)
5797,재구매벌써 3번째 구매입니다^_^ 아기꺼랑 어른꺼 다 만족하며 사용중입니다,20.03.19.,5,재구매,0,종류: 00 성인일반모(단단한)
5798,재구매벌써 3번째 구매입니다^_^ 아기꺼랑 어른꺼 다 만족하며 사용중입니다,20.03.19.,5,재구매,0,종류: 06 유아올슬림모(13개월-36개월)
5799,좋네요 안까지 닦을 수 있어요,20.03.22.,4,0,0,종류: 10 어금니-돔형
5800,아직 다 써보지는 않았지만 이 닦는데 편하네요! 빠른 배송 감사드립니다,20.04.05.,5,0,0,종류: 11 어금니-슬림형
5801,"어금니 칫솔이라서 더 깨끗히 잘닦여요, 좋습니다",20.03.24.,5,0,0,종류: 09 어금니-일반형
5802,한달사용기잘 닦기고 개운해요 아주 좋아요,20.04.18.,5,0,한달사용기,종류: 01 성인이중슬림모(보편적인)
5803,재구매교정중인데 치과에서 사는 칫솔은 너무 비싸서 항상 여기에서 사서 쓰는중이에요 치과 칫솔이랑 다른것도 없는거같아요 크기도 딱 적장하고 좋아요이번엔 열개한번에 샀는데 혀클리너도 넣어주셨어요 💕💕,20.03.05.,5,재구매,0,종류: 07 교정칫솔-일반형
5804,배송빠르고 상품도 좋아요,20.03.28.,5,0,0,종류: 03 성인올슬림모-고급형(민감성)
5805,빠른 배송 감사합니다,20.04.19.,5,0,0,종류: 10 어금니-돔형
5806,"심플한데 색깔 너무 이쁩니당
튼튼한거 같아서 너무 좋아용",20.04.13.,5,0,0,종류: 08 교정칫솔-슬림형
5807,한달사용기제품이아주좋아요굿입니다,20.04.16.,5,0,한달사용기,종류: 04 어린이올슬림모(24개월-6세)
5808,한달사용기제품이아주좋아요굿입니다,20.04.16.,5,0,한달사용기,종류: 05 어린이이중슬림모(7세-10세)
5809,재구매제품이아주좋아요굿입니다,20.04.16.,5,재구매,0,종류: 04 어린이올슬림모(24개월-6세)
5810,좋아요 또구매할게여,20.04.18.,5,0,0,종류: 07 교정칫솔-일반형
5811,배송빠르고상품좋아요,20.03.28.,5,0,0,종류: 5-1 너구리올슬림모(24개월-6세)
5812,"배송도빠르고 항상 쓰던거라 잘구입했어요~
감사합니다",20.04.07.,5,0,0,종류: 10 어금니-돔형
5813,자주바꾸려고 사봤어요.,20.03.29.,5,0,0,종류: 01 성인이중슬림모(보편적인)
5814,늘쓰던거라 떨어져서 주문햇어요 너무 줗아요,20.04.08.,5,0,0,종류: 01 성인이중슬림모(보편적인)
5815,재구매기본중의 기본이라 많이 구매해서 가족끼리 다같이 쓰고있습니당,20.03.22.,5,재구매,0,종류: 01 성인이중슬림모(보편적인)
5816,재구매한번 사봤어요. 치석이 안낄것같네요 ㅋ,20.04.11.,5,재구매,0,종류: 00 성인일반모(단단한)
5817,"빠른배송 아쥬좋아요
원래쓰던건데 싸게잘샀어요",20.03.24.,5,0,0,종류: 01 성인이중슬림모(보편적인)
5818,아직 안써봤는데 원래 미세모에 헤드가 슬림한것만 사용했어서 이 재품도 좋을것같아요~^^,20.03.18.,5,0,0,종류: 03 성인올슬림모-고급형(민감성)
5819,"치과에서 사용한다하여 사용을 해보겠으나
조금싼티가 나는거는 어쩔수읍네요",20.04.08.,2,0,0,종류: 03 성인올슬림모-고급형(민감성)
5820,치아사이사이 잇몸부위 전체적으로 마지막에 해줘요,20.04.11.,4,0,0,종류: 10 어금니-돔형
5821,한달사용기저렴하게 구매 해서 잘 사용하고 있습니다^^,20.04.14.,5,0,한달사용기,종류: 09 어금니-일반형
5822,부드럽고 튼튼하고 가성비가 좋아요,20.04.14.,5,0,0,종류: 01 성인이중슬림모(보편적인)
5823,"어금니 칫솔이라서 어금니가 더 깨끗히 닦이네요, 좋아요",20.03.24.,5,0,0,종류: 10 어금니-돔형
5824,질 좋습니다 만족합니다,20.03.27.,5,0,0,종류: 05 어린이이중슬림모(7세-10세)
5825,한달사용기저렴한 가격에 구매 해서 잘 쓰고 있어요^^,20.04.14.,5,0,한달사용기,종류: 05 어린이이중슬림모(7세-10세)
5826,"유아 칫솔을 같은 브랜드로 구매해서 성인용도 구매해 보아요~칫솔이 칫솔모에 따라 구분 되어져서 특별한 것 같아서요^^사용해보고 재구매 할게요.
칫솔모 케이스가 있어서 좋아요.",20.03.05.,4,0,0,종류: 01 성인이중슬림모(보편적인)
5827,배송도빠르고상품도좋아요,20.03.28.,5,0,0,종류: 01 성인이중슬림모(보편적인)
5828,칫솔 모양부터 맘에 듭니다.,20.04.16.,5,0,0,종류: 04 어린이올슬림모(24개월-6세)
5829,한달사용기저렴하게 구매해서 잘사용하고 있어요^^,20.04.14.,5,0,한달사용기,종류: 07 교정칫솔-일반형
5830,가격대비 좋습니다!,20.04.18.,4,0,0,종류: 01 성인이중슬림모(보편적인)
5831,좋아요! 빠른배송 감사합니다,20.03.21.,5,0,0,종류: 09 어금니-일반형
5832,미세모라서 부드럽네요...,20.03.29.,4,0,0,종류: 15 미소덴탈 숯올슬림모(민감성)
5833,가격저렴하고 좋아요~~,20.03.29.,4,0,0,종류: 04 어린이올슬림모(24개월-6세)
5834,빠른배송 만족합니다,20.03.27.,5,0,0,종류: 01 성인이중슬림모(보편적인)
5835,이빨이 잘 닦여서 좋아요,20.03.27.,4,0,0,종류: 08 교정칫솔-슬림형
5836,"한달사용기좋아요  잘 쓰고있어요
몇개 안남아서 주문해야 할 것 같네요",20.03.17.,5,0,한달사용기,종류: 11 어금니-슬림형
5837,좋아요 가격 대비 만족입니다,20.04.10.,5,0,0,종류: 09 어금니-일반형
5838,사은품 혀클리너 잘쓸게요~,20.03.26.,5,0,0,종류: 00 성인일반모(단단한)
5839,가성비 좋아보여요. 아직 사용전입니다,20.04.08.,4,0,0,종류: 01 성인이중슬림모(보편적인)
5840,칫솔 사이사이 틈새 깨끗이 아주 좋아요,20.04.13.,5,0,0,0
5841,재구매매번 사서 쓰는 우리집 칫솔이에요,20.03.24.,5,재구매,0,종류: 01 성인이중슬림모(보편적인)
5842,좋다고해서 구매해봤엉ㅎ,20.04.16.,5,0,0,종류: 01 성인이중슬림모(보편적인)
5843,마음에 들어요 ~ 아이 양치시킬 때 필요해서 샀어요.,20.03.18.,4,0,0,종류: 04 어린이올슬림모(24개월-6세)
5844,조금 억세지만 슬림모랑 쓰기좋아툐 !,20.03.24.,3,0,0,종류: 07 교정칫솔-일반형
5845,재구매빠른배송 감사합니다^^,20.04.17.,5,재구매,0,종류: 07 교정칫솔-일반형
5846,재구매빠른배송 감사합니다^^,20.04.17.,5,재구매,0,종류: 08 교정칫솔-슬림형
5847,색상부터 맘에 들어요.,20.04.16.,5,0,0,종류: 01 성인이중슬림모(보편적인)
5848,교정 중 유용.. 자주 바꿔줘야 할것 같은데 다쓰면 추가 주문하려구요,20.03.14.,4,0,0,종류: 09 어금니-일반형
5849,빠른배송 감사드립니다,20.04.15.,5,0,0,종류: 12 해피덴-비타민이중슬림모(보편적인)
5850,빠른배송 감사드립니다,20.04.15.,5,0,0,종류: 01 성인이중슬림모(보편적인)
5851,빠른배송 감사드립니다,20.04.15.,5,0,0,종류: 00 성인일반모(단단한)
5852,빠른배송 감사드립니다,20.04.15.,5,0,0,종류: 07 교정칫솔-일반형
5853,그냥 보통인듯 ..,20.04.19.,3,0,0,0
5854,좋아요 ~ 마음에 듭니다. 구석구석 양치할 수 있어요!,20.03.18.,4,0,0,종류: 03 성인올슬림모-고급형(민감성)
5855,처음 구매인데 탄탄하니 괜찮네요,20.04.13.,5,0,0,종류: 02 성인올슬림모-일반형(민감성)
5856,좋아요 서비스감사합니다,20.03.25.,5,0,0,종류: 02 성인올슬림모-일반형(민감성)
5857,어금니칫솔 좋아요~,20.03.27.,5,0,0,종류: 11 어금니-슬림형
5858,"항상 쓰는 제품이에요~~
다른제품 넘어갔다가도 결국 다시돌아오는 편안한 제품입니다~~
애들 닦여주기에도 탁월합니다",20.03.14.,5,0,0,종류: 00 성인일반모(단단한)
5859,늘쓰는칫솔 좋아요.,20.03.27.,5,0,0,종류: 07 교정칫솔-일반형
5860,늘쓰는 칫솔 좋아요.,20.03.27.,5,0,0,종류: 11 어금니-슬림형
5861,치솔모가 부드럽고 튼튼해요.,20.04.14.,5,0,0,종류: 05 어린이이중슬림모(7세-10세)
5862,치과용에 부드럽다고 후기 좋아서 샀는데 저한테는 부드럽지 않고 그냥 일반용 칫솔같네요ㅠ,20.03.16.,4,0,0,종류: 03 성인올슬림모-고급형(민감성)
5863,교정중인데 사용하기 좋네요~! 배송도 빨라요!,20.03.19.,4,0,0,종류: 07 교정칫솔-일반형
5864,어른아이 모두 구매했는데 칫솔모가 부드러워서 잇몸에 자극이덜하면서 양치가잘되니 너무좋네요 가격도저렴하고 다쓰고 여기서 재구매할께요,20.03.25.,5,0,0,종류: 01 성인이중슬림모(보편적인)
5865,한달사용기잘못삿어요 강한모 샀더니 담에는 약한모로,20.04.06.,1,0,한달사용기,종류: 07 교정칫솔-일반형
5866,한달사용기안아프고 딱좋아요 번창하세요,20.04.13.,5,0,한달사용기,종류: 02 성인올슬림모-일반형(민감성)
5867,재구매우리집 매번 사는 칫솔이에요,20.03.24.,5,재구매,0,종류: 00 성인일반모(단단한)
5868,재구매좀 단단한 편이라 치석제거하기에 좋아요,20.03.22.,5,재구매,0,종류: 00 성인일반모(단단한)
5869,헤드가 작고 칫솔모도 좋아요 보내주신  치실과  혀클리너도 좋습니다,20.03.18.,5,0,0,종류: 01 성인이중슬림모(보편적인)
5870,여기 칫솔 사용한 뒤로 다른데꺼 못 써요. 칫솔 다 떨어져서 마트에서 하나 사다 사용했는데 못 쓰겠더라구요. 칫솔이 작아서 어금니까지도 잘 닦이는 거 같고 좋아요.,20.03.05.,5,0,0,종류: 10 어금니-돔형
5871,치아가 잘 닦이고 가성비 갑이에요!,20.03.23.,5,0,0,종류: 07 교정칫솔-일반형
5872,치아가 잘 닦이고 가성비 갑이에요!,20.03.23.,5,0,0,종류: 08 교정칫솔-슬림형
5873,그냥 일반칫솔이에요~ 생각보다 안부드러워요ㅠ,20.03.16.,4,0,0,종류: 02 성인올슬림모-일반형(민감성)
5874,"6살, 4살 아이용으로 구매했습니다.
네임칫솔 사용하다가 이건 집에서 사용하려고 구매했습니다.
잘 사용하겠습니다.",20.03.11.,5,0,0,종류: 04 어린이올슬림모(24개월-6세)
5875,일반 칫솔보다 아주 효과좋아여,20.04.12.,5,0,0,종류: 03 성인올슬림모-고급형(민감성)
5876,재구매매번 사서 쓰는 칫솔이에요,20.03.24.,5,재구매,0,종류: 03 성인올슬림모-고급형(민감성)
5877,부드러워요 추천추천,20.04.13.,5,0,0,종류: 12 해피덴-비타민이중슬림모(보편적인)
5878,한달사용기넉넉히 주문해서 잘 사용하고 있어요,20.04.11.,5,0,한달사용기,종류: 07 교정칫솔-일반형
5879,한달사용기한달 사용 했는데도 좋아요^^,20.04.14.,5,0,한달사용기,종류: 02 성인올슬림모-일반형(민감성)
5880,사용전인데 교정치과에서 받은 칫솔과 같아보여 맘에 들어요,20.04.07.,5,0,0,종류: 07 교정칫솔-일반형
5881,정말 좋아요 교정하는데 칫ㅈ솔이 고민이었는데 넘 좋아유,20.03.21.,5,0,0,종류: 08 교정칫솔-슬림형
5882,재구매ㅡ항상사용합니다좋아요,20.04.16.,5,재구매,0,종류: 05 어린이이중슬림모(7세-10세)
5883,"여성분들 강추요
부드럽고 치아 작은분들에게
적극 추천합니다",20.03.20.,5,0,0,종류: 12 해피덴-비타민이중슬림모(보편적인)
5884,한달사용기잘쓰고있어요 어긍니칫솔이랑 같이 사용해주세요ㅋ,20.03.19.,5,0,한달사용기,종류: 13 해피덴-비타민올슬림모(민감성)
5885,재구매좋아요 좋아요~^^,20.05.08.,4,재구매,0,종류: 01 성인이중슬림모(보편적인)
5886,재구매좋아요 좋아요~^^,20.05.08.,4,재구매,0,종류: 06 유아올슬림모(13개월-36개월)
5887,재구매좋아요 좋아요~^^,20.05.08.,4,재구매,0,종류: 03 성인올슬림모-고급형(민감성)
5888,한달사용기재구매좋아요 좋아요~^^,20.05.08.,4,재구매,한달사용기,종류: 06 유아올슬림모(13개월-36개월)
5889,사이사이 쳐보기 위해 구입햇어요,20.03.22.,4,0,0,종류: 10 어금니-돔형
5890,원래사용하던건데 역시좋넹ᆢㄷ,20.03.24.,5,0,0,종류: 03 성인올슬림모-고급형(민감성)
5891,"너무 만족합니다 
추천",20.04.15.,5,0,0,종류: 00 성인일반모(단단한)
5892,"칫솔이 고민이었는데, 값싸고 좋은 칫솔을 얻은 것 같아요!!!!!!",20.03.21.,5,0,0,종류: 07 교정칫솔-일반형
5893,제가 교정중이라 구분해서 구입해봤는데 사용하지 않고 그냥 비교해 봤을때는 차이가 없어 보이는데 구분해서 만든 이유가 있겠죠~~^^사용해보고 재구매 할게요,20.03.05.,4,0,0,종류: 08 교정칫솔-슬림형
5894,잘 받았습니다. 그런데 좀 더 단단한 느낌을 원했는데 그냥 보통 칫솔 미세모 같은 부드러운 느낌이예요. 원하던 칫솔은 아니네요.ㅠㅠ,20.03.27.,3,0,0,종류: 10 어금니-돔형
5895,좋아요 매번 쓰는 제품이에요 좋아요,20.05.05.,5,0,0,종류: 07 교정칫솔-일반형
5896,어금니칫솔 최고에요 여태 느껴보지 못한 개운함을 느꼈어요~!,20.04.02.,5,0,0,0
5897,얼마전부터 어금니 일반형으로만 사용하고 있다가 슬림형도 구매했어요..일반형보다  좀더 부드러워 있으면 유용하게 사용할것 같아요..,20.03.07.,4,0,0,종류: 11 어금니-슬림형
5898,"늘 쓰는 제품이예요~~ 이중슬림모라 좋구 크기도 적당해서 좋아요~ 사은품 주신 것도 감사해요^^
치실은 2개 쓰고 사진 찍었네요 ㅎㅎ",20.03.06.,5,0,0,종류: 05 어린이이중슬림모(7세-10세)
5899,주변에 추천받고 구매합니다,20.04.12.,5,0,0,종류: 12 해피덴-비타민이중슬림모(보편적인)
5900,"적당히 탄력감있고
칫솔모는 부드럽고
좋아요!
그립감은 그렇게 좋진않아요ㅋ",20.04.01.,5,0,0,종류: 01 성인이중슬림모(보편적인)
5901,교정중인데 치과에서 사서 쓰는 교정칫솔보다 부드러워요 솔부분 크기가 좀 작긴한데 괜찮아요,20.03.14.,5,0,0,종류: 08 교정칫솔-슬림형
5902,재구매늘 쓰던 칫솔이에요 모도 부드럽고 좋아요^^,20.04.10.,5,재구매,0,종류: 14 미소덴탈 금올슬림모(민감성)
5903,칫솔모가 가늘어서 두돌때부터 잘 사용하고 있어요,20.03.18.,5,0,0,종류: 06 유아올슬림모(13개월-36개월)
5904,"좋아요 추천으로 구입 했는데 좋아요 ㅎㅎ
칫솔 종류 헷갈리지 않게 포장해주신 것도 감사해요",20.03.04.,5,0,0,종류: 03 성인올슬림모-고급형(민감성)
5905,재구매구석구석 이빨을 잘 닦아줘요,20.03.22.,4,재구매,0,종류: 01 성인이중슬림모(보편적인)
5906,처음 사봤는데 괜찮은 것 같아요 싸게 잘샀어요,20.03.15.,5,0,0,종류: 07 교정칫솔-일반형
5907,처음 사봤는데 괜찮은 것 같아요 싸게 잘샀어요,20.03.15.,5,0,0,종류: 10 어금니-돔형
5908,처음 사봤는데 괜찮은 것 같아요 싸게 잘샀어요,20.03.15.,5,0,0,종류: 09 어금니-일반형
5909,재구매배송도 빠르고 좋아요~~,20.04.15.,5,재구매,0,종류: 08 교정칫솔-슬림형
5910,재구매배송도 빠르고 좋아요~~,20.04.15.,5,재구매,0,종류: 02 성인올슬림모-일반형(민감성)
5911,교정중인데 여러상품중에 저렴하고 리뷰도 제일좋아 선택했네요 칫솔모가 부드러워서 사용하기좋아요,20.03.08.,5,0,0,종류: 08 교정칫솔-슬림형
5912,아이 것 쓰다 마음에 들어 구매했어요~^^,20.03.22.,4,0,0,종류: 01 성인이중슬림모(보편적인)
5913,"캡이하나하나
없어도될듯한데
대량구매시
선택사항으로필요한사람만
하면어떨까생각합니다.
환경보호차원에서요.",20.03.05.,5,0,0,종류: 00 성인일반모(단단한)
5914,한달사용기치과용보다 잘 안닦인대요,20.04.12.,3,0,한달사용기,종류: 08 교정칫솔-슬림형
5915,"아이어린이집용으로 쓰기시작했는데
이것만써요
한달에 하나씩 사용하기에도 가성비도 좋아요",20.03.06.,3,0,0,종류: 04 어린이올슬림모(24개월-6세)
5916,칫솔 잡는 부분도 얇고 좋아요.케이스도 개별로 있어서 휴대용 사용하기도 좋을 것 같아요.칫솔모에 따른 구분 칫솔 기대합니다^^,20.03.05.,4,0,0,종류: 02 성인올슬림모-일반형(민감성)
5917,재구매부드럽고 좋다고 합니다,20.03.23.,5,재구매,0,종류: 01 성인이중슬림모(보편적인)
5918,재구매배송빠르고요 착한가격에 성능 좋은것 같습니다 3번째 구매입니다. 많이 파세요,20.03.14.,5,재구매,0,종류: 01 성인이중슬림모(보편적인)
5919,색깔도 다양하게 주시고 칫솔 하나하나 캡이 있어서 좋아요!,20.03.16.,5,0,0,종류: 08 교정칫솔-슬림형
5920,아이가 잘 사용하고있어요,20.04.11.,5,0,0,종류: 07 교정칫솔-일반형
5921,치과에서 받은 칫솔이랑 똑같네요 ㅎㅎ 좋아요!,20.03.16.,5,0,0,종류: 03 성인올슬림모-고급형(민감성)
5922,재구매떨어지기전에 미리 구매해놓아요 여기가 제일 저렴해요,20.03.12.,5,재구매,0,종류: 05 어린이이중슬림모(7세-10세)
5923,항상쓰던 칫솔입니다..^^,20.04.14.,5,0,0,종류: 03 성인올슬림모-고급형(민감성)
5924,배송도 빠르고 싸게 잘샀어요,20.04.10.,5,0,0,종류: 10 어금니-돔형
5925,배송도 빠르고 싸게 잘샀어요,20.04.10.,5,0,0,종류: 11 어금니-슬림형
5926,배송도 빠르고 싸게 잘샀어요,20.04.10.,5,0,0,종류: 09 어금니-일반형
5927,처음써보는데 칫솔모가 탄력있고 생각보다 괜찮은것같아요.,20.04.05.,5,0,0,종류: 01 성인이중슬림모(보편적인)
5928,"한달사용기자주 바꿔쥐어야해서 많이 주문했는 데
잘 쓰고 있어요",20.03.17.,5,0,한달사용기,종류: 08 교정칫솔-슬림형
5929,매우만족! 칫솔을 치과칫솔이예요 ㅎㅎ 애들도 모두 미소덴탈칫솔 사용중이예요^^,20.03.12.,5,0,0,종류: 01 성인이중슬림모(보편적인)
5930,싸고 품질괜차나요 자주바꿔쓰기딱,20.03.14.,4,0,0,종류: 07 교정칫솔-일반형
5931,미세모는 잇몸을 잘닦을수 있어서 좋은것 같아요.,20.03.11.,5,0,0,종류: 01 성인이중슬림모(보편적인)
5932,재구매어른꺼아이꺼 모두 여기서 구매해요 배송 빠르고 제일 싸요,20.03.12.,5,재구매,0,종류: 01 성인이중슬림모(보편적인)
5933,한달사용기잘 쓰고 있어요. 가격대비 잘 닦이고 조아요,20.03.17.,5,0,한달사용기,종류: 02 성인올슬림모-일반형(민감성)
5934,미세모가 실제 치과에서 쓰는 것보다 덜 부드러운 느낌인데 암튼 잘 쓰고 있어요,20.04.02.,5,0,0,종류: 03 성인올슬림모-고급형(민감성)
5935,칫솔모가 부드러워서 좋아요,20.04.10.,5,0,0,종류: 08 교정칫솔-슬림형
5936,치아 가장 안쪽에 있는 어금니가 잘 닦이네요^^,20.03.18.,5,0,0,종류: 10 어금니-돔형
5937,교정후 일반칫솔로는 덜닦이는거같아서 구입했는데 어금니칫솔 특히 좋아요,20.04.03.,5,0,0,종류: 11 어금니-슬림형
5938,"2년째 사용중입니다. 처음 사용할때는 솔 부분이 너무 작다고 느꼈는데, 작아서 어금니까지 잘 닦입니다.",20.03.06.,5,0,0,종류: 01 성인이중슬림모(보편적인)
5939,한달사용기재구매칫솔모가 부드럽고 좋아요,20.04.10.,4,재구매,한달사용기,종류: 01 성인이중슬림모(보편적인)
5940,한달사용기재구매칫솔모가 부드럽고 좋아요,20.04.10.,4,재구매,한달사용기,종류: 04 어린이올슬림모(24개월-6세)
5941,리뷰가 좋아서 구매했는데 사용후 좋으면 재구매할께요~ 사은품?으로 혀클리너외 치실 잘받았어요,20.03.06.,5,0,0,종류: 01 성인이중슬림모(보편적인)
5942,한달사용기고양이 양치질 칫솔로 사용 중인데 잘 사용하고 있어요! 적당히 부드럽고 잇몸에도 무리가 안 갈 정도라 재구매 의사 있습니다!,20.03.03.,5,0,한달사용기,종류: 11 어금니-슬림형
5943,칫솔모가 부들부들하고 선물로 주신 치실도 잘 사용했어요,20.04.04.,5,0,0,종류: 01 성인이중슬림모(보편적인)
5944,아직 사용하진 않았지만 좋은것같아요.,20.03.18.,5,0,0,종류: 00 초미세모(매우부드러운)
5945,"두번째 구매입니다
치과에서 사는거랑 같아요
교정 끝날때까지 여기만 이용할꺼예요 ㅎㅎ",20.03.11.,5,0,0,종류: 07 교정칫솔-일반형
5946,"배송빠르고, 치석제거도 잘되네요.
칫솔모가 적당히 작아서 좋아요.",20.03.11.,5,0,0,종류: 09 어금니-일반형
5947,좋아요ㅋㅋ매번쓰던거라좋네용ㅋㅇㅋ,20.04.08.,5,0,0,종류: 03 성인올슬림모-고급형(민감성)
5948,한달사용기사용하기 좋습니다.,20.04.12.,5,0,한달사용기,종류: 01 성인이중슬림모(보편적인)
5949,한달사용기사용하기 좋습니다.,20.04.12.,5,0,한달사용기,종류: 05 어린이이중슬림모(7세-10세)
5950,좋아요 부드럽고 ~~,20.03.24.,3,0,0,종류: 08 교정칫솔-슬림형
5951,교정칫솔 슬림형이 있길래 한번 구매해 봤어요..마트에선 교정칫솔 사기가 힘들어서 어금니 칫솔 구매하러 왔다가 한번 구매해 봤어요..,20.03.07.,4,0,0,종류: 08 교정칫솔-슬림형
5952,한달사용기재구매쵝오 좋아요 빠른배송좋아요,20.05.02.,5,재구매,한달사용기,종류: 00 성인일반모(단단한)
5953,한달사용기재구매쵝오 좋아요 빠른배송좋아요,20.05.02.,5,재구매,한달사용기,종류: 03 성인올슬림모-고급형(민감성)
5954,교정이 빨리끝나길...ㅠㅠ칫솔은 좋아요..!!!,20.03.16.,5,0,0,종류: 07 교정칫솔-일반형
5955,잘쓰고있어요감사합니다ㅎㅎ,20.03.21.,5,0,0,종류: 08 교정칫솔-슬림형
5956,맘에들어요 재구매 했습니다,20.04.04.,5,0,0,종류: 08 교정칫솔-슬림형
5957,맘에들어요 재구매 했습니다,20.04.04.,5,0,0,종류: 07 교정칫솔-일반형
5958,양치질 하기 편하고 좋네용 ㅎㅎ 종류별로 사봤는데 나머지도 사용해보고 괜찮을걸로 다음에 또 구매할게요 ㅎㅎ,20.03.03.,5,0,0,종류: 11 어금니-슬림형
5959,재구매부드럽고 좋습니다!!,20.03.23.,5,재구매,0,종류: 03 성인올슬림모-고급형(민감성)
5960,빠른배송감사합니다^^,20.04.12.,5,0,0,종류: 08 교정칫솔-슬림형
5961,두번째구매에요 ~~,20.04.13.,4,0,0,종류: 05 어린이이중슬림모(7세-10세)
5962,애들이 7세 9세 애들이 써보고 좋다고 하네요. 넉넉히 사놔서 좋네요. 앞으로 여기서 계속 사서 써야겠어요,20.03.07.,5,0,0,종류: 05 어린이이중슬림모(7세-10세)
5963,"2번째 구매예요! 제가 잇몸이 약해서 양치하면 100% 상처가 나는데, 이 칫솔은 부드러워서 상처난 적 한 번도 없어요! 10개 샀는데, 혀클리너도 공짜로 왔네요ㅎㅎ 다 쓰면 또 재구매 의사 있습니다ㅎㅎ",20.02.27.,5,0,0,종류: 08 교정칫솔-슬림형
5964,치과 칫솔이라 맏고 샀어요,20.04.09.,4,0,0,종류: 03 성인올슬림모-고급형(민감성)
5965,부드럽고 좋아요~~~잇몸에  자극없어요~~,20.04.05.,5,0,0,종류: 06 유아올슬림모(13개월-36개월)
5966,재구매2번째 구매입니다. 좋아요~~,20.04.11.,5,재구매,0,종류: 01 성인이중슬림모(보편적인)
5967,"칫솔 계속 고르고 있었는데 여기서 몇개사서 써보고 갠찬으면 대량 구매할려구했는데...
써보니 딱 내가 조아하는 스탈이네요 
칫솔을 들었을때 가로가 좁고 .. 이거 딱조아요 ..
칫솔이 두꺼운건 전 별로드라구욧 슬림하면서 모도 힘이있어서 잘닦여지네욧..일반모 이거 대량 사야게써요",20.02.14.,5,0,0,종류: 00 초미세모(매우부드러운)
5968,"상품잘받았읍니다.잇몸이 너무아팠는데 
부드러워서너무좋아요!",20.04.04.,4,0,0,종류: 00 초미세모(매우부드러운)
5969,칫솔모도 부드러워서 잇몸에서 피나는경우가없어졌어요 너무좋네요 가격도 저렴하고 단골해야겠어요,20.03.25.,5,0,0,종류: 05 어린이이중슬림모(7세-10세)
5970,교정치솔 구매하면서 성인용도 구매해봤네요!,20.03.17.,5,0,0,종류: 08 교정칫솔-슬림형
5971,교정치솔 구매하면서 성인용도 구매해봤네요!,20.03.17.,5,0,0,종류: 01 성인이중슬림모(보편적인)
5972,배송빠르고 후기 좋아서 사봤어요,20.04.07.,4,0,0,종류: 01 성인이중슬림모(보편적인)
5973,배송빠르고 후기 좋아서 사봤어요,20.04.07.,4,0,0,종류: 10 어금니-돔형
5974,배송빠르고 후기 좋아서 사봤어요,20.04.07.,4,0,0,종류: 12 해피덴-비타민이중슬림모(보편적인)
5975,배송빠르고 후기 좋아서 사봤어요,20.04.07.,4,0,0,종류: 07 교정칫솔-일반형
5976,배송빠르고 후기 좋아서 사봤어요,20.04.07.,4,0,0,종류: 09 어금니-일반형
5977,교정했는데 양치 잘 안 되는 곳을 닦기 젛아요,20.03.15.,5,0,0,종류: 10 어금니-돔형
5978,한달사용기재구매늘 사용하는 제품이에요 치과전용이라 믿을 수 있고 가격도 좋아서 매번 구입합니다 칫솔도 군더더기없이 심플하게 생겨서 넘 좋아요 어른 아이 모두 여기꺼 써요,20.02.27.,4,재구매,한달사용기,종류: 02 성인올슬림모-일반형(민감성)
5979,잘받았습니다.많이파세요,20.03.19.,5,0,0,종류: 02 성인올슬림모-일반형(민감성)
5980,아이둘 치카 잘하게 해준 제품입니다.,20.04.07.,5,0,0,종류: 5-1 너구리올슬림모(24개월-6세)
5981,생각보다 모 사이즈가 크더라구요 부드럽긴해요,20.03.11.,3,0,0,종류: 01 성인이중슬림모(보편적인)
5982,한달사용기잘 사용 하고 있어요!!!,20.04.11.,5,0,한달사용기,종류: 08 교정칫솔-슬림형
5983,"치아 음식물이 잘 닦여서 좋아요!!!
치석 제거도 잘되는듯!!",20.03.11.,5,0,0,종류: 00 성인일반모(단단한)
5984,재구매빨리 도착했어요. 잘쓰겠습니다,20.04.02.,4,재구매,0,종류: 03 성인올슬림모-고급형(민감성)
5985,칫솔조아요 쓰고시퍼요,20.04.05.,5,0,0,종류: 08 교정칫솔-슬림형
5986,임산부.당뇨.암환자전용 문구보고 놀랐네요~진짜 너무 부드럽습니다. 빳빳함이 전혀없고 모가 너무 심하게 부드럽네요~,20.03.22.,4,0,0,종류: 00 초미세모(매우부드러운)
5987,"어금니가 깨끗한 느낌이에용
사은품도좋아용 ㅋ 여행갈때유용할듯 합니당 
세규번식없을것같아요ㅋ
칫속색깔별로있어서 골라쓰기도좋은듯 ㅋ
양치하고 담날 입똥냄새안나용 ㅋ",20.02.25.,5,0,0,종류: 10 어금니-돔형
5988,시중에나와있는미세모보다칫솔사이도좁고모도부드러워서좋아요,20.03.10.,3,0,0,종류: 15 미소덴탈 숯올슬림모(민감성)
5989,한달사용기재구매항상 잘 쓰고 있어여 이번에는 파랑색도 왔는데 첨보는 색입니당 하나밖에 없는 거보면 레어템인가유 많이 파세요~~,20.03.06.,5,재구매,한달사용기,종류: 01 성인이중슬림모(보편적인)
5990,한달사용기부드러우면서도 칫솔모가 쉽게 망가지지 않아서 잘 쓰고 있어요.,20.04.02.,5,0,한달사용기,종류: 08 교정칫솔-슬림형
5991,교정중인 아들을 위해 어금니칫솔과 함께 구매했어요. 저렴하게 잘 샀네요. 잘 쓰겠습니다~^^,20.03.25.,5,0,0,종류: 07 교정칫솔-일반형
5992,칫솔모도 부럽고 좋아요,20.04.08.,5,0,0,종류: 14 미소덴탈 금올슬림모(민감성)
5993,"솔이 좀 쎄네요 살살 닦아야할것 같아요
짧아서 어금니까지 꼼꼼하게 닦을 수 있어서 좋네요",20.03.04.,4,0,0,종류: 00 성인일반모(단단한)
5994,배송이 넘 빨라서 좋았어요. 칫솔도 좋습니다.,20.03.30.,5,0,0,종류: 01 성인이중슬림모(보편적인)
5995,배송도빠르고 잘받았어요,20.04.07.,5,0,0,종류: 11 어금니-슬림형
5996,아이가 칫솔을 잘 물고 있어서 자주 교체해야하는데 지난번에 사서 써보고 좋아서 또 구매했답니다.,20.03.27.,5,0,0,종류: 05 어린이이중슬림모(7세-10세)
5997,배송은 빨라서 좋구용 ㅡ 모래시계 너무 약한것 같아요 ㅡ 뽁뽁이에 싸서 보내오셨지만 이미 깨져있네요 ㅡ 돈 날렸네요,20.03.07.,3,0,0,종류: 01 성인이중슬림모(보편적인)
5998,재구매신랑이 칫솔교체시기가 짧고 예민한 편이어서 칫솔 구매할때마다 신경쓰이는데요 이번 칫솔은 아주 만족하며 사용중이어서 재구매합니다. 계속해서 구매할듯 하네요. 건강유의하세요~,20.02.24.,5,재구매,0,종류: 15 미소덴탈 숯올슬림모(민감성)
5999,늘 쓰던건데 저렴하게 잘 샀어요,20.03.16.,5,0,0,종류: 05 어린이이중슬림모(7세-10세)
6000,늘 이곳에서 구매합니다 꼼꼼한 포장에 빠른배송 감사합니다,20.03.13.,5,0,0,종류: 08 교정칫솔-슬림형
6001,"저렴하게 잘 구입해서 잘 사용하고 있어요
부러워요",20.04.05.,4,0,0,종류: 03 성인올슬림모-고급형(민감성)
6002,재구매저번에 사고 재구매입니다,20.03.17.,5,재구매,0,종류: 08 교정칫솔-슬림형
6003,사은품도 주시고 좋앗어요ㅡ 양치도 엄청잘되고ㅡ하고나니까  많이시원하니 느낌도좋아요ㅡㅎ,20.03.12.,5,0,0,종류: 01 성인이중슬림모(보편적인)
6004,일반 칫솔만큼 손잡이가 길어서 좋아요,20.04.04.,5,0,0,종류: 09 어금니-일반형
6005,"한달사용기이 칫솔 한번쓰고 다른데꺼 못 쓸 듯요 개인적으로너무만족 
ㅂ부드러운데 힘도있어서 좋아요!",20.03.25.,5,0,한달사용기,종류: 02 성인올슬림모-일반형(민감성)
6006,어금니칫솔 슬림형은 부드럽고 일반형은 좀더단단해요,20.04.03.,5,0,0,종류: 09 어금니-일반형
6007,재구매교정하는아이땜에 샀는데  가족모두 더사서  쓰고있어요,20.03.11.,4,재구매,0,종류: 08 교정칫솔-슬림형
6008,계속 쓰던 제품이에요. 덮개 있어서 좋아요~,20.03.30.,5,0,0,종류: 08 교정칫솔-슬림형
6009,계속 쓰던 제품이에요~ 덮개 있어서 좋아요.,20.03.30.,5,0,0,종류: 09 어금니-일반형
6010,재구매좋아서 재구매합니다 굳,20.03.17.,5,재구매,0,종류: 10 어금니-돔형
6011,사용전 이라 잘모르겠지만  좋을거라 믿을께요,20.04.02.,4,0,0,종류: 03 성인올슬림모-고급형(민감성)
6012,늘 쓰던 제품이에요 모가 튼튼합니다,20.04.04.,5,0,0,종류: 07 교정칫솔-일반형
6013,"딱좋은 부드러움, 탄성!!^^ 좋아요~~ 다쓰면 재주문 확정이에요!~~",20.03.28.,5,0,0,종류: 01 성인이중슬림모(보편적인)
6014,아이칫솔 구매했어요. 치과전용이라 믿음이가요,20.03.08.,5,0,0,종류: 01 성인이중슬림모(보편적인)
6015,일반형보다 돔형이 쪼금 더 부드러워요 만족,20.03.14.,4,0,0,종류: 10 어금니-돔형
6016,배송 빠르고 좋았어요~,20.04.07.,5,0,0,종류: 03 성인올슬림모-고급형(민감성)
6017,늘 쓰던거에요 잘쓸께요,20.03.11.,5,0,0,종류: 05 어린이이중슬림모(7세-10세)
6018,만족해요 정말로 그래서 또 살게요,20.03.31.,4,0,0,종류: 10 어금니-돔형
6019,"한달사용기이중 미세모보다는 덜하지만,잘 닦여요.",20.03.14.,3,0,한달사용기,종류: 01 성인이중슬림모(보편적인)
6020,뚜껑이 없어서 좀 아쉬워요,20.04.05.,4,0,0,종류: 11 어금니-슬림형
6021,작아서 안쪽까지 양치하기 좋아요,20.04.04.,5,0,0,종류: 01 성인이중슬림모(보편적인)
6022,한달사용기배송빠르고 좋아요~~,20.04.08.,5,0,한달사용기,종류: 08 교정칫솔-슬림형
6023,한달사용기배송빠르고 좋아요~~,20.04.08.,5,0,한달사용기,종류: 07 교정칫솔-일반형
6024,"칫솔유목민인데
세정력도 좋고 잇몸에 자극없는 칫솔 어딧을까요 ..ㅜ",20.03.31.,4,0,0,종류: 00 성인일반모(단단한)
6025,종류별로 샀는데 잘쓰고 있어요~^^써보고 맞는걸로 더 시키려구요~!!,20.03.06.,5,0,0,종류: 12 해피덴-비타민이중슬림모(보편적인)
6026,"배송도 빠르고
칫솔모도 부드럽고 벌어짐도 
심하지 않아요~~",20.04.03.,5,0,0,종류: 01 성인이중슬림모(보편적인)
6027,치과칫솔좋을것같아서 구입했어요 사용해볼게요 ㅎ,20.03.07.,4,0,0,종류: 01 성인이중슬림모(보편적인)
6028,만족해요 정말 다음에 또,20.03.31.,4,0,0,종류: 14 미소덴탈 금올슬림모(민감성)
6029,만족해요 정말 다음에 또,20.03.31.,4,0,0,종류: 01 성인이중슬림모(보편적인)
6030,잇몸에 자극이 없어서 제일 잘 사용중인 칫솔이에요.,20.04.01.,5,0,0,종류: 04 어린이올슬림모(24개월-6세)
6031,치과에서 주는거랑비슷해요,20.04.04.,5,0,0,종류: 09 어금니-일반형
6032,"재구매원래쓰던거라 재구매했어요
크기도  모도 맘에들어요",20.03.27.,4,재구매,0,종류: 04 어린이올슬림모(24개월-6세)
6033,"두번째 주문입니다.
배송도 빠르고 품질도 좋아요.",20.04.03.,4,0,0,종류: 07 교정칫솔-일반형
6034,"두번째 주문입니다.
배송도 빠르고 품질도 좋아요.",20.04.03.,4,0,0,종류: 08 교정칫솔-슬림형
6035,배송이 빠르고 모가 튼튼합니다,20.04.04.,4,0,0,종류: 13 해피덴-비타민올슬림모(민감성)
6036,배송빠르고 좋아요 잘쓸게용,20.04.04.,5,0,0,종류: 08 교정칫솔-슬림형
6037,배송ㅃ/ㅏ르고 좋아요~~~,20.04.09.,5,0,0,종류: 00 성인일반모(단단한)
6038,배송ㅃ/ㅏ르고 좋아요~~~,20.04.09.,5,0,0,종류: 02 성인올슬림모-일반형(민감성)
6039,배송ㅃ/ㅏ르고 좋아요~~~,20.04.09.,5,0,0,종류: 01 성인이중슬림모(보편적인)
6040,재구매항상 잘 사용하고 있어요~부드러워서 좋아요,20.03.29.,5,재구매,0,종류: 01 성인이중슬림모(보편적인)
6041,항상쓰는 제품입니다.,20.04.07.,5,0,0,종류: 05 어린이이중슬림모(7세-10세)
6042,재구매잘쓰고있어요~~감사합니다,20.03.11.,4,재구매,0,종류: 03 성인올슬림모-고급형(민감성)
6043,잇몸이 약해서 구입했는데.괜찮네요,20.04.03.,5,0,0,종류: 03 성인올슬림모-고급형(민감성)
6044,부드럽고 가격도 좋아요,20.04.05.,4,0,0,종류: 08 교정칫솔-슬림형
6045,종류가 다양해서 좋았는데 그중 가장 부드러운 미세모로만 여러개 구입했습니다. 하나씩 써보고 제일 괜찮은 제품으로 재구매하려고요^^,20.03.16.,5,0,0,종류: 00 초미세모(매우부드러운)
6046,잘닦여요 꼼꼼하게 닦는데 좋네요,20.03.31.,4,0,0,종류: 09 어금니-일반형
6047,포장도 꼼꼼히 해주셔서 더욱 믿음직스럽네용!! 사랑니 하나가 비스듬히 나서 닦기가 어려웠는데 한 번 써보려고영! 감사합니다~~!,20.02.27.,5,0,0,종류: 10 어금니-돔형
6048,"아이들 치아관리용으로 어금니칫솔 사용중입니다. 
슬림형 썼었는데 이번에 일반형으로 샀더니 
더 좋네요 단단해서 아이들 어금니에 끼인 것들 제거가 용이합니다.",20.02.25.,5,0,0,종류: 09 어금니-일반형
6049,생각했던것보다미니멈한사이즈네요 이빨안쪽이작아서 다른칫솔로는잘안닦이는데 약하지않고아프지않게적당하게잘닦이네요 잘쓸게요,20.02.25.,5,0,0,종류: 10 어금니-돔형
6050,"좋아요 
잘사용 하겠습니다",20.04.05.,5,0,0,종류: 11 어금니-슬림형
6051,모가 부드러워서 잇몸 약하신분이 사용하기 적합해요,20.03.30.,5,0,0,종류: 02 성인올슬림모-일반형(민감성)
6052,재구매아주좋아요 아주좋아요 아주좋아요 아주좋아요,20.04.07.,5,재구매,0,종류: 00 초미세모(매우부드러운)
6053,치아상태에따라종루별선택좋아요,20.03.05.,5,0,0,종류: 02 성인올슬림모-일반형(민감성)
6054,"전 작은 칫솔 조아해서 유아용으로도 시켜 봣어요..
유아용 .일반성인용 . 어금니용 이렇게 사서 써보고 난중에 조았던걸로 대량 구매할려구욧..전 일반성인용이 낫더라구용 쓰고버리고 하게 사러오겠응니다",20.02.14.,5,0,0,종류: 06 유아올슬림모(13개월-36개월)
6055,슬림형보단 돔형이 단단해서 좋아요,20.04.03.,5,0,0,종류: 10 어금니-돔형
6056,강아지 이닦아줄려고샀어요,20.04.03.,5,0,0,종류: 06 유아올슬림모(13개월-36개월)
6057,잇몸에 자극 없고 좋아요~~~,20.04.05.,5,0,0,종류: 05 어린이이중슬림모(7세-10세)
6058,배송 빠르고 좋아요,20.03.16.,5,0,0,종류: 03 성인올슬림모-고급형(민감성)
6059,배송도 빠르고 좋아요,20.04.04.,5,0,0,종류: 10 어금니-돔형
6060,배송도 빠르고 좋아요,20.04.04.,5,0,0,종류: 09 어금니-일반형
6061,배송도 빠르고 좋아요,20.04.04.,5,0,0,종류: 5-2 너구리이중슬림모(7세-10세)
6062,"항상 사용하던 제품 입니다.
20000원 이상 무료배송이라 좋네요",20.03.10.,4,0,0,종류: 02 성인올슬림모-일반형(민감성)
6063,사용 전이지만 저렴하게 잘 구입한 것 같아요. 원래 버터에서 여러개 들어있는 통 쓰다가 온라인으로 처음 구매해보아요,20.02.25.,5,0,0,종류: 02 성인올슬림모-일반형(민감성)
6064,재구매넉넉하게사서  가족모두 잘쓰고있어요,20.03.11.,4,재구매,0,종류: 14 미소덴탈 금올슬림모(민감성)
6065,한달사용기좋아요. 잘 사용했어요. 다시 구매할게요.,20.03.30.,5,0,한달사용기,종류: 15 미소덴탈 숯올슬림모(민감성)
6066,칫솔모가 부드럽고 3년째 계속쓰고있어요,20.03.31.,5,0,0,종류: 05 어린이이중슬림모(7세-10세)
6067,치과에서 파는거랑 똑같아용 저렴해서 구매했어용,20.03.03.,5,0,0,종류: 08 교정칫솔-슬림형
6068,가성비 좋은거 같네요. 더 살걸 그랬어요,20.03.28.,5,0,0,종류: 15 미소덴탈 숯올슬림모(민감성)
6069,늘 쓰던건데 저렴히 샀어오ㅓ,20.03.16.,5,0,0,종류: 01 성인이중슬림모(보편적인)
6070,너무만족해요 제가 선물도받고 너무 감사합니다,20.03.05.,5,0,0,종류: 03 성인올슬림모-고급형(민감성)
6071,칫솔이 작아서 어금니 뒤쪽이 잘 닦입니다 ㅎㅎ 다음에 또 구매할게요,20.03.03.,5,0,0,종류: 09 어금니-일반형
6072,좀 뻣뻣해요~~~~,20.03.20.,4,0,0,종류: 10 어금니-돔형
6073,"배송 빠르네요 주문 다음날 수령했습니다
딱 제가 원하던 칫솔모 입니다 
부드럽게 잘닦이네요
많이 파세요~",20.03.19.,5,0,0,종류: 01 성인이중슬림모(보편적인)
6074,치과에서 받은 교정칫솔이 너무 크고 거칠어서 이걸로 구매했어요 입안이 안 아프고 잘 닦여서 좋아요,20.03.19.,5,0,0,종류: 08 교정칫솔-슬림형
6075,한달사용기항상재구매해서 잘쓰고있어여 잘쓸께요,20.03.12.,5,0,한달사용기,종류: 08 교정칫솔-슬림형
6076,가족들이 잘 쓰고있어요^^,20.04.04.,5,0,0,종류: 09 어금니-일반형
6077,가족들이 잘 쓰고있어요^^,20.04.04.,5,0,0,종류: 01 성인이중슬림모(보편적인)
6078,가족들이 잘 쓰고있어요^^,20.04.04.,5,0,0,종류: 10 어금니-돔형
6079,칫솔이 작아서 구석구석 닦기 편하네요 ㅋㅋ 다음번에 또 구매할게요,20.03.03.,5,0,0,종류: 10 어금니-돔형
6080,종류가 다양해서 부드러운 미세모로만 여러개 구입했습니다. 하나씩 써보고 제일 괜찮은 제품으로 재구매하려고요^^,20.03.16.,5,0,0,종류: 03 성인올슬림모-고급형(민감성)
6081,한달사용기사랑니 때문에 구입해서 잘 사용하고 있습니다.,20.03.30.,5,0,한달사용기,종류: 11 어금니-슬림형
6082,잘쓸께요 저렴하고 좋아요,20.03.10.,5,0,0,종류: 01 성인이중슬림모(보편적인)
6083,빠른배송감사합니다 부드러워요,20.03.11.,5,0,0,종류: 03 성인올슬림모-고급형(민감성)
6084,빠른배송감사합니다 부드러워요,20.03.11.,5,0,0,종류: 02 성인올슬림모-일반형(민감성)
6085,한달사용기이도 잘닦이고 너무 좋아요~^^,20.03.14.,5,0,한달사용기,종류: 03 성인올슬림모-고급형(민감성)
6086,한달사용기항상재구매해서 잘쓰고있어요,20.03.12.,5,0,한달사용기,종류: 01 성인이중슬림모(보편적인)
6087,"빠른배송,부드러운 칫솔모 너무 맘에 듭니다.재구매의사 있습니다.",20.03.22.,4,0,0,종류: 01 성인이중슬림모(보편적인)
6088,모가 잘닦이고 부드러워요!,20.04.03.,5,0,0,종류: 14 미소덴탈 금올슬림모(민감성)
6089,늘 사용하는 제품입니다 모 크기가 작아서 좋아요 사은품도 잘받았습니다,20.02.29.,5,0,0,종류: 01 성인이중슬림모(보편적인)
6090,"재구매재구매했어요
전체적으로맘에들어요",20.03.27.,4,재구매,0,종류: 02 성인올슬림모-일반형(민감성)
6091,"세번째 재구매 입니다. 다른 칫솔도 써봤는데 요 칫솔이 제일제일괜찮은거 같습니다 막쓰기도 부담없고, 잘 부러지지도 않구요, 같은 가격의 칫솔은 세게 힘주면 잘 부러지거든요ㅠ

암튼 좋습니다.",20.03.12.,5,0,0,종류: 03 성인올슬림모-고급형(민감성)
6092,한달사용기이도 잘 닦이고 너무 좋아요~~^^,20.03.14.,5,0,한달사용기,종류: 05 어린이이중슬림모(7세-10세)
6093,여러 종류중 부드러운 미세모로만 골라서 구입했습니다. 하나씩 써보고 제일 괜찮은 제품으로 재구매하려고요^^,20.03.16.,5,0,0,종류: 14 미소덴탈 금올슬림모(민감성)
6094,교정중이라서 여러가지 써봤는데 어금니칫솔은 처음이예요. 잘 쓸게요. 모의 상태는 아주 좋네요.,20.03.18.,5,0,0,종류: 09 어금니-일반형
6095,포장도 꼼꼼하게 잘 되어있고 좋아요,20.03.10.,4,0,0,종류: 04 어린이올슬림모(24개월-6세)
6096,최고예요보들하고 시중칫솔이랑달라매번  치과칫솔주문해사용해요,20.03.07.,5,0,0,종류: 01 성인이중슬림모(보편적인)
6097,재구매재구매입니다. 가격대비 품질이 좋아요. 칫솔 자주 교체하는 신랑도 만족해해서 앞으로 재주문할 듯 합니다.,20.02.24.,5,재구매,0,종류: 01 성인이중슬림모(보편적인)
6098,가격도저렴하고좋아요,20.04.02.,5,0,0,종류: 03 성인올슬림모-고급형(민감성)
6099,아이들깜 첨써봐요 잘쓸께뇨,20.03.11.,5,0,0,종류: 01 성인이중슬림모(보편적인)
6100,한달사용기사랑니 때문에 구입해서 잘 쓰는중 입니다.,20.03.30.,5,0,한달사용기,종류: 10 어금니-돔형
6101,칫솔모가 딱딱해서 잘 세정이 될 것 같아요,20.03.09.,5,0,0,종류: 09 어금니-일반형
6102,모가부드럽고 잘 닦여요!,20.04.03.,5,0,0,종류: 03 성인올슬림모-고급형(민감성)
6103,"재구매남편이 쓰기 딱 좋다고 합니다
어느정도 힘 있어요",20.03.08.,5,재구매,0,종류: 03 성인올슬림모-고급형(민감성)
6104,모가 부드럽고 잘닦여요!,20.04.03.,5,0,0,종류: 15 미소덴탈 숯올슬림모(민감성)
6105,모가 부드럽고 잘닦여요!,20.04.03.,5,0,0,종류: 00 성인일반모(단단한)
6106,"참 좋은 제품입니다
추천해요~
제품도 가격도 굿굿굿",20.03.05.,5,0,0,종류: 02 성인올슬림모-일반형(민감성)
6107,올슬림모 일반형과 고급형 (민감성) 섞어서 주문했는데 패키지에는 구분이 안되어 있네요. 제대로 온게 맞는지...,20.02.25.,4,0,0,종류: 03 성인올슬림모-고급형(민감성)
6108,"치과에서 치간 칫솔질 알려주었는데 이 칫솔로 하니 잘 됩니다
여럿 칫솔 사용해보았는데 별루였는데
만족해요",20.03.22.,3,0,0,종류: 12 해피덴-비타민이중슬림모(보편적인)
6109,어른이 쓰는 좋아요,20.04.03.,5,0,0,종류: 03 성인올슬림모-고급형(민감성)
6110,안쪽 구석구석 사랑니있는곳까지 깨끗이 닦을수있어 너무 좋아요!!,20.03.05.,5,0,0,종류: 10 어금니-돔형
6111,많이 파세요 잘 받았습니다,20.04.01.,5,0,0,종류: 03 성인올슬림모-고급형(민감성)
6112,잘받았습니다 많이 파세요,20.04.01.,5,0,0,종류: 00 초미세모(매우부드러운)
6113,가장 부드러운 미세모로만 여러개 구입했습니다. 하나씩 써보고 제일 괜찮은 제품으로 재구매하려고요^^,20.03.16.,5,0,0,종류: 13 해피덴-비타민올슬림모(민감성)
6114,포장상태좋고 유아용 헤드는작고 손잡이는 긴편이에요,20.03.07.,5,0,0,종류: 06 유아올슬림모(13개월-36개월)
6115,제가 원하던 사이즈라서 너무좋아요,20.03.09.,5,0,0,종류: 12 해피덴-비타민이중슬림모(보편적인)
6116,"치과에서 받은 치솔 보다 더 깨끗이 닦인다고 딸아이가 좋아했어요^^
휴대하기 좋게 여러게 구매했습니다^^",20.01.22.,5,0,0,종류: 07 교정칫솔-일반형
6117,한달사용기부드러워서 쓰기 좋아요,20.04.02.,5,0,한달사용기,종류: 11 어금니-슬림형
6118,너무 좋아요 편하고 좋아요,20.03.11.,5,0,0,종류: 09 어금니-일반형
6119,재구매올슬림모와 이중슬림모 번갈아 사용하려고 재구매했습니다. 가격대비 품질이 좋아 앞으로도 재구매할 생각입니다.,20.02.24.,5,재구매,0,종류: 02 성인올슬림모-일반형(민감성)
6120,한달사용기늘 사용하는 제품 만족해요,20.04.01.,5,0,한달사용기,종류: 09 어금니-일반형
6121,양치하기좋아요 모가 부드럽고 잘닦여요,20.03.25.,5,0,0,종류: 00 초미세모(매우부드러운)
6122,아이들이 치아에 사용하기 좋아요.,20.03.10.,5,0,0,종류: 05 어린이이중슬림모(7세-10세)
6123,잘받았어요 많이 파세요,20.04.01.,5,0,0,종류: 01 성인이중슬림모(보편적인)
6124,괜찮아요!!!!!!!,20.03.20.,4,0,0,종류: 09 어금니-일반형
6125,칫솔이 좀 약해요.,20.03.14.,3,0,0,종류: 08 교정칫솔-슬림형
6126,올슬림모 일반형과 고급형 섞어서 주문했는데 패키지에는 구분이 안되어 있네요. 제대로 온게 맞는지...,20.02.25.,4,0,0,종류: 02 성인올슬림모-일반형(민감성)
6127,간편하고 사용하기 좋아요,20.03.11.,5,0,0,종류: 10 어금니-돔형
6128,다음에 또 살께요 좋습니다,20.03.31.,4,0,0,종류: 13 해피덴-비타민올슬림모(민감성)
6129,재구매부드럽고 가격도 착해서 만족스러워요~,20.03.29.,5,재구매,0,종류: 02 성인올슬림모-일반형(민감성)
6130,걱정했는데 아주 만독해요,20.03.31.,4,0,0,종류: 03 성인올슬림모-고급형(민감성)
6131,한달사용기빠른 배송 항상 만족합니다.,20.04.01.,4,0,한달사용기,종류: 07 교정칫솔-일반형
6132,한달사용기빠른 배송 항상 만족합니다.,20.04.01.,5,0,한달사용기,종류: 08 교정칫솔-슬림형
6133,한달사용기편하게 잘 쓰고 있어요 ㅎㅎ,20.04.03.,5,0,한달사용기,종류: 14 미소덴탈 금올슬림모(민감성)
6134,음 생각했던 것 보단 좀 다르지만 좋습니다.,20.03.08.,4,0,0,종류: 00 초미세모(매우부드러운)
6135,"개별포장 잘 되어있어요
미세모보다 약간 단단한 모가 양치할때 개운해서 구매해보았어요",20.03.22.,3,0,0,종류: 01 성인이중슬림모(보편적인)
6136,재구매교정칫솔 저렴하게 구입 했어요,20.03.30.,5,재구매,0,종류: 07 교정칫솔-일반형
6137,재구매교정칫솔 저렴하게 구입했어요,20.03.30.,4,재구매,0,종류: 08 교정칫솔-슬림형
6138,저희부부가 항상 사용하는 칫솔입니다~~색상도 나누어져있어서~~너무좋아요~~^^,20.02.21.,5,0,0,종류: 03 성인올슬림모-고급형(민감성)
6139,평이 좋아서 사보았어요,20.03.11.,4,0,0,종류: 04 어린이올슬림모(24개월-6세)
6140,"칫솔 잘  사용하고 있어요~
미세모로 구석구석 잘 닦인답니다~",20.03.22.,4,0,0,종류: 11 어금니-슬림형
6141,아이들은 칫솔을 깨무는 행동을 해서 자주 교체해줬는데 저렴해서 좋네요,20.03.03.,5,0,0,종류: 04 어린이올슬림모(24개월-6세)
6142,재구매넘 좋아요 재구매입니다,20.03.26.,5,재구매,0,종류: 01 성인이중슬림모(보편적인)
6143,한달사용기우리아들이 넘 잘 사용하고있어요,20.03.08.,5,0,한달사용기,종류: 07 교정칫솔-일반형
6144,이전에 쓰던거 보다 부드러워서 아이가 아파하지 않고 닦아주면 잘 따라주네요,20.03.22.,5,0,0,종류: 06 유아올슬림모(13개월-36개월)
6145,늘 쓰던거예요 조아요,20.03.31.,5,0,0,종류: 01 성인이중슬림모(보편적인)
6146,아이가 교정중이여서 교정칫솔 구매했어요.,20.03.08.,5,0,0,종류: 07 교정칫솔-일반형
6147,아이가 교정중이여서 교정칫솔 구매했어요.,20.03.08.,5,0,0,종류: 09 어금니-일반형
6148,구석구석 양치하기에 좋습니다~,20.03.09.,5,0,0,종류: 00 초미세모(매우부드러운)
6149,"처음 구매했는데
이물질이 안껴서 너무 좋아용
계속 이용할게요~",20.03.04.,5,0,0,종류: 05 어린이이중슬림모(7세-10세)
6150,걱정했는데 만족해요,20.03.31.,4,0,0,종류: 13 해피덴-비타민올슬림모(민감성)
6151,걱정했는데 만족해요,20.03.31.,4,0,0,종류: 14 미소덴탈 금올슬림모(민감성)
6152,걱정했는데 만족해요,20.03.31.,4,0,0,종류: 02 성인올슬림모-일반형(민감성)
6153,"어금니 형 굿굿굿
사랑니 땜에 삿는데.. 사랑니가 삐뚤게나서 닦는게 넘넘 힘들었는데 이거 사고 난뒤..  확실히 간편하게 깨끗이 닦이네욧 
왜 이제 알았는지 몰라 
진즉 살껄 그랬네요 ㄷ주천",20.02.17.,5,0,0,종류: 09 어금니-일반형
6154,한달사용기교정할때는 필수품..,20.04.02.,5,0,한달사용기,종류: 10 어금니-돔형
6155,가격도 저렴하고 좋아요,20.03.10.,4,0,0,종류: 00 성인일반모(단단한)
6156,포장도꼼꼼하고 좋아요,20.03.10.,4,0,0,종류: 05 어린이이중슬림모(7세-10세)
6157,꼼꼼하고 빠르게 배송되었어요. 늘 쓰던거라 만족해요. 개인적으로 칫솔마다 있는 캡이랑 겉 비닐 포장지는 좀 없애던가 선택사항이면 좋겠네요. 그 캡을 다 쓰는 것도 아니고 아이가 셋이라 양도 많아서 그냥 버리게 되요. 낭비고 쓰레기라...ㅎㅎ,20.02.03.,4,0,0,종류: 04 어린이올슬림모(24개월-6세)
6158,몇주째 사용하고 있는데 모도 부드럽고 저렴하게 잘산것 같아요ㅎㅎ,20.03.03.,5,0,0,종류: 14 미소덴탈 금올슬림모(민감성)
6159,좋아요 편하고 좋아요,20.03.11.,5,0,0,종류: 11 어금니-슬림형
6160,첨써보는 돔형~사용법을 제가 잘 모르는지..일반칫솔이 더 잘 닦이는 느낌입니다.,20.03.22.,4,0,0,종류: 10 어금니-돔형
6161,"재구매항상 쓰던 제품입니다. 
아이가 교정을 하게 되어 사게 되었는데, 역시나 좋네요..
많이 파세요~",20.03.16.,5,재구매,0,0
6162,좋아요~~!~!~!!!!~!!,20.03.20.,4,0,0,종류: 07 교정칫솔-일반형
6163,큰 아이랑 같이 쓰려고 주문했는데 헤드가 길어서 맘에 들어요,20.03.03.,5,0,0,종류: 13 해피덴-비타민올슬림모(민감성)
6164,재구매배송도빠르고 쓰던거라 재구매했어요,20.03.27.,4,재구매,0,종류: 01 성인이중슬림모(보편적인)
6165,생각보다 좋아요 만족해요,20.03.31.,4,0,0,종류: 11 어금니-슬림형
6166,재구매좋습니다 잘쓸깨요 감사합니다,20.03.08.,5,재구매,0,종류: 01 성인이중슬림모(보편적인)
6167,"여기칫솔만 사용합니다 
확실히 잇몸이 덜 아파요",20.03.05.,5,0,0,종류: 03 성인올슬림모-고급형(민감성)
6168,배송이 넘 빨라서 좋아요.,20.03.30.,5,0,0,종류: 05 어린이이중슬림모(7세-10세)
6169,여러제품 사용해보려구 구매해봤습니다.,20.03.28.,4,0,0,종류: 14 미소덴탈 금올슬림모(민감성)
6170,교정칫솔이 너무 좋아요,20.03.09.,5,0,0,종류: 07 교정칫솔-일반형
6171,"늘 쓰고 있는 제품입니다.
가격도 품질도 만족합니다",20.03.26.,5,0,0,종류: 03 성인올슬림모-고급형(민감성)
6172,가격대비 부드럽고 좋습니다!,20.03.29.,4,0,0,종류: 08 교정칫솔-슬림형
6173,물건잘받았어요 잘쓸께여,20.03.05.,5,0,0,종류: 10 어금니-돔형
6174,좋아요 잘쓰겠습니다,20.03.09.,5,0,0,종류: 01 성인이중슬림모(보편적인)
6175,"일반칫솔 쓰다가 교정칫솔로 바꾼건게 역시 교정인에게는 교정칫솔이 짱이네여,, 행복",20.03.02.,5,0,0,종류: 07 교정칫솔-일반형
6176,재구매잘사용하겠습니다 ㆍ,20.04.02.,5,재구매,0,종류: 01 성인이중슬림모(보편적인)
6177,재구매잘사용하겠습니다 ㆍ,20.04.02.,5,재구매,0,종류: 00 초미세모(매우부드러운)
6178,"한달사용기딸이 늘 애용하고 있습니다.
교정 중이라 많이 헤프거든요.",20.03.04.,5,0,한달사용기,종류: 08 교정칫솔-슬림형
6179,좋아요 원하는 칫솔이에요,20.03.08.,5,0,0,종류: 00 성인일반모(단단한)
6180,좋아요 원하는 칫솔이에요,20.03.08.,5,0,0,종류: 10 어금니-돔형
6181,칫솔 사용하고 있는데 부드럽고 작아서 양치하기 편해요!,20.03.03.,5,0,0,종류: 02 성인올슬림모-일반형(민감성)
6182,"가격좋고
치과 칫솔만큼 좋네요",20.03.28.,5,0,0,종류: 08 교정칫솔-슬림형
6183,어금니 안쪽까지 깨끗이 닦을수있어요 강추!!,20.03.05.,5,0,0,종류: 09 어금니-일반형
6184,종류도 많고 해서 그런지 정말 좋더라구요,20.03.05.,5,0,0,종류: 02 성인올슬림모-일반형(민감성)
6185,재구매했어요~ 치솔 좋아요~,20.03.27.,5,0,0,종류: 03 성인올슬림모-고급형(민감성)
6186,재구매매번 구매해요 배송도 빨라요,20.03.24.,5,재구매,0,종류: 07 교정칫솔-일반형
6187,재구매저렴하고 배송빨라요~~^^,20.03.11.,4,재구매,0,종류: 00 초미세모(매우부드러운)
6188,"재구매늘쓰던거요.
이것만써요",20.03.09.,5,재구매,0,종류: 00 초미세모(매우부드러운)
6189,한달사용기백프로 완전 미세모는 저랑 별로안맞았어요 이렇게 부들부들 할줄은 몰랐습니다. 치태도 제거할수잇는 중간모도 섞여있는게 더 좋은것 같아요!,20.03.08.,3,0,한달사용기,종류: 03 성인올슬림모-고급형(민감성)
6190,부드러워서 맘에 들고 애들 것도 사봤어요,20.03.04.,5,0,0,종류: 06 유아올슬림모(13개월-36개월)
6191,칫솔 몆주째 사용하고 있는데 부드럽고 작아서 사용하기 좋네요ㅎㅎ,20.03.03.,5,0,0,종류: 03 성인올슬림모-고급형(민감성)
6192,칫솔모 부드럽고 좋아요,20.03.08.,4,0,0,종류: 5-1 너구리올슬림모(24개월-6세)
6193,칫솔모 부드럽고 좋아요,20.03.08.,4,0,0,종류: 03 성인올슬림모-고급형(민감성)
6194,칫솔모 부드럽고 좋아요,20.03.08.,4,0,0,종류: 06 유아올슬림모(13개월-36개월)
6195,"대량구매
종류도 많고 해서 그런지 좋아요.",20.03.05.,5,0,0,종류: 01 성인이중슬림모(보편적인)
6196,"배송도 엄청나게 빠르고
교정칫솔인데 부드러운거같아서 좋아요!
치과에서 산 교정칫솔은 딱딱해서
앞니 교정기에 껴서 칫솔모가 빠지더라구요,,
아프기도하고ㅜㅜ
주문한거는 부드러운 칫솔이라 괜찮을거같은데
써보고서 괜찮으면 재주문 할게요~~",20.02.11.,5,0,0,종류: 08 교정칫솔-슬림형
6197,포장상태좋고 사용 편해요,20.03.07.,5,0,0,종류: 01 성인이중슬림모(보편적인)
6198,배송8점ᆢ가성비9점ᆢ포장8점,20.03.10.,4,0,0,종류: 01 성인이중슬림모(보편적인)
6199,"재구매계속 사용하던거라 재구매해요.
문안하게 사용해요.",20.03.22.,4,재구매,0,종류: 05 어린이이중슬림모(7세-10세)
6200,좋아요 부드럽고 잘 닦여요,20.03.04.,5,0,0,종류: 02 성인올슬림모-일반형(민감성)
6201,애기도 사용해보고 싶어서 구매했어요,20.03.04.,5,0,0,종류: 04 어린이올슬림모(24개월-6세)
6202,"오프라인에서 미소덴탈 칫솔 너무 좋아서 꾸준히 사용하고있다가 온라인에서 좀더 저렴하게 팔길래 주문해보았습니다
이번에는 다른종류를 사봤는데 이전만큼 좋길 바래봅니다",20.03.10.,5,0,0,종류: 06 유아올슬림모(13개월-36개월)
6203,"사은품까지
포장부터믿음이가네요",20.03.05.,5,0,0,종류: 00 성인일반모(단단한)
6204,잘 쓰고 있습니다 만족해요,20.03.07.,5,0,0,종류: 01 성인이중슬림모(보편적인)
6205,아직사용전인데요 솔이 부드럽네요,20.03.22.,5,0,0,종류: 04 어린이올슬림모(24개월-6세)
6206,열심히 쭈욱 사용해보겠습니다,20.03.06.,4,0,0,종류: 11 어금니-슬림형
6207,"배송이 엄청 빨라요!ㅎㅎ
사용감도 좋구요!ㅎㅎ",20.03.03.,5,0,0,종류: 10 어금니-돔형
6208,칫솔모가 부드러워서 좋ㄱ요~~잘닦이는느낌~,20.03.28.,5,0,0,종류: 01 성인이중슬림모(보편적인)
6209,저렴하고 좋아서 여러개 구입했어요~~,20.03.26.,5,0,0,종류: 03 성인올슬림모-고급형(민감성)
6210,돔형만 써봤는데 일반형도 하나 구입했어요 많이 파세요,20.03.23.,5,0,0,종류: 09 어금니-일반형
6211,재구매항상 잘 사용하고 있어요,20.03.28.,5,재구매,0,종류: 14 미소덴탈 금올슬림모(민감성)
6212,재구매재재재구매 입니다. 가격좋고 사이즈도 좋습니다,20.02.27.,5,재구매,0,종류: 01 성인이중슬림모(보편적인)
6213,"사랑니 닦을려고 삿는데..  상당히 조아욧..

사랑니가 약간 한쪽이 삐뚤하게 나서 항상 작은 칫솔로 닦았는데..먼가가 모지르다 라고 느꼇는데..
이건 완벽해요..깨끗이 잘닦입니다 
왕대박 추천",20.02.14.,5,0,0,종류: 12 해피덴-비타민이중슬림모(보편적인)
6214,좋아요 너무좋아요  또사러올께요,20.03.25.,5,0,0,종류: 07 교정칫솔-일반형
6215,"항상쓰던 제품이에요
이름 기재되어 있는거 사용했었는데
이번에 같은제품 이름 없는것도 팔길래 구매해봤네요
20개라 한달에 하나씩 교체해주며 사용하기 부담없네요",20.02.21.,5,0,0,종류: 04 어린이올슬림모(24개월-6세)
6216,배송도 빠르고 좋아요,20.03.28.,4,0,0,종류: 03 성인올슬림모-고급형(민감성)
6217,한달사용기좋습니다. 만족해요.,20.03.30.,5,0,한달사용기,종류: 01 성인이중슬림모(보편적인)
6218,배송이 너무 빨라요 좋아요,20.03.29.,3,0,0,종류: 10 어금니-돔형
6219,배송이 너무 빨라요 좋아요,20.03.29.,3,0,0,종류: 11 어금니-슬림형
6220,배송이 너무 빨라요 좋아요,20.03.29.,3,0,0,종류: 03 성인올슬림모-고급형(민감성)
6221,배송이 너무 빨라요 좋아요,20.03.29.,3,0,0,종류: 09 어금니-일반형
6222,꾸준하게 사용해보겠습니다,20.03.06.,4,0,0,종류: 13 해피덴-비타민올슬림모(민감성)
6223,왕 만족이예요. 잘 샀어요. 당분간 든든하게 사용 할 것 ㅅ같아요 감사합니다.,20.03.18.,5,0,0,종류: 07 교정칫솔-일반형
6224,빠른배송감사합니다^^,20.03.29.,5,0,0,종류: 07 교정칫솔-일반형
6225,초등 학교 준비물로 준비했음,20.03.28.,4,0,0,종류: 05 어린이이중슬림모(7세-10세)
6226,"아이들 칫솔 구매도 여기서.. 
초등 아이 칫솔 마모 심해 저렴히 구해봅니다",20.03.22.,3,0,0,종류: 05 어린이이중슬림모(7세-10세)
6227,한달사용기칫솔간격이 넓지않아 어금니쪽 잇몸마사지하기 수월합니다 올바른 칫솔질로 소중한 치아를 지키시기 바랍니다,20.02.23.,5,0,한달사용기,종류: 03 성인올슬림모-고급형(민감성)
6228,싸서 좋아요 질도 좋구,20.03.23.,5,0,0,종류: 07 교정칫솔-일반형
6229,재구매몇번째 재구매하는지 모르겠어요... 이거쓰니 다른칫솔 못써요.....,20.02.27.,5,재구매,0,종류: 10 어금니-돔형
6230,재구매항상 잘 사용중 입니다,20.03.28.,5,재구매,0,종류: 03 성인올슬림모-고급형(민감성)
6231,여기 칫솔만 사용합니다 좋아요,20.03.05.,5,0,0,종류: 04 어린이올슬림모(24개월-6세)
6232,한달사용기적극 추천합니다~~,20.03.30.,5,0,한달사용기,종류: 04 어린이올슬림모(24개월-6세)
6233,한달사용기적극 추천합니다~~,20.03.30.,5,0,한달사용기,종류: 01 성인이중슬림모(보편적인)
6234,칫솔모 부드러워서 아이가 아프지 않다고 하네요~ 치과에서 준것은 아파하고 잇몸까지길래 구매했어요,20.03.11.,5,0,0,종류: 08 교정칫솔-슬림형
6235,신랑이 이가 안좋아서 어금니에 자주 껴서 사봤는데 괜찮다네요~~써보고 또 주문할께요,20.02.22.,5,0,0,종류: 01 성인이중슬림모(보편적인)
6236,사용후  재구매의향있어요,20.03.26.,5,0,0,종류: 01 성인이중슬림모(보편적인)
6237,물건잘받았어요 잘쓸께요!,20.03.05.,5,0,0,종류: 11 어금니-슬림형
6238,좋아요 잘 쓰겠어요,20.03.10.,4,0,0,종류: 02 성인올슬림모-일반형(민감성)
6239,한달사용기칫솔모가 적당하네요~,20.03.28.,4,0,한달사용기,종류: 01 성인이중슬림모(보편적인)
6240,"이거  일일이 써야되는군요,,,,
슬림형 교정  칫솔좋아요",20.03.19.,5,0,0,종류: 09 어금니-일반형
6241,재구매길어서 너무 편리해요 ! 이제 긴걸로 정착했어요,20.02.27.,5,재구매,0,종류: 13 해피덴-비타민올슬림모(민감성)
6242,좋아용  좋아요  좋아요,20.04.19.,5,0,0,종류: 03 성인올슬림모-고급형(민감성)
6243,모도 부드럽고 작아서 양치질 하기 편해요 ㅎㅎ,20.03.03.,5,0,0,종류: 15 미소덴탈 숯올슬림모(민감성)
6244,자주구매할께요 감사해여,20.03.05.,5,0,0,종류: 09 어금니-일반형
6245,배송이 좀  느리긴게 아쉬워요 가격만큼이예요,20.03.18.,4,0,0,종류: 03 성인올슬림모-고급형(민감성)
6246,좋아요. 아주아주 잘 닦여요~,20.03.05.,5,0,0,종류: 00 성인일반모(단단한)
6247,좋아요. 아주아주 잘 닦여요~,20.03.05.,5,0,0,종류: 01 성인이중슬림모(보편적인)
6248,좋아요. 아주아주 잘 닦여요~,20.03.05.,5,0,0,종류: 09 어금니-일반형
6249,부드러워서 잇몸에 부담없어 좋아요,20.03.03.,5,0,0,종류: 00 초미세모(매우부드러운)
6250,한달사용기교정칫솔 좋아요~~^^,20.03.30.,5,0,한달사용기,종류: 07 교정칫솔-일반형
6251,잘받았습니다. 만족합니다,20.03.26.,5,0,0,종류: 01 성인이중슬림모(보편적인)
6252,아직 사용 전입니다. 써보고 좋으면 재구매 할게요.,20.02.25.,4,0,0,종류: 01 성인이중슬림모(보편적인)
6253,재구매재구매엡니다 늘 만족해요,20.03.25.,5,재구매,0,종류: 01 성인이중슬림모(보편적인)
6254,초등학교 준비물로 준비,20.03.28.,4,0,0,종류: 01 성인이중슬림모(보편적인)
6255,"재구매교정에좋아요~
재구매요~",20.03.04.,5,재구매,0,종류: 09 어금니-일반형
6256,"치과전용제품
만족합니다",20.03.05.,5,0,0,종류: 01 성인이중슬림모(보편적인)
6257,"생각했던것보다 작았어요 
하지만 만족합니다",20.03.22.,4,0,0,종류: 09 어금니-일반형
6258,한달사용기칫솔모가 부드러우면서 잘닦여요,20.03.24.,4,0,한달사용기,종류: 01 성인이중슬림모(보편적인)
6259,지난번 구매 후 재구매 합니다. 감사합니다~,20.03.04.,5,0,0,종류: 01 성인이중슬림모(보편적인)
6260,미리 챙겨놓아요^^,20.03.28.,5,0,0,종류: 08 교정칫솔-슬림형
6261,치과에서 맨날 비싸게 샀는데 좋네여,20.03.23.,5,0,0,종류: 08 교정칫솔-슬림형
6262,"교정중인데 치과세서 사온 교정칫솔과 차이가 없어요
치과에서 개당3천원에 사왔는데 칫과에서 1개사는 가격으로 3개 구입한거라 넉넉히 쓸것같아 강력추천합니다",20.03.08.,5,0,0,종류: 08 교정칫솔-슬림형
6263,포장도 깔끔하고 괜찮아요,20.03.04.,4,0,0,종류: 03 성인올슬림모-고급형(민감성)
6264,미세모라 부드러워서 좋아요,20.03.03.,5,0,0,종류: 02 성인올슬림모-일반형(민감성)
6265,엄청 싸고 좋아요 재구매할거예요,20.03.23.,5,0,0,종류: 11 어금니-슬림형
6266,"배송빠르고 좋아용 
칫솔모도 부드럽고 사이즈도 작아서 앙치하기 좋아요!
또 다 쓰면 구매할개요~",20.02.19.,5,0,0,종류: 01 성인이중슬림모(보편적인)
6267,재구매재구매 의사는 있습니다,20.03.04.,5,재구매,0,종류: 02 성인올슬림모-일반형(민감성)
6268,재구매재구매 의사는 있습니다,20.03.04.,5,재구매,0,종류: 03 성인올슬림모-고급형(민감성)
6269,"배송빠르고 품질짱이요.
여기서파는 다른것도
써봤는데 이게 젤 좋아요",20.02.25.,5,0,0,종류: 01 성인이중슬림모(보편적인)
6270,가성비가 좋네요 잘쓸게요,20.03.05.,4,0,0,종류: 01 성인이중슬림모(보편적인)
6271,한달사용기이중모보다는 세척감은 덜하지만 부드러워 사용하기 좋아요,20.02.26.,4,0,한달사용기,종류: 03 성인올슬림모-고급형(민감성)
6272,미리 챙겨 놓아요~^^,20.03.28.,5,0,0,종류: 15 미소덴탈 숯올슬림모(민감성)
6273,재구매부드러워서 약한 잇몸을 가진사람이 사용하기 좋아요,20.03.19.,4,재구매,0,0
6274,조금전 배송 받자마자 치카푸카 해봤더니 칫솔질 할때 치아에 밀착되어 깔끔하게 마무리되니 좋았어요^^,20.03.13.,5,0,0,종류: 13 해피덴-비타민올슬림모(민감성)
6275,재구매교정기엔 부드러운거 보다 일반이 좋을거 같아서 구매해봤어요,20.03.18.,5,재구매,0,종류: 07 교정칫솔-일반형
6276,"매번쓰던상품입니다 잇몸도안아프고 부드럽게 잘닦이고
아주만족합니다",20.03.16.,4,0,0,종류: 01 성인이중슬림모(보편적인)
6277,"아직 안써봤어요,,배송개빠름",20.03.19.,5,0,0,종류: 10 어금니-돔형
6278,어금니칫솔좋아요~~^^사은품도 감사,20.03.18.,5,0,0,종류: 10 어금니-돔형
6279,써보고 좋아서 온가족 이것만 써요.,20.03.03.,5,0,0,종류: 01 성인이중슬림모(보편적인)
6280,생각보단 유아용은 커요 성인용은 잘닦이는거같아 좋아요,20.03.15.,5,0,0,종류: 04 어린이올슬림모(24개월-6세)
6281,한달사용기재구매항상 쓰던 제품입니딘.,20.03.25.,5,재구매,한달사용기,종류: 01 성인이중슬림모(보편적인)
6282,"비교적   괞찮아요,   치아가  좋지않아   양치에 신경을 많이  쓰는데  괜찮아요",20.03.16.,4,0,0,종류: 10 어금니-돔형
6283,재구매완전 조아요 굿국...,20.03.28.,5,재구매,0,종류: 01 성인이중슬림모(보편적인)
6284,미세모로 구석구석 잘 닦인답니다~,20.03.22.,5,0,0,종류: 05 어린이이중슬림모(7세-10세)
6285,좀 싸게 만든느낌의 재질 살짝 실망,20.03.01.,3,0,0,종류: 07 교정칫솔-일반형
6286,아직써보진 않았는데 자주 갈아주니 싼게 좋을듯해요,20.03.18.,4,0,0,종류: 13 해피덴-비타민올슬림모(민감성)
6287,"재구매빠른배송, 좋은제품 잘 쓸께요",20.03.23.,5,재구매,0,종류: 08 교정칫솔-슬림형
6288,"재구매빠른배송, 좋은 제품 잘 쓸께요",20.03.23.,5,재구매,0,종류: 13 해피덴-비타민올슬림모(민감성)
6289,부모니 사드렸는데 아두만족해하셔요,20.03.21.,5,0,0,종류: 09 어금니-일반형
6290,"후기처럼 좋네요~~!!
배송도 빠르구요 치과전용이라 더더 믿음이가요^^",20.02.22.,5,0,0,종류: 09 어금니-일반형
6291,빠른배송 감사합니다,20.03.24.,5,0,0,종류: 08 교정칫솔-슬림형
6292,전에 쓰던건데 재구매해요,20.03.23.,5,0,0,종류: 10 어금니-돔형
6293,배송도 빠르고 상품도 좋아요,20.03.24.,5,0,0,종류: 5-2 너구리이중슬림모(7세-10세)
6294,배송도 빠르고 상품도 좋아요,20.03.24.,5,0,0,종류: 08 교정칫솔-슬림형
6295,배송도 빠르고 상품도 좋아요,20.03.24.,5,0,0,종류: 09 어금니-일반형
6296,배송도 빠르도 상품도 좋아요,20.03.24.,5,0,0,종류: 13 해피덴-비타민올슬림모(민감성)
6297,자주사용하는제품 으로 타사 비싼거와 차이없음!,20.03.19.,4,0,0,종류: 03 성인올슬림모-고급형(민감성)
6298,모가 부드러워서 좋아요,20.03.24.,5,0,0,종류: 01 성인이중슬림모(보편적인)
6299,솔이 부드러워서 좋아요,20.03.24.,5,0,0,종류: 03 성인올슬림모-고급형(민감성)
6300,재구매항상 잘 사용하고 있습니다.,20.03.23.,5,재구매,0,종류: 00 초미세모(매우부드러운)
6301,아이들이 부드러워좋아해요,20.03.22.,4,0,0,종류: 05 어린이이중슬림모(7세-10세)
6302,교정 시작해서 구입했습니다,20.03.02.,4,0,0,종류: 07 교정칫솔-일반형
6303,교정 시작해서 구입했습니다,20.03.02.,4,0,0,종류: 08 교정칫솔-슬림형
6304,교정 시작해서 구입했습니다,20.03.02.,4,0,0,종류: 09 어금니-일반형
6305,"재구매빠른배송, 좋은제품 잘 쓸께요~",20.03.23.,5,재구매,0,종류: 01 성인이중슬림모(보편적인)
6306,진짜 부드럽고 잇몸에 피가 하나도 안나네요,20.03.19.,5,0,0,종류: 00 초미세모(매우부드러운)
6307,색깔도 다양하게 오고 포장상태도 꼼꼼하고 아주 만족합니다!,20.03.18.,5,0,0,종류: 05 어린이이중슬림모(7세-10세)
6308,"한달사용기항상만족해재구매했어요
또살거예요",20.03.15.,5,0,한달사용기,종류: 04 어린이올슬림모(24개월-6세)
6309,"한달사용기항상만족해재구매했어요
또살거예요",20.03.15.,5,0,한달사용기,종류: 05 어린이이중슬림모(7세-10세)
6310,미세모로  구석구석 잘 닦일답니다~^^,20.03.22.,5,0,0,종류: 03 성인올슬림모-고급형(민감성)
6311,미세모로 구석부석  잘 닦인답니다~^^,20.03.22.,5,0,0,종류: 02 성인올슬림모-일반형(민감성)
6312,평소 사용하던칫솔이에요ㅡ^^,20.03.26.,5,0,0,종류: 05 어린이이중슬림모(7세-10세)
6313,싸고 좋네요 잘쓸께요,20.03.05.,4,0,0,종류: 00 성인일반모(단단한)
6314,저희 아가 꼼꼼 치카를 위해 사줬는데 좋아요!!,20.02.28.,5,0,0,종류: 10 어금니-돔형
6315,매번 쓰는 제품이예요 ㅎㅎ좋아요 ㅎ,20.03.18.,5,0,0,종류: 06 유아올슬림모(13개월-36개월)
6316,재구매배송빨라요. 잘쓸께요.,20.03.22.,4,재구매,0,종류: 00 성인일반모(단단한)
6317,재구매가성비 좋은 특가상품 잘 샀어요 감사합니다,20.03.19.,4,재구매,0,종류: 00 초미세모(매우부드러운)
6318,후기 보고 구매 했는데 마음에 드네요^^,20.03.01.,5,0,0,종류: 05 어린이이중슬림모(7세-10세)
6319,"재구매빠른배송, 좋은제품 잘 쓸께요~!",20.03.23.,5,재구매,0,종류: 03 성인올슬림모-고급형(민감성)
6320,재구매항상 쓰던칫솔이에요,20.03.24.,5,재구매,0,종류: 03 성인올슬림모-고급형(민감성)
6321,좋아요 ~~~~~~~,20.04.01.,4,0,0,종류: 08 교정칫솔-슬림형
6322,좋아요~~~~~~~,20.04.01.,4,0,0,종류: 09 어금니-일반형
6323,잘받았습니다 잘쓸께요,20.03.05.,5,0,0,종류: 14 미소덴탈 금올슬림모(민감성)
6324,한달사용기아주 잘쓰고있어요 ㅎㅎ,20.03.25.,5,0,한달사용기,종류: 01 성인이중슬림모(보편적인)
6325,"항상 재구매하는 칫솔입니다
동생도 써보고 마음에 들어하네요
다른 칫솔은 이제 쳐다도 안봅니다
배송도 좋고 또 구매하겠습니다",20.02.18.,5,0,0,종류: 01 성인이중슬림모(보편적인)
6326,"재구매칫솔 쓰는거라 재구매입니다
포장케이스가 아까워요 칫솔은 좋아요",20.03.12.,5,재구매,0,종류: 12 해피덴-비타민이중슬림모(보편적인)
6327,고양이 양치용으로 어금니칫솔쓰다가 이것도 써볼까하고 샀는데 좋네요 어금니칫솔은 금방헤지고 덜부드러운 것 같은데 이제품은 더 부드럽고 애기들 입에 충분히들어가요 잘쓸게요,20.02.08.,5,0,0,종류: 04 어린이올슬림모(24개월-6세)
6328,칫솔 각각의 커버가 씌워져 있어서 좋네요,20.03.19.,4,0,0,종류: 13 해피덴-비타민올슬림모(민감성)
6329,좋아요~~~~~~~~~,20.04.01.,4,0,0,종류: 10 어금니-돔형
6330,"기존에 쓰던 치과칫솔과 같은 느낌이어 좋습니다
가격대비 굿입니다~~",20.03.15.,5,0,0,종류: 09 어금니-일반형
6331,배송도 빠르고 첫구매인데 우선 만족해요,20.02.27.,5,0,0,종류: 07 교정칫솔-일반형
6332,홈도 잘 파져있고 부드러워서 쓰기 좋아요! 너무 부드럽진 않고 딱 일반 칫솔 정도...?? 포장도 잘 되어 오고 배송도 빨랐습니다!,20.02.15.,5,0,0,종류: 08 교정칫솔-슬림형
6333,한달사용기초미세모는 저랑 전혀 안맞는것같아요! 하지만 아프신분들에게는 이게 되게좋을것가타요!,20.03.08.,3,0,한달사용기,종류: 00 초미세모(매우부드러운)
6334,한달사용기튼튼한 칫솔 너무 잘 사용하고 있습니다. 벌써 3번째 구입이에요.^^,20.03.12.,5,0,한달사용기,종류: 08 교정칫솔-슬림형
6335,한달사용기튼튼한 칫솔 너무 잘 사용하고 있습니다. 벌써 3번째 구입이에요.^^,20.03.12.,5,0,한달사용기,종류: 01 성인이중슬림모(보편적인)
6336,한달사용기튼튼한 칫솔 너무 잘 사용하고 있습니다. 벌써 3번째 구입이에요.^^,20.03.12.,5,0,한달사용기,종류: 02 성인올슬림모-일반형(민감성)
6337,좋아요  좋아요 좋아요,20.03.26.,5,0,0,종류: 01 성인이중슬림모(보편적인)
6338,"리뷰 보고 구매 했습니다.
맘에 드네요^^",20.03.01.,5,0,0,종류: 09 어금니-일반형
6339,"리뷰 보고 구매 했습니다.
맘에 드네요^^",20.03.01.,5,0,0,종류: 08 교정칫솔-슬림형
6340,"후기 보고 구매 했습니다.
맘에 드네요^^",20.03.01.,5,0,0,종류: 02 성인올슬림모-일반형(민감성)
6341,너무 잘닦입니당 좋아요,20.03.22.,5,0,0,종류: 01 성인이중슬림모(보편적인)
6342,재구매잘 사용하고 있습니다.,20.03.23.,5,재구매,0,종류: 03 성인올슬림모-고급형(민감성)
6343,재구매잘 사용하고 있습니다.,20.03.23.,5,재구매,0,종류: 02 성인올슬림모-일반형(민감성)
6344,"말해뭐해요!
가른 칫솔쓰다가 다시 돌아왔어요ㅠㅠ 
이거만한 칫솔없어요 흥하세요~!!",20.02.20.,5,0,0,종류: 03 성인올슬림모-고급형(민감성)
6345,"리뷰 보고 구매 했어요
맘에 듭니다^^",20.03.01.,5,0,0,종류: 07 교정칫솔-일반형
6346,교정시 치과보다 저렴해서 구매 괜찮네요,20.03.18.,4,0,0,종류: 07 교정칫솔-일반형
6347,빠른배송 감사합니다,20.03.22.,3,0,0,종류: 02 성인올슬림모-일반형(민감성)
6348,배송빠르고  교정하는데 슬립형 강추,20.03.19.,5,0,0,종류: 08 교정칫솔-슬림형
6349,배송도 빠르고 포장도 깔끔하고 좋았어요,20.03.20.,5,0,0,종류: 01 성인이중슬림모(보편적인)
6350,맨날 여기꺼 씁니다 좋아요,20.03.01.,5,0,0,종류: 07 교정칫솔-일반형
6351,직접받아보니 더 좋아요! 굿! 적극추천합니다!,20.03.14.,5,0,0,종류: 08 교정칫솔-슬림형
6352,"아들 교정중이라 주문했어요.
싸게 잘산거같아요.",20.02.22.,5,0,0,종류: 08 교정칫솔-슬림형
6353,재구매부드러워서 약한 잇몸에 쓰기 좋아요,20.03.19.,3,재구매,0,종류: 00 초미세모(매우부드러운)
6354,다음에 또 살거임료,20.03.23.,5,0,0,종류: 09 어금니-일반형
6355,저렴하구 질 좋아요,20.03.23.,5,0,0,종류: 10 어금니-돔형
6356,재구매생각보다 부드럽로 좋음,20.03.01.,5,재구매,0,종류: 01 성인이중슬림모(보편적인)
6357,재구매생각보다 단단하고 좋음,20.03.01.,5,재구매,0,종류: 00 성인일반모(단단한)
6358,항상 칫솔에 적응하느라 고생을 하는데 여기 칫솔 쓴날부터 완전 대만족입니다,20.03.13.,5,0,0,종류: 03 성인올슬림모-고급형(민감성)
6359,꼼꼼히 치키 잘 할 수 있어 좋아요!,20.02.28.,5,0,0,종류: 11 어금니-슬림형
6360,여러개 사용해보고 사려고 일단 사봤어요,20.02.26.,5,0,0,종류: 03 성인올슬림모-고급형(민감성)
6361,재구매했어요 칫솔모가 빨리 닳는거 빼곤 만족합니다,20.02.19.,4,0,0,종류: 04 어린이올슬림모(24개월-6세)
6362,배송 빠르네요. 서비스로 혀클리너 챙겨주셨네요. 잘 쓸게요. 감사합니다.,20.03.10.,4,0,0,종류: 08 교정칫솔-슬림형
6363,맨날 여기꺼 씁니더 최고,20.03.01.,5,0,0,종류: 08 교정칫솔-슬림형
6364,재구매항상 쓰는 제품이라 믿고 구매 했습니다~^^,20.03.19.,5,재구매,0,종류: 01 성인이중슬림모(보편적인)
6365,재구매칫솔 강추합니다~ 특히 교정하시는분들에게 좋을 것 같아요,20.02.18.,5,재구매,0,종류: 01 성인이중슬림모(보편적인)
6366,빠른배송 감사합니다.,20.03.22.,4,0,0,종류: 03 성인올슬림모-고급형(민감성)
6367,재구매문안해서 재구매해요.,20.03.22.,4,재구매,0,종류: 01 성인이중슬림모(보편적인)
6368,늘 사용하던 거예요! 거의 다 사용해서 미리 사둡니다!,20.02.21.,4,0,0,종류: 01 성인이중슬림모(보편적인)
6369,한달사용기어금니 전용이지만 가끔씩 쓰게 되네요,20.02.26.,3,0,한달사용기,종류: 10 어금니-돔형
6370,재구매부드러우면서 단단해서 잇몸 마사지용으로 좋고 한달 정도 갑니다,20.02.22.,5,재구매,0,종류: 01 성인이중슬림모(보편적인)
6371,아직 사용전이긴한데 잘 쓸께요,20.03.19.,4,0,0,종류: 03 성인올슬림모-고급형(민감성)
6372,"재구매늘 쓰는거애요.
부드럽게 잘닦이고 미세모라 더 좋아요^^",20.03.16.,5,재구매,0,종류: 02 성인올슬림모-일반형(민감성)
6373,"아이가 교정중이라 구매했습니다.
가격도 비싸지 않고 괜찮습니다
어금니용 칫솔 좋아요~~",20.02.20.,3,0,0,종류: 09 어금니-일반형
6374,고양이 양치시키려고 샀어요. 크기가 딱 좋아요,20.03.13.,5,0,0,종류: 10 어금니-돔형
6375,예전에 써보고 만족했던 제품이라 재구매했어요^^,20.03.16.,5,0,0,종류: 11 어금니-슬림형
6376,항상 사용하는 제품입니다 잘 사용하겠습니다,20.03.18.,3,0,0,종류: 5-2 너구리이중슬림모(7세-10세)
6377,항상 사용하는 제품입니다 잘 사용하겠습니다,20.03.18.,3,0,0,종류: 00 초미세모(매우부드러운)
6378,한달사용기올슬림모는 별로인거같아요 제대로 제거되지않는느낌! 치태도 그렇구요!,20.03.08.,3,0,한달사용기,종류: 02 성인올슬림모-일반형(민감성)
6379,저렴하게 샀는데 칫솔모가 빠져서 조금 불편합니다.,20.02.24.,4,0,0,종류: 11 어금니-슬림형
6380,한달사용기싸고 편해서 좋음 여전히. 기존의 억센정도보다는 잇몸이 좀 약해서 이걸샀고 잇몸퇴축이 멈춘것같음,20.03.10.,5,0,한달사용기,종류: 15 미소덴탈 숯올슬림모(민감성)
6381,"치솔이 너무 작고 뭔가 불편해요.
솔직한 후기  죄송",20.02.19.,4,0,0,종류: 02 성인올슬림모-일반형(민감성)
6382,한달사용기항상 잘 사용하고 있어요,20.02.28.,5,0,한달사용기,종류: 08 교정칫솔-슬림형
6383,한달사용기어금니까지 잘 닦여요,20.02.29.,4,0,한달사용기,종류: 01 성인이중슬림모(보편적인)
6384,........^^,20.04.18.,5,0,0,종류: 10 어금니-돔형
6385,........^^,20.04.18.,5,0,0,종류: 09 어금니-일반형
6386,"낱개로 하나하나 올줄알았는데 4개씩 딱딱포장해서 와서 너무 고맙고 좋았습니다!
다음에도 여기서 구매할게요! 소비자를 배려해준 포장 너무 센스있엇어요!! 감사합니당",20.01.30.,5,0,0,종류: 01 성인이중슬림모(보편적인)
6387,배송 빠르고 품질도 좋아 보입니다. 잘 쓸께요 ^^,20.02.25.,5,0,0,종류: 01 성인이중슬림모(보편적인)
6388,배송은 다소 늦었지만 제품은 만족합니다,20.03.18.,5,0,0,종류: 13 해피덴-비타민올슬림모(민감성)
6389,다음에도 주문해서 쓸 생각입니다^^,20.03.18.,3,0,0,종류: 05 어린이이중슬림모(7세-10세)
6390,"배송도 빠르고 교정칫솔 저렴하고 
칫솔도 좋네요~",20.03.19.,5,0,0,종류: 09 어금니-일반형
6391,"30개월아이 스스로 양치습관 연습으로 좋습니다.
칫솔모도 부드러워요.
칫솔머리도 비교적 안전합니다.
돌전부터 꾸준히 사용하는 칫솔입니다.
앞으로도 좋은 칫솔 부탁드립니다.",20.02.27.,5,0,0,종류: 5-1 너구리올슬림모(24개월-6세)
6392,"30개월아이 스스로 양치습관 연습으로 좋습니다.
칫솔모도 부드러워요.
칫솔머리도 비교적 안전합니다.
돌전부터 꾸준히 사용하는 칫솔입니다.
앞으로도 좋은 칫솔 부탁드립니다.",20.02.27.,5,0,0,종류: 06 유아올슬림모(13개월-36개월)
6393,배송빠르고조아요..,20.03.02.,5,0,0,종류: 04 어린이올슬림모(24개월-6세)
6394,배송빠르고조아요..,20.03.02.,5,0,0,종류: 06 유아올슬림모(13개월-36개월)
6395,배송빠르고조아요..,20.03.01.,5,0,0,종류: 03 성인올슬림모-고급형(민감성)
6396,재구매부드럽긴한데 뭔가 쏙 맘에들진않아요 ㅠㅠ,20.02.25.,3,재구매,0,종류: 00 초미세모(매우부드러운)
6397,아주좋아요  매우좋아요,20.03.19.,5,0,0,종류: 03 성인올슬림모-고급형(민감성)
6398,가격만끔 딱 그정도입니다,20.03.18.,4,0,0,종류: 08 교정칫솔-슬림형
6399,칫솔모가 부드럽고 길어서 여기저기 닦기 좋아요,20.03.15.,5,0,0,종류: 08 교정칫솔-슬림형
6400,재구매저번에 사고 다 써서 또 구매햇어요 아주 좋습니다,20.03.14.,5,재구매,0,종류: 10 어금니-돔형
6401,재구매이칫솔 쟁여놓고 자주갈아줍니다. 지인들도 좋다고 산다네요ㅋ 열흘사용후기 사진입니다.,20.02.13.,5,재구매,0,종류: 01 성인이중슬림모(보편적인)
6402,재구매치아에 자극이 적고 교정 전용으로 쓰기에 20일 정도 가능해요,20.02.22.,5,재구매,0,종류: 10 어금니-돔형
6403,"택배을 신속하게 보내 주셨네요
개별마다 포장곽에  치솔에 솔뚜껑 까지 정성껏 공장에서 제작 하였네요
사용 만족도는 이제 부터 사용 해 보고 차후 사용 후기 다시 올리도록 할께요.",20.02.26.,3,0,0,종류: 03 성인올슬림모-고급형(민감성)
6404,저번에도 샀었는데 가격도 괜찮고 제품상태도 괜찮아서 이번에 또 재구매 했어요,20.03.10.,5,0,0,종류: 08 교정칫솔-슬림형
6405,배송 빠르고 좋습니다. 잘 사용하겠습니다 ~^^,20.02.25.,5,0,0,종류: 03 성인올슬림모-고급형(민감성)
6406,딸래미들이랑 함께 사용하려고 구매했는데..크기가 적당하고 좋아요,20.03.06.,4,0,0,종류: 00 초미세모(매우부드러운)
6407,부드럽고쓸만해오교정중이라삿어요,20.03.15.,4,0,0,종류: 08 교정칫솔-슬림형
6408,한달사용기그나마 좀 나은데 그래도 너무 부드러워요 치태제거가 잘안되요!,20.03.08.,4,0,한달사용기,종류: 01 성인이중슬림모(보편적인)
6409,"좋아요....,..",20.03.28.,5,0,0,종류: 03 성인올슬림모-고급형(민감성)
6410,좋아요.......,20.03.28.,5,0,0,종류: 03 성인올슬림모-고급형(민감성)
6411,"어금니 칫솔은 처음사용해보는데, 작지만 구석구석 닦기 좋아요",20.03.12.,5,0,0,종류: 10 어금니-돔형
6412,좋아요........,20.03.28.,5,0,0,종류: 05 어린이이중슬림모(7세-10세)
6413,부드러워서 좋아요!,20.03.20.,5,0,0,종류: 03 성인올슬림모-고급형(민감성)
6414,"한달사용기칫솔 머리가  좁아서 사용하기 편했어요
칫솔모도 탄력있어서 잘 닦입니다. 재구매해요",20.03.05.,5,0,한달사용기,종류: 12 해피덴-비타민이중슬림모(보편적인)
6415,어린이칫솔 싸고 좋아요~~~,20.02.28.,5,0,0,종류: 05 어린이이중슬림모(7세-10세)
6416,가격만큼 딱 그정도요,20.03.18.,4,0,0,종류: 01 성인이중슬림모(보편적인)
6417,"치과에서 쓰는거라고해서 구입했는데 
생각보다 부드럽지 않은듯...",20.03.11.,4,0,0,종류: 03 성인올슬림모-고급형(민감성)
6418,후기가 좋아 구입했어요^^,20.02.27.,5,0,0,종류: 09 어금니-일반형
6419,여러가 사용해 보려고 샀어요 ㅋㅋ,20.02.26.,5,0,0,종류: 00 초미세모(매우부드러운)
6420,여러가 사용해보려고 샀어요 ㅋㅋ,20.02.26.,5,0,0,종류: 15 미소덴탈 숯올슬림모(민감성)
6421,치과전용 치솔 기대됩니다.,20.02.26.,4,0,0,종류: 04 어린이올슬림모(24개월-6세)
6422,치과전용 치솔 기대됩니다.,20.02.26.,4,0,0,종류: 01 성인이중슬림모(보편적인)
6423,"좋아오ㅡ
여러종류를 구매했구요
그 중에 하나만 사용중이어서 더 사용해봐야겠어요",20.03.08.,3,0,0,종류: 05 어린이이중슬림모(7세-10세)
6424,저번에 샀었는데 가격도 괜찮고 제품상태도 괜찮아서 이번에 또 재구매 했어요,20.03.10.,5,0,0,종류: 07 교정칫솔-일반형
6425,혀 클리너도 넣어주고 감사합니다~,20.02.24.,4,0,0,종류: 08 교정칫솔-슬림형
6426,재 구매 입니다~ 배송도 만족.,20.02.21.,4,0,0,종류: 00 성인일반모(단단한)
6427,"좋아요.
싸게 구입했네요.
재구매할께요",20.02.22.,5,0,0,종류: 09 어금니-일반형
6428,"어금니칫솔 써보고 일반칫솔 구매해봤어요
칫솔모가 부드러우면서 힘도 있고 칫솔질 하기도 좋아요
원래 콤팩트 사이즈 선호하는데 아주 작은 사이즈는 아닌것 같지민 사용감은 무난합니다 가격대비 좋아요 재구매 의사 있습니다",20.02.01.,5,0,0,종류: 02 성인올슬림모-일반형(민감성)
6429,부드럽고 잘닦여요~,20.03.19.,5,0,0,종류: 11 어금니-슬림형
6430,어금니 칫솔은 부드럽고 좋습니다.,20.02.24.,4,0,0,종류: 09 어금니-일반형
6431,가격도 좋고 품질도 좋아요~~,20.02.28.,5,0,0,종류: 01 성인이중슬림모(보편적인)
6432,지난번에 구매해서 써봤는데 가성비 괜찮아서 재구매했어요,20.02.19.,4,0,0,종류: 05 어린이이중슬림모(7세-10세)
6433,큰칫솔은 사용하기가 불편한데..크기도 적당하니 좋아요,20.03.06.,4,0,0,종류: 01 성인이중슬림모(보편적인)
6434,"배송 빠르구 칫솔도 슬림해서 좋네요!
교정용 칫솔도 써보고 좋으면 재구매할게요~^^",20.03.06.,5,0,0,종류: 03 성인올슬림모-고급형(민감성)
6435,"개별 포장되어있고 배송도 괜찮았어요
다만 솔이 잘 끼고 빠져요..",20.02.20.,3,0,0,종류: 07 교정칫솔-일반형
6436,저렴하고 잘 닦이네요. 많이 쟁여두고 쓰기 좋을듯합니다.,20.02.15.,5,0,0,종류: 02 성인올슬림모-일반형(민감성)
6437,재구매아주좋아요 감사합니다,20.02.25.,5,재구매,0,종류: 00 초미세모(매우부드러운)
6438,재구매아주좋아요 감사합키다,20.02.25.,5,재구매,0,종류: 5-1 너구리올슬림모(24개월-6세)
6439,이 제품 쓰다가 다른것 못 써서 또 주문했어요.,20.03.13.,5,0,0,종류: 00 성인일반모(단단한)
6440,아직사용 안했지만 재구매 제품이예요 배송 빨랐어요,20.02.20.,5,0,0,종류: 00 초미세모(매우부드러운)
6441,한달사용기튼튼하고 좋아요!!,20.03.20.,5,0,한달사용기,종류: 02 성인올슬림모-일반형(민감성)
6442,빠른배송에 혀클리너 선물감사합니다ㅎ,20.03.14.,5,0,0,종류: 08 교정칫솔-슬림형
6443,저에겐 제일좋은 칫솔,20.03.17.,5,0,0,종류: 14 미소덴탈 금올슬림모(민감성)
6444,재구매재구매입니다 좋아요,20.03.17.,5,재구매,0,종류: 05 어린이이중슬림모(7세-10세)
6445,칫솔이좋아서 다른거는 안사지네요. 부드럽고좋으네요. 빠른배송두감사드립니다.마니판매하세요.^^,20.03.01.,5,0,0,종류: 03 성인올슬림모-고급형(민감성)
6446,너무 좋은 칫솔입니다,20.03.17.,5,0,0,종류: 02 성인올슬림모-일반형(민감성)
6447,너무 좋은 칫솔입니다,20.03.17.,5,0,0,종류: 11 어금니-슬림형
6448,한달사용기재구매아직 반절이상 남았어요! 곧 주문할게요!,20.03.11.,5,재구매,한달사용기,종류: 07 교정칫솔-일반형
6449,계속 주문해서 쓰고 있어요~~,20.03.17.,5,0,0,종류: 00 성인일반모(단단한)
6450,계속 주문해서 쓰고 있어요~~,20.03.17.,5,0,0,종류: 02 성인올슬림모-일반형(민감성)
6451,계속 주문해서 쓰고 있어요~~,20.03.17.,5,0,0,종류: 12 해피덴-비타민이중슬림모(보편적인)
6452,계속 주문해서 쓰고 있어요~~,20.03.17.,5,0,0,종류: 13 해피덴-비타민올슬림모(민감성)
6453,계속 주문해서 쓰고 있어요~~,20.03.17.,5,0,0,종류: 11 어금니-슬림형
6454,"한달사용기이 칫솔만 사용해요 
개별로 캡도 있어서 여행가거나 할 때 정말 편해요 
잇몸이 좀 예민한 편이어서 항상 칫솔 고를때 신경쓰였거든요
칫솔 머리 크기도 적당하고 이 칫솔 쓰고나서는 입 안에 상처도 안생겨서 좋아요",20.02.22.,5,0,한달사용기,종류: 03 성인올슬림모-고급형(민감성)
6455,"아직써보진않았지만 사은품도 고맙습니다
이시국에 배송짱이네요 대박나세요~",20.03.02.,5,0,0,종류: 02 성인올슬림모-일반형(민감성)
6456,일반모는 칫솔실이 잘 빠집니다..ㅠㅠ,20.02.24.,4,0,0,종류: 07 교정칫솔-일반형
6457,"아이 사용하기가 편하고
손잡이도 잘되어있어요",20.03.11.,5,0,0,종류: 04 어린이올슬림모(24개월-6세)
6458,빠른배송감사합니다~,20.03.17.,5,0,0,종류: 13 해피덴-비타민올슬림모(민감성)
6459,"꼼꼼하게 포장되서 왔어요.
처음 써보는 제품이라서 골고루 주문했어요",20.02.13.,4,0,0,종류: 03 성인올슬림모-고급형(민감성)
6460,너무너무 좋아요 ㅎㅎ,20.03.18.,5,0,0,종류: 07 교정칫솔-일반형
6461,한달사용기너무 부드러워서 아직 적응이 잘안되고있어용,20.03.11.,5,0,한달사용기,종류: 00 초미세모(매우부드러운)
6462,아주 좋아요.아주 좋아요.,20.03.19.,5,0,0,종류: 00 초미세모(매우부드러운)
6463,아주 좋아요.아주 좋아요.,20.03.19.,5,0,0,종류: 01 성인이중슬림모(보편적인)
6464,아주 좋아요.아주 좋아요.,20.03.19.,5,0,0,종류: 02 성인올슬림모-일반형(민감성)
6465,한달사용기항상 사용하고 있습니다.. 만족합니다,20.02.22.,5,0,한달사용기,종류: 03 성인올슬림모-고급형(민감성)
6466,"사용전인데요. 괜찮겠지요.ㅋ
갯수는 잘왔네요.",20.03.10.,4,0,0,종류: 08 교정칫솔-슬림형
6467,"한달사용기칫솔모가 강해요.  치석제거에 좋지만 잇몸이 아파요.
일주일에 두번사요하고 부드러운걸로하는게 좋을거같아요.",20.02.08.,5,0,한달사용기,종류: 01 성인이중슬림모(보편적인)
6468,재구매애들 칫솔 금방 닳기 때문에 자주 바꿔줘야 하는데 싸고 질도 좋아요 자주 구매해요,20.03.02.,5,재구매,0,종류: 04 어린이올슬림모(24개월-6세)
6469,"한달사용기항상 주문하고 있어요
칫솔 크기
 칫솔모의 강도 모두 만족스러워요~",20.03.09.,5,0,한달사용기,종류: 03 성인올슬림모-고급형(민감성)
6470,한달사용기교정하는 사람들한테 딱이에요 값도 저렴하고 퀄리티도 좋아요,20.03.09.,5,0,한달사용기,종류: 08 교정칫솔-슬림형
6471,재구매사용하기 좋아요~~,20.03.18.,5,재구매,0,종류: 01 성인이중슬림모(보편적인)
6472,사용전인데. 갯수  잘왔네요.,20.03.10.,4,0,0,종류: 07 교정칫솔-일반형
6473,구석구석 잘ㅈ관리할께용,20.02.19.,5,0,0,종류: 03 성인올슬림모-고급형(민감성)
6474,기존에 쓰던 칫솔보다  사용감이 훨씬 좋습니다,20.02.19.,4,0,0,종류: 01 성인이중슬림모(보편적인)
6475,"구매 여러개중에 하나만사용중이어서 잘모르겠지만
사용중인거는 보통이에요",20.03.08.,3,0,0,종류: 01 성인이중슬림모(보편적인)
6476,"구매 여러개중에 하나만사용중이어서 잘모르겠지만
사용중인거는 보통이에요",20.03.08.,3,0,0,종류: 00 성인일반모(단단한)
6477,"구매 여러개중에 하나만사용중이어서 잘모르겠지만
사용중인거는 보통이에요",20.03.08.,3,0,0,종류: 02 성인올슬림모-일반형(민감성)
6478,"구매 여러개중에 하나만사용중이어서 잘모르겠지만
사용중인거는 보통이에요",20.03.08.,3,0,0,종류: 03 성인올슬림모-고급형(민감성)
6479,"구매 여러개중에 하나만사용중이어서 잘모르겠지만
사용중인거는 보통이에요",20.03.08.,3,0,0,종류: 12 해피덴-비타민이중슬림모(보편적인)
6480,"구매 여러개중에 하나만사용중이어서 잘모르겠지만
사용중인거는 보통이에요",20.03.08.,3,0,0,종류: 15 미소덴탈 숯올슬림모(민감성)
6481,부드럽고 잘 닦여요,20.03.16.,5,0,0,종류: 01 성인이중슬림모(보편적인)
6482,재구매배송빨라요 계속여기서사서쓰는중 좋아요,20.02.15.,5,재구매,0,종류: 03 성인올슬림모-고급형(민감성)
6483,주문하고 바로 다음날 도착했어요! 사용 전이지만 만져보니 모도 부드럽고 좋아요!!^^ 사용해보고 재구매 할게요~ㅎ,20.02.08.,4,0,0,종류: 04 어린이올슬림모(24개월-6세)
6484,애완동물 칫솔로 쓰려고 샀어요.,20.03.13.,5,0,0,종류: 10 어금니-돔형
6485,한달사용기맘에들어요~잘쓸게요,20.03.12.,5,0,한달사용기,종류: 01 성인이중슬림모(보편적인)
6486,재구매매번 재구매해서 쓰고있어요,20.03.13.,4,재구매,0,종류: 03 성인올슬림모-고급형(민감성)
6487,재구매매번 재구매해서 쓰고있어요,20.03.13.,4,재구매,0,종류: 12 해피덴-비타민이중슬림모(보편적인)
6488,재구매매번 재구매해서 쓰고있어요,20.03.13.,4,재구매,0,종류: 14 미소덴탈 금올슬림모(민감성)
6489,잘쓰고 있어요 좋아요,20.03.17.,5,0,0,종류: 03 성인올슬림모-고급형(민감성)
6490,"항상 주문해서 사용하고 있습니다.
아주 좋아요. 감사합니다.",20.03.04.,4,0,0,종류: 01 성인이중슬림모(보편적인)
6491,배송 빠르고 좋은데 개인적으로 손잡이가 좀 짧은 느낌이 있었어요 그래도 만족!,20.02.29.,4,0,0,종류: 12 해피덴-비타민이중슬림모(보편적인)
6492,포장상태좋아요 여기제품괜찮으면 이제부터 계속시키려구요,20.02.12.,5,0,0,종류: 01 성인이중슬림모(보편적인)
6493,"옵션3번 시킨줄 알았는데 2번이였네요ㅋ
잘쓰겠습니다",20.02.15.,5,0,0,종류: 02 성인올슬림모-일반형(민감성)
6494,"아직 사용 전이라... 일단, 잘 쓰겠습니다. 저렴하게 구매할 수 있어서 참 좋아요! 교정자가 3인이라 장기간 필요할 것 같아요.",20.02.26.,3,0,0,종류: 08 교정칫솔-슬림형
6495,늘 쓰는 제품 다시 주문 했어요.,20.03.13.,5,0,0,종류: 05 어린이이중슬림모(7세-10세)
6496,배송 잘 돠어왔어요. 사용 전이지만 좋을 것 같아요. 참 개인적으로 소포장 비닐은 아해주셨음 하네요. 이미 개별포장 돤건데 쓰레기만 많아져서요...,20.02.03.,4,0,0,종류: 13 해피덴-비타민올슬림모(민감성)
6497,"양치를 자주, 쎄게 하는 편이라 잇몸 걱정이 많았는데 미세모 만나고 편히 닦고 있어요,",20.03.04.,5,0,0,종류: 00 초미세모(매우부드러운)
6498,"아기꺼 구매하면서 같이 구매
좋아요",20.02.22.,5,0,0,종류: 02 성인올슬림모-일반형(민감성)
6499,한달사용기잇몸이 안 좋은데 정말 부드러워서 잘 쓰고 있습니다,20.03.08.,5,0,한달사용기,종류: 15 미소덴탈 숯올슬림모(민감성)
6500,"한달사용기가성비 굿!!
잇몸 약해서 부드러운거 쓰는데 어떤건 따갑더라고요
요번 자극없어 좋아요^^
손잡이도 어떤건 닦을 때 부드럽게 살짝 휘어지는 탄성이 있던데 전 이것처럼 딱딱한게 오히려 힘을 덜 주게 되는것 같아 좋네요",20.01.28.,5,0,한달사용기,종류: 01 성인이중슬림모(보편적인)
6501,원하던 칫솔 찾아서 잘사용하고있습니다,20.03.10.,5,0,0,종류: 02 성인올슬림모-일반형(민감성)
6502,튼튼하고 좋아요 !,20.03.16.,4,0,0,종류: 07 교정칫솔-일반형
6503,재구매좋아요 항상 재구매합니다~,20.03.13.,5,재구매,0,종류: 11 어금니-슬림형
6504,재구매좋아요 항상 재구매 합니다~,20.03.13.,5,재구매,0,종류: 09 어금니-일반형
6505,잇몸이 약할때 좋을거같아요,20.02.20.,3,0,0,종류: 08 교정칫솔-슬림형
6506,재구매적당히 힘있고 잘 닦여요. 우리집은 이칫솔만 사용합니다,20.03.02.,5,재구매,0,종류: 01 성인이중슬림모(보편적인)
6507,싸게 잘 샀어요~~,20.03.17.,5,0,0,종류: 15 미소덴탈 숯올슬림모(민감성)
6508,짱좋아요 안쪽에 안닦여서 걱정했는데 진짜 편하네요,20.03.03.,5,0,0,종류: 10 어금니-돔형
6509,재구매우리 아가들 칫솔은 요걸루ㅎ,20.02.21.,5,재구매,0,종류: 04 어린이올슬림모(24개월-6세)
6510,"재구매재구매입니다
칫솔은 좋아요",20.03.12.,5,재구매,0,종류: 01 성인이중슬림모(보편적인)
6511,거칠할줄 알았는데 애기들한테 썼더니 아프지는 않다네요 ㅎㅎ 많이 파세요,20.02.29.,4,0,0,종류: 11 어금니-슬림형
6512,고양이가 사람용 칫솔을 좋아해서 난감하네요 ㅎㅎ 그래도 좋아요,20.02.11.,5,0,0,종류: 01 성인이중슬림모(보편적인)
6513,"재구매몇년째 주문해서 사용하고 있어요!
이제 마트파는 칫솔은 못쓰겠어요ㅠ",20.03.01.,5,재구매,0,종류: 03 성인올슬림모-고급형(민감성)
6514,한달사용기만족도 5점만족도 5점,20.04.06.,5,0,한달사용기,종류: 00 성인일반모(단단한)
6515,좋아요! 어른거 아이들거 제품 자체가 좋네요,20.02.01.,5,0,0,종류: 01 성인이중슬림모(보편적인)
6516,재구매아주좋아요~ 배송도빠르구요,20.02.17.,5,재구매,0,종류: 02 성인올슬림모-일반형(민감성)
6517,아이에게도 어른에게도 참 좋아요.,20.03.13.,5,0,0,종류: 01 성인이중슬림모(보편적인)
6518,한달사용기애기들 (강아지들)양치시켜도 피가 안나네용 평소에는 피가 엄청 났는데,20.03.02.,5,0,한달사용기,종류: 11 어금니-슬림형
6519,재구매굳굳굳 다음에 또 구매할 생각입니다,20.02.18.,5,재구매,0,종류: 00 성인일반모(단단한)
6520,재구매어린이집 보내야해서 구매ㅎ,20.02.21.,5,재구매,0,종류: 5-1 너구리올슬림모(24개월-6세)
6521,칫솔모가  미세해서 잘 닦여요,20.03.11.,5,0,0,종류: 05 어린이이중슬림모(7세-10세)
6522,"항상 쓰던 거라...
아이들도 좋다소 하네요..",20.03.11.,5,0,0,종류: 03 성인올슬림모-고급형(민감성)
6523,사용전인데 갯수 잘왔고 괜찮겠지요.,20.03.10.,4,0,0,종류: 09 어금니-일반형
6524,재구매재구매 했어요~%%~~~,20.03.18.,5,재구매,0,종류: 08 교정칫솔-슬림형
6525,사용 만족~ 재 구매입니다,20.02.21.,4,0,0,종류: 01 성인이중슬림모(보편적인)
6526,빠른배송 저렴한가격 좋은품질,20.02.19.,5,0,0,종류: 00 성인일반모(단단한)
6527,좋아요 근데 칫솔이 저금 작은 편이네요,20.03.05.,3,0,0,종류: 02 성인올슬림모-일반형(민감성)
6528,재구매색도 여러가지로 보내주시고 좋아요~,20.02.18.,5,재구매,0,종류: 05 어린이이중슬림모(7세-10세)
6529,"칫솔모 작은거 구하기 쉽지않아
두번째 구매 입니다
잇몸 안 좋은데 쓰기 좋아요",20.03.03.,5,0,0,종류: 02 성인올슬림모-일반형(민감성)
6530,"평소에 늘 시키던 제품입니다.
믿고 추천!",20.03.10.,5,0,0,종류: 07 교정칫솔-일반형
6531,"평소에 늘 시키던 제품입니다.
믿고 추천!",20.03.10.,5,0,0,종류: 08 교정칫솔-슬림형
6532,한달사용기늘 쓰던거라 역시 좋아요~,20.03.12.,5,0,한달사용기,종류: 00 성인일반모(단단한)
6533,싸게 잘삿어요~~~~,20.03.17.,5,0,0,종류: 00 초미세모(매우부드러운)
6534,캡도 있고 색상도 두가지로 보내주셔서 교체할 때 구분이 되서 좋은데 둘다 어린이전용에 24~6세까지로 구매했는데 케이스 포장이 달라서 순간 잘 못 왔나했네요. 꺼내보니 모는 같습니다.,20.02.04.,4,0,0,종류: 5-1 너구리올슬림모(24개월-6세)
6535,한달사용기늘상 쓰던거라 좋으네요~,20.03.12.,5,0,한달사용기,종류: 01 성인이중슬림모(보편적인)
6536,치이 사이사이 칫솔질하기에는 일반형 어금니칫솔이 가장 적합한 것 같아요. 애용하는 제품이에요.,20.02.04.,5,0,0,종류: 09 어금니-일반형
6537,배송이 빨라서 좋았고 치석제거도 잘되어서 좋았습니다. 꾸준히 사용하고자 합니다ㅎ,20.02.11.,5,0,0,종류: 11 어금니-슬림형
6538,사랑니 청소 잘되네요 부드러워요,20.02.20.,5,0,0,종류: 10 어금니-돔형
6539,"한달사용기칫솔모도 좋코 잇몸질환때문에 아무 칫솔이나 안쓰고 자주 교체하는게 좋타고 해서 치과에서 구입하면 너무 비싸요

요건 저렴하고 개별포장에 색상 구성이 좋아서 아주 맘에 듬니다.",20.02.22.,5,0,한달사용기,종류: 01 성인이중슬림모(보편적인)
6540,배송빠르고 가격좋고 모두 좋았어요,20.02.17.,5,0,0,종류: 08 교정칫솔-슬림형
6541,치아교정중인데 구석구석 잘 닦입니다,20.02.17.,5,0,0,종류: 08 교정칫솔-슬림형
6542,저렴하게 잘산거 같아요,20.03.11.,4,0,0,종류: 01 성인이중슬림모(보편적인)
6543,"좋은거 같아요—,,",20.02.26.,5,0,0,종류: 10 어금니-돔형
6544,아직 안써봤지만 개별 뚜껑도 있고 배송도 빠르고 좋아요,20.03.06.,5,0,0,종류: 08 교정칫솔-슬림형
6545,"배송이 자꾸 고천허브인지에서 머무른다고 해서 배송이 늦나 했는데 빨리 왔습니다.

상자가 조금 찢어져 있어서 기분이 별로 였는데 안에 상품은 전부 멀쩡하고 칫솔도 보니 하나하나마다 칫솔 커버도 씌워져 있고 좋습니다.

칫솔은 확실히 부드럽고 잇몸에 부담이 없네요.
 개인적으로 저는 이것보다 부드러우면 좀 닦는 느낌이 안 들 것 같아서 만족합니다.

많이 파세요~",20.01.04.,5,0,0,종류: 03 성인올슬림모-고급형(민감성)
6546,어금니칫솔 일반형 써보고 이번엔 슬림형 주문해 봤어요 외관상은 별 차이 없어 보이는데 사용감은 아떨지 써 봐야 알겠아요 잘 쓰겠습니다,20.02.01.,5,0,0,종류: 11 어금니-슬림형
6547,양치잘하도록하겠습니다,20.02.19.,5,0,0,종류: 02 성인올슬림모-일반형(민감성)
6548,좋아요~~ 부드럽게 잘 닦이네요,20.03.08.,4,0,0,종류: 01 성인이중슬림모(보편적인)
6549,저렴하지만 원하는 제품이다,20.02.18.,5,0,0,종류: 00 성인일반모(단단한)
6550,"좋아용
부드러워서 사용감이 좋아요",20.02.19.,4,0,0,종류: 00 초미세모(매우부드러운)
6551,재구매재구매했어요~ 교정 끝날 때까지 잘 쓸게요,20.02.12.,4,재구매,0,종류: 07 교정칫솔-일반형
6552,"2번째 주문이예요. 
가격 품질 아주 만족해요",20.03.08.,5,0,0,종류: 07 교정칫솔-일반형
6553,재구매늘 쓰던제품이고 가성비는 최고입니다! 전 이것만 써요! 저희 가족도...,20.02.07.,5,재구매,0,종류: 03 성인올슬림모-고급형(민감성)
6554,크기가 작아요. 저학년이 써야할듯해요.,20.02.13.,4,0,0,종류: 5-2 너구리이중슬림모(7세-10세)
6555,어금니 칫솔 좋아요 ㅎㅎㅎ,20.02.22.,5,0,0,종류: 11 어금니-슬림형
6556,한달사용기항상 쓰는 칫솔 좋아요~~아이들이 쓰기엔 딱적당해요~~~~~~~~~~,20.02.12.,5,0,한달사용기,종류: 05 어린이이중슬림모(7세-10세)
6557,재구매배송빠르고 많이 쟁여두고 자주 바꾸고있어요 ~ 좋아요,20.03.01.,5,재구매,0,종류: 00 성인일반모(단단한)
6558,"휘어져서 쓰기 편하네요
모가 조금 덜 빽빽하고 넓게 있었으면 좋을것같아요",20.02.06.,4,0,0,종류: 10 어금니-돔형
6559,"휘어져서 쓰기 편하네요
모가 조금 덜 빽빽하고 넓게 있었으면 좋을것같아요",20.02.06.,4,0,0,종류: 11 어금니-슬림형
6560,빠른 배송 감사 합니다,20.03.11.,5,0,0,종류: 02 성인올슬림모-일반형(민감성)
6561,얇구 좋아용~~ 배송 빨라요,20.03.06.,5,0,0,종류: 11 어금니-슬림형
6562,좋아요 재구매했습니다,20.03.10.,5,0,0,종류: 07 교정칫솔-일반형
6563,교정기떨어져서 붙히러갑니다 ㅜ 슬림모가 나은듯해요,20.02.09.,3,0,0,종류: 08 교정칫솔-슬림형
6564,배송 빠르고 좋아요,20.03.11.,5,0,0,종류: 01 성인이중슬림모(보편적인)
6565,가격배송 풀질대만족입니다,20.02.17.,5,0,0,종류: 09 어금니-일반형
6566,한달사용기교정칫솔 교정기 구석구석 잘 닦이고요 어금니칫솔로 교정기 사이사이 닦고 잘 닿지않는 어금니뒷부분도 닦으니 활용도 높아서 또 구매하고 싶어요,20.02.02.,5,0,한달사용기,종류: 07 교정칫솔-일반형
6567,맘에 들어요~~쟁여놓고 써야겠어요^^,20.02.14.,5,0,0,종류: 00 성인일반모(단단한)
6568,재구매상품 다 잘받앗습니다,20.03.10.,4,재구매,0,종류: 03 성인올슬림모-고급형(민감성)
6569,어금니가 되게 잘 닦이는건 아지니만 이물 제거에 좋아요   확실히 치과 덜 갈 것 같아요,20.02.04.,5,0,0,종류: 10 어금니-돔형
6570,한달사용기치석제거에 좋으나 칫솔모가 강해서 일주일에 두번정도 하고 부드러운모로 하면 좋을거같아요.,20.02.08.,5,0,한달사용기,종류: 00 성인일반모(단단한)
6571,케이스  각각 다 있고 부드러워 좋아요,20.02.16.,5,0,0,종류: 02 성인올슬림모-일반형(민감성)
6572,재구매 의사 있습니다,20.02.19.,4,0,0,종류: 02 성인올슬림모-일반형(민감성)
6573,재구매배송도 빠르고 좋습니다,20.02.18.,5,재구매,0,종류: 14 미소덴탈 금올슬림모(민감성)
6574,재구매배송도 빠르고 좋습니다,20.02.18.,5,재구매,0,종류: 08 교정칫솔-슬림형
6575,"가격도 저렴하고 성능도 너무 만족스럽네요
다음에도 또 이용할게요",20.02.27.,5,0,0,종류: 01 성인이중슬림모(보편적인)
6576,색상도 골고루 주셨네요.,20.03.10.,4,0,0,종류: 09 어금니-일반형
6577,구성 제대로 맞게 왔어요.,20.03.10.,4,0,0,종류: 07 교정칫솔-일반형
6578,교정자에게 좋아요 항상 10개씩 쟁여놔야 마음이 놓이는...,20.02.29.,5,0,0,종류: 08 교정칫솔-슬림형
6579,늘쓰던거라조아야요 모도 조아요,20.02.17.,5,0,0,종류: 05 어린이이중슬림모(7세-10세)
6580,엄청 부드러운 모는 아니고 적당한 느낌이고 사이즈가 작아서 꼼꼼히 닦을수있다는 장점 한번에 많이 못닦는다는 불편함 .. 하지만 맘에 듭니다 많이 파세요,20.01.29.,5,0,0,0
6581,전에 써보고 비슷한 걸 찾다가 주문했습니다.,20.03.06.,5,0,0,종류: 05 어린이이중슬림모(7세-10세)
6582,재구매모가 부드럽고 쓰기 괜찮아요,20.02.17.,4,재구매,0,종류: 01 성인이중슬림모(보편적인)
6583,가격좋고 빠른배송 좋아요,20.02.17.,5,0,0,종류: 07 교정칫솔-일반형
6584,전에 쓰다가 비슷한 걸 찾아서 주문했습니다.,20.03.06.,5,0,0,종류: 01 성인이중슬림모(보편적인)
6585,"잘쓰겧습니다
하루3번꼭",20.02.19.,5,0,0,종류: 08 교정칫솔-슬림형
6586,너무 조아요~~^^,20.03.15.,5,0,0,종류: 07 교정칫솔-일반형
6587,재구매배송도 빠르고 좋네요,20.02.18.,5,재구매,0,종류: 09 어금니-일반형
6588,재구매배송도 빠르고 좋네요,20.02.18.,5,재구매,0,종류: 11 어금니-슬림형
6589,재구매배송도 빠르고 좋네요,20.02.18.,5,재구매,0,종류: 15 미소덴탈 숯올슬림모(민감성)
6590,"재구매모가 엄청 부드러워요!
잇몸 약하신분 좋을듯해요",20.03.01.,5,재구매,0,종류: 00 초미세모(매우부드러운)
6591,짱 좋아요 배숭도 빠르고 이이그,20.02.12.,5,0,0,종류: 10 어금니-돔형
6592,짱 좋아요 배숭도 빠르고 이이그,20.02.12.,5,0,0,종류: 05 어린이이중슬림모(7세-10세)
6593,부드럽고 가격이 저렴해서 부담없이 사용하기 좋아여,20.03.03.,5,0,0,종류: 03 성인올슬림모-고급형(민감성)
6594,재구매항상잘쓰고있어요 품질도좋아요,20.03.08.,5,재구매,0,종류: 01 성인이중슬림모(보편적인)
6595,"항상 쓰던거라 좋아요
감사합니다",20.03.07.,5,0,0,종류: 01 성인이중슬림모(보편적인)
6596,"항상 쓰던거라 좋아요
감사합니다",20.03.07.,5,0,0,종류: 03 성인올슬림모-고급형(민감성)
6597,재구매좋아요 아주...우리가족이 이것만 써요 쭈~~욱 재구매할게요! 가성비짱!,20.02.07.,5,재구매,0,종류: 05 어린이이중슬림모(7세-10세)
6598,재구매재구매했는데 너무 좋아요~!!!,20.02.18.,5,재구매,0,종류: 07 교정칫솔-일반형
6599,저렴하게 잘삿어요^^,20.03.11.,4,0,0,종류: 03 성인올슬림모-고급형(민감성)
6600,칫솔이 튼튼하고 너무 잘 닦이고 좋습니다.,20.03.06.,5,0,0,종류: 00 성인일반모(단단한)
6601,칫솔이 튼튼하고 너무 잘 닦이고 좋습니다.,20.03.06.,5,0,0,종류: 07 교정칫솔-일반형
6602,재구매힘있게 잘 닦여요~ 우리집은 이것만 써요^^,20.03.02.,5,재구매,0,종류: 05 어린이이중슬림모(7세-10세)
6603,아직안써봤지만 좋은듯,20.03.08.,5,0,0,종류: 12 해피덴-비타민이중슬림모(보편적인)
6604,재구매모가 부드럽고 괜찮아요,20.02.17.,4,재구매,0,종류: 02 성인올슬림모-일반형(민감성)
6605,재구매세번째 재주문입니당,20.02.17.,5,재구매,0,종류: 01 성인이중슬림모(보편적인)
6606,가격품질모두 대만족,20.02.17.,5,0,0,종류: 11 어금니-슬림형
6607,가컥품질배송 대만족,20.02.17.,5,0,0,종류: 10 어금니-돔형
6608,늘쓰던거라너무너무조아요,20.02.17.,5,0,0,종류: 01 성인이중슬림모(보편적인)
6609,재구매했어요 좋아요,20.03.12.,5,0,0,종류: 03 성인올슬림모-고급형(민감성)
6610,"한달사용기한번 쓰면 다른칫솔 사용못할거같아요
크기 적당해서 딱좋고 아주 개운해서 좋아요",20.02.29.,5,0,한달사용기,종류: 01 성인이중슬림모(보편적인)
6611,기존에 쓰는것 보다 좋아요,20.02.16.,5,0,0,종류: 03 성인올슬림모-고급형(민감성)
6612,재구매계속쓰고있는제품인데좋아요,20.03.06.,4,재구매,0,종류: 04 어린이올슬림모(24개월-6세)
6613,재구매부드럽고 잘 닦여요!,20.02.18.,5,재구매,0,종류: 10 어금니-돔형
6614,만족해요  ~~^^,20.03.15.,5,0,0,종류: 11 어금니-슬림형
6615,좋아요~~~~~~~~,20.02.26.,5,0,0,종류: 13 해피덴-비타민올슬림모(민감성)
6616,"배송 빠릅니다.
아직 써 보진 않았지만 학교에서 보건수업시 받아온 칫솔과 같은 회사네요",20.02.27.,5,0,0,종류: 05 어린이이중슬림모(7세-10세)
6617,"좋아요 제품이 튼튼해서 일주일 정도 썼어요
교정브라켓 닦으면 칫솔이 금방 망가지는데 더 오래썼어요^^",20.01.27.,5,0,0,종류: 08 교정칫솔-슬림형
6618,한달사용기좋은 상품입니다 감사합니다,20.02.15.,5,0,한달사용기,종류: 03 성인올슬림모-고급형(민감성)
6619,감사합니다. ~  잘 받았습니다.~,20.03.04.,4,0,0,종류: 03 성인올슬림모-고급형(민감성)
6620,민적해여. 마족해용,20.02.15.,5,0,0,종류: 01 성인이중슬림모(보편적인)
6621,만족해요 ~~~^^,20.03.15.,5,0,0,종류: 02 성인올슬림모-일반형(민감성)
6622,만족해요 ~~~^^,20.03.15.,5,0,0,종류: 01 성인이중슬림모(보편적인)
6623,싸네요빨리오고치과에서준거보다좋음,20.02.28.,5,0,0,종류: 08 교정칫솔-슬림형
6624,한달사용기재구매칫솔모 강도도 적당하고 칫솔 후 개운합니다,20.03.04.,5,재구매,한달사용기,종류: 01 성인이중슬림모(보편적인)
6625,재구매항상 쓰는제품.. 이름칸이 있어서 애둘에게 좋아요.,20.02.12.,5,재구매,0,종류: 04 어린이올슬림모(24개월-6세)
6626,재구매사랑니 윗면 닦기 좋아요!,20.03.08.,5,재구매,0,종류: 10 어금니-돔형
6627,빠른배송 감ㅅㅏ합니다..,20.03.15.,5,0,0,종류: 03 성인올슬림모-고급형(민감성)
6628,"부드럽고 좋아요~
다음에도 주문하겠습니다",20.02.29.,5,0,0,종류: 00 초미세모(매우부드러운)
6629,부드럽고 괜찮아요  아이들이 좋다고 합니다,20.02.07.,4,0,0,종류: 03 성인올슬림모-고급형(민감성)
6630,한달사용기가성비 만족 항상 쓰고 있는 제품 입니다,20.03.04.,5,0,한달사용기,종류: 00 성인일반모(단단한)
6631,재구매항상 쓰는 제품이에요 좋아요,20.03.06.,5,재구매,0,종류: 01 성인이중슬림모(보편적인)
6632,재구매항상 쓰는 제품이에요 좋아요,20.03.06.,5,재구매,0,종류: 04 어린이올슬림모(24개월-6세)
6633,빠른배송감사합니다~맛두 고소하구 좋아요,20.02.27.,5,0,0,종류: 10 어금니-돔형
6634,미세모라서  좋네요,20.03.08.,5,0,0,종류: 00 초미세모(매우부드러운)
6635,"한상 쓰던제품 맘에
들어요",20.02.15.,5,0,0,종류: 04 어린이올슬림모(24개월-6세)
6636,항상쓰던제품 만족해요,20.02.15.,5,0,0,종류: 03 성인올슬림모-고급형(민감성)
6637,배송빠른고 늘 쓰던거라 만족합니다,20.03.04.,4,0,0,종류: 05 어린이이중슬림모(7세-10세)
6638,배송빠르고 늘 쓰던거라 만족합니다,20.03.04.,4,0,0,종류: 03 성인올슬림모-고급형(민감성)
6639,"아직 써보진 않았지만, 잘 쓰겠습니다",20.03.05.,5,0,0,종류: 01 성인이중슬림모(보편적인)
6640,부드럽고 아주 좋아요,20.02.16.,5,0,0,종류: 01 성인이중슬림모(보편적인)
6641,"사용하던 곳입니다. 미소덴탈...
모가 부드럽고 좋아요. 의사들이 추천하는 칫솔이라네요.",20.02.22.,5,0,0,종류: 03 성인올슬림모-고급형(민감성)
6642,꾸준히 사용할예정이고 사이 사이 닦으로 있어 좋아요ㅎ,20.02.11.,5,0,0,종류: 09 어금니-일반형
6643,배송빠르고 교정중인 딸. 사용예정입니다.,20.02.12.,5,0,0,종류: 08 교정칫솔-슬림형
6644,재구매저번에 사고 맘에들어서 이번에 많이 샀어요 너무 괜찮고 가격도 착해서 앞으로도 여기서 살것같아요 많이 파세영,20.01.30.,5,재구매,0,종류: 00 성인일반모(단단한)
6645,재구매저번에 사고 맘에들어서 이번에 많이 샀어요 너무 괜찮고 가격도 착해서 앞으로도 여기서 살것같아요 많이 파세영,20.01.30.,5,재구매,0,종류: 15 미소덴탈 숯올슬림모(민감성)
6646,재구매저번에 사고 맘에들어서 이번에 많이 샀어요 너무 괜찮고 가격도 착해서 앞으로도 여기서 살것같아요 많이 파세영,20.01.30.,5,재구매,0,종류: 14 미소덴탈 금올슬림모(민감성)
6647,재구매저번에 사고 맘에들어서 이번에 많이 샀어요 너무 괜찮고 가격도 착해서 앞으로도 여기서 살것같아요 많이 파세영,20.01.30.,5,재구매,0,종류: 00 성인일반모(단단한)
6648,재구매저번에 사고 맘에들어서 이번에 많이 샀어요 너무 괜찮고 가격도 착해서 앞으로도 여기서 살것같아요 많이 파세영,20.01.30.,5,재구매,0,종류: 02 성인올슬림모-일반형(민감성)
6649,재구매저번에 사고 맘에들어서 이번에 많이 샀어요 너무 괜찮고 가격도 착해서 앞으로도 여기서 살것같아요 많이 파세영,20.01.30.,5,재구매,0,종류: 01 성인이중슬림모(보편적인)
6650,재구매저번에 사고 맘에들어서 이번에 많이 샀어요 너무 괜찮고 가격도 착해서 앞으로도 여기서 살것같아요 많이 파세영,20.01.30.,5,재구매,0,종류: 00 초미세모(매우부드러운)
6651,상품이나 배송 모두 만족합니다,20.02.14.,5,0,0,0
6652,빠른배송 만족합니다,20.03.07.,5,0,0,종류: 00 성인일반모(단단한)
6653,깔끔 개별 포장 좋아요,20.03.07.,4,0,0,종류: 04 어린이올슬림모(24개월-6세)
6654,깔끔 개별 포장 좋아요,20.03.07.,4,0,0,종류: 5-1 너구리올슬림모(24개월-6세)
6655,한달사용기교정하고있어 구입했습니다,20.03.05.,5,0,한달사용기,종류: 07 교정칫솔-일반형
6656,"한달사용기재구매만족합니다
미세모항 일반모가 섞여서 적당이 힘이 있어요",20.02.10.,5,재구매,한달사용기,종류: 01 성인이중슬림모(보편적인)
6657,"치과용 칫솔이라 너무 좋습니다
단 두가지 아쉬운점은?
1 닦을때 엄지 부분이 잘 미끄러짐~
2 보통모 칫솔은 너무 칫솔모가 너무 빡빡함~",20.02.19.,4,0,0,종류: 01 성인이중슬림모(보편적인)
6658,재구매계속재구매하고있어요,20.03.06.,4,재구매,0,종류: 01 성인이중슬림모(보편적인)
6659,교정기가 떨어졌어요..너무단단한가봄 ㅜㅜㅜ,20.02.09.,3,0,0,종류: 07 교정칫솔-일반형
6660,저렴하게 잘샀어요ㅋ,20.03.08.,5,0,0,종류: 13 해피덴-비타민올슬림모(민감성)
6661,재구매아주잘쓰고있어요 매번구매합니다,20.02.07.,5,재구매,0,종류: 03 성인올슬림모-고급형(민감성)
6662,손님용으로 싸게 비치완로ㅡ,20.03.08.,5,0,0,종류: 14 미소덴탈 금올슬림모(민감성)
6663,어금니 닦아보려고 구매했ㅇㆍㅣ요 ㅎㅎ,20.02.22.,5,0,0,종류: 10 어금니-돔형
6664,한달사용기아이들은 잇몸이 약해서 일반아동용 칫솔로 이닦을때 많이 아파해서 샀는데 완전 대만족이에요 너무너무 부드럽고 좋아요,20.02.22.,5,0,한달사용기,종류: 00 초미세모(매우부드러운)
6665,"한달사용기교정하는 내내 늘 이 칫솔 사용합니다!!!!!!
2년 반 - 지금 거의 3년 다 되가는데 
대량으로 3-4번 정도 구매해서 잘 쓰고 있어요 😀 
너무너무 만족하고 요기 칫솔찾게되서 저렴하게 
잘 산 기분이예요!! 
남은 교정기간동안 잘 부탁 드립니다 ☺️",20.01.22.,5,0,한달사용기,종류: 07 교정칫솔-일반형
6666,첫 추문이라 아직 미사용중입니다.,20.02.13.,4,0,0,종류: 01 성인이중슬림모(보편적인)
6667,선물받아서 사용했었는데 좋아서 구매했어요 좋습니다,20.02.29.,5,0,0,종류: 02 성인올슬림모-일반형(민감성)
6668,부드럽고 치아에좋습니다,20.03.06.,4,0,0,종류: 04 어린이올슬림모(24개월-6세)
6669,부드럽고 치아에좋습니다,20.03.06.,4,0,0,종류: 05 어린이이중슬림모(7세-10세)
6670,부드럽고 치아에 좋습니다,20.03.06.,4,0,0,종류: 03 성인올슬림모-고급형(민감성)
6671,재구매조아요~~~ 잘쓸께요~~~,20.02.17.,5,재구매,0,종류: 01 성인이중슬림모(보편적인)
6672,한달사용기미세하게 닦을수있어조아요,20.02.13.,5,0,한달사용기,종류: 09 어금니-일반형
6673,배송 빠르게 감사해요,20.03.06.,4,0,0,종류: 00 성인일반모(단단한)
6674,배송도 빠르고 상품도 맘에들어요^^,20.02.14.,5,0,0,종류: 01 성인이중슬림모(보편적인)
6675,디자인도 예쁘고 잘 닦이는 기분이에요 ㅎ,20.03.03.,5,0,0,종류: 01 성인이중슬림모(보편적인)
6676,넉넉하게 잘산거가터요~감사합니다,20.02.27.,5,0,0,종류: 5-2 너구리이중슬림모(7세-10세)
6677,한달사용기금방 망가지지만 자주갈면되긴해요..ㅎㅎ,20.02.13.,5,0,한달사용기,종류: 07 교정칫솔-일반형
6678,"상품설명페이지보다는 색상이 상당히 옅습니다.
아직 사용해보진 않아서 효과는 모르겠네요.",20.02.04.,4,0,0,종류: 03 성인올슬림모-고급형(민감성)
6679,좋아뇨~~~~~~~,20.04.01.,4,0,0,종류: 07 교정칫솔-일반형
6680,칫솔모도 부드럽고 사이즈도 적당하고 아주 좋아요^^,20.03.03.,5,0,0,종류: 15 미소덴탈 숯올슬림모(민감성)
6681,어금니칫솔 미리 쟁여 놓고 써야해요 ^^,20.02.12.,5,0,0,종류: 09 어금니-일반형
6682,재구매좋아요 ! 역시 일반모가 쓰기 좋네요 ^^,20.03.01.,5,재구매,0,종류: 01 성인이중슬림모(보편적인)
6683,"처음사용해보았습니다.
그동안 이금니 사이 치솔이 안들어가불편했는데
좋습니다~",20.02.26.,3,0,0,종류: 08 교정칫솔-슬림형
6684,종아요`~~~ 감사합니다~,20.03.04.,4,0,0,종류: 02 성인올슬림모-일반형(민감성)
6685,재구매모가 작아서 닦기 좋아요~,20.03.06.,5,재구매,0,종류: 00 초미세모(매우부드러운)
6686,배송 빨라서 굿~^^/ 쓰던 제품이라 시켰어요~^^,20.03.04.,5,0,0,종류: 14 미소덴탈 금올슬림모(민감성)
6687,배송 빨라서 굿~^^/ 쓰던 제품이라 시켰어요~^^,20.03.04.,5,0,0,종류: 01 성인이중슬림모(보편적인)
6688,전에 썼던거라... 애기들 미세하게 닦아줄때도 좋아요,20.02.29.,5,0,0,종류: 10 어금니-돔형
6689,"재구매잘받았습니다.. 벌써 3번째 주문하는거 같아요.
고급형이 탄력이 좋아서 이번엔 고급형만 주문했어요",20.02.01.,5,재구매,0,종류: 03 성인올슬림모-고급형(민감성)
6690,"가볍고 양치하기 좋은 사이즈입니다~ 
개인적으로 올슬림모 추천합니다~^^",20.02.27.,5,0,0,종류: 02 성인올슬림모-일반형(민감성)
6691,"배송, 상품 모두 만족합니다",20.02.14.,5,0,0,종류: 01 성인이중슬림모(보편적인)
6692,부드러운것 같아요 ㅎㅎ,20.02.16.,5,0,0,종류: 02 성인올슬림모-일반형(민감성)
6693,종류별로 잘쓰고있어요~^^,20.03.06.,5,0,0,종류: 00 초미세모(매우부드러운)
6694,종류별로 잘쓰고있어요~^^,20.03.06.,5,0,0,종류: 01 성인이중슬림모(보편적인)
6695,종류별로 잘쓰고있어요~^^,20.03.06.,5,0,0,종류: 03 성인올슬림모-고급형(민감성)
6696,"가성비 좋은 제품입니다
가격도 제품도 굿굿굿~
감사해요!",20.03.05.,5,0,0,종류: 01 성인이중슬림모(보편적인)
6697,가격도 저렴한테 퀄리티 뛰어나네요~ 구석구석 잘닦이고 좋습니다.,20.02.22.,5,0,0,종류: 01 성인이중슬림모(보편적인)
6698,사용전이지만 넉넉하니 사서 쓰니좋아요,20.03.01.,5,0,0,종류: 02 성인올슬림모-일반형(민감성)
6699,부드러운 교정칫솔 찾고 있었는데 마음에 듭니다.,20.02.09.,5,0,0,종류: 08 교정칫솔-슬림형
6700,재구매교정칫솔 좋아요. 가격도 저렴하니 잘 쓰고 있어요,20.02.25.,5,재구매,0,종류: 07 교정칫솔-일반형
6701,한달사용기심히 딱딱하지많고 적당,20.02.13.,5,0,한달사용기,종류: 08 교정칫솔-슬림형
6702,생각보다 크기가 작아요,20.02.13.,4,0,0,종류: 10 어금니-돔형
6703,부드럽고 잘닦여요 좋아요,20.03.06.,5,0,0,종류: 13 해피덴-비타민올슬림모(민감성)
6704,부드럽고 좋아요 잘 닦여요,20.03.06.,5,0,0,종류: 10 어금니-돔형
6705,"잘 받았습니다 ~~
미세모라 부드러워서 만족합니다~",20.03.01.,5,0,0,종류: 09 어금니-일반형
6706,"생각보다 칫솔질할때 느낌이 더 좋아요
잘산거같아요",20.02.08.,5,0,0,종류: 00 초미세모(매우부드러운)
6707,배송 빠르고 우리 아들둘이 교정시작해서 시켰는데 가격도 저렴하고 괜찮아요 굿,20.02.24.,5,0,0,종류: 08 교정칫솔-슬림형
6708,재구매늘 쓰던제품이라 품질은 가성비 최고 .... 다 쓰면 재구매 할게요,20.02.07.,5,재구매,0,종류: 04 어린이올슬림모(24개월-6세)
6709,좋아요좋아요좋아요좋아요좋아요좋아요좋아요좋아요좋아요좋아요좋아요좋아요,20.03.26.,5,0,0,종류: 11 어금니-슬림형
6710,뾰족해서 잘닦여요 만족해요,20.02.08.,5,0,0,종류: 08 교정칫솔-슬림형
6711,원래쓰던건데 치솔머리가 작아서 구석구석 관리하기 좋아요,20.02.26.,5,0,0,종류: 01 성인이중슬림모(보편적인)
6712,어금니칫솔 넘 좋아요 끝에 어금니 안쪽 못닦아서 맨날 찝찝했는데 속시원해요 아가칫솔은 애들이 조금 아파하는것같아서 계속 쓸지 조금 고민입니다,20.02.14.,4,0,0,종류: 06 유아올슬림모(13개월-36개월)
6713,"가볍고 양치하기 편합니다.
개인적으로 올슬림모 추천합니다~~",20.02.27.,5,0,0,종류: 01 성인이중슬림모(보편적인)
6714,한달사용기다음에도 이용할겁니다,20.03.03.,5,0,한달사용기,종류: 08 교정칫솔-슬림형
6715,두번째 구매요. 좋아요,20.03.02.,5,0,0,종류: 01 성인이중슬림모(보편적인)
6716,재구매칫솔이 부드러워서 좋아요,20.03.03.,5,재구매,0,종류: 09 어금니-일반형
6717,재구매칫솔이 부드러워서 좋아요,20.03.03.,5,재구매,0,종류: 01 성인이중슬림모(보편적인)
6718,일반형 쓰다 슬림모 쓰니 부드러워 좋아요,20.02.29.,5,0,0,종류: 07 교정칫솔-일반형
6719,좋아요~~저렴하게 구매했어요~~,20.03.01.,4,0,0,종류: 07 교정칫솔-일반형
6720,매번 쓰던거라 좋아요~,20.02.13.,5,0,0,종류: 00 성인일반모(단단한)
6721,매번 쓰던거라 좋아요~,20.02.13.,5,0,0,종류: 01 성인이중슬림모(보편적인)
6722,한달사용기재구매좋은상품 잘 받았습니다.,20.03.04.,4,재구매,한달사용기,종류: 11 어금니-슬림형
6723,아들이 교정해서 샀습니다. 전에 쓰는것 보다 부드럽지 않지만 좋다고하네요,20.02.03.,5,0,0,종류: 07 교정칫솔-일반형
6724,매번 사용하는 제품입니다.,20.03.03.,3,0,0,종류: 02 성인올슬림모-일반형(민감성)
6725,재구매가격도 저렴하고 배송도 빠르고 포장도 깔끔하니 좋더라구요~몇번째 주문이지만 만족합니다.^^!!,20.02.20.,5,재구매,0,종류: 01 성인이중슬림모(보편적인)
6726,"좋아요
아이들 칫솔 주문했네요",20.02.12.,5,0,0,종류: 05 어린이이중슬림모(7세-10세)
6727,"좋아요
아이들 칫솔 준비했네요",20.02.12.,5,0,0,종류: 04 어린이올슬림모(24개월-6세)
6728,"한달사용기재구매교정기간동안 여기 알게된후로
계속 여기서만 주문했어요~
칫솔모도 여러가지라서 골라쓰기도 좋았어요~
교정 끝나가니 일반칫솔 구매찜해놨네요~",20.02.13.,5,재구매,한달사용기,종류: 07 교정칫솔-일반형
6729,재구매배송빨라요 많이 파세요,20.03.03.,3,재구매,0,종류: 03 성인올슬림모-고급형(민감성)
6730,아직 미사용중입니다.,20.02.13.,4,0,0,종류: 00 성인일반모(단단한)
6731,아직 미사용중입니다.,20.02.13.,4,0,0,종류: 09 어금니-일반형
6732,"한달사용기아이들쓰기도
딱좋은것같아요
부드럽고
괜찮아용",20.02.27.,4,0,한달사용기,종류: 00 성인일반모(단단한)
6733,부드러워 정말 좋아여,20.03.03.,5,0,0,종류: 5-1 너구리올슬림모(24개월-6세)
6734,만족해요 진짜~~또사용할게요,20.02.28.,5,0,0,종류: 5-1 너구리올슬림모(24개월-6세)
6735,"배송빨라서 너무좋네요

칠솟도 좋습니다",20.02.29.,5,0,0,종류: 01 성인이중슬림모(보편적인)
6736,"치과에서 주는 칫솔과 거의비슷하네요

만족^^",20.02.29.,5,0,0,종류: 03 성인올슬림모-고급형(민감성)
6737,부그럽고 깨끗이 치솔질이 잘된답니다,20.02.29.,5,0,0,종류: 08 교정칫솔-슬림형
6738,구매상품 덜 왔습니다 확인해주세요,20.02.08.,1,0,0,종류: 15 미소덴탈 숯올슬림모(민감성)
6739,"교정칫솔 구매하면서 함께 구매해봤어요
적당히 쓰기에 나쁘지 않아요",20.02.06.,4,0,0,종류: 05 어린이이중슬림모(7세-10세)
6740,좋아요..만족합니다..,20.03.01.,4,0,0,종류: 00 성인일반모(단단한)
6741,배송이 빨라서 좋아요^^,20.03.04.,5,0,0,종류: 07 교정칫솔-일반형
6742,아들 교정중이라 구매했어요 아직 사용전이라 좋으면 재구매하겠습니다,20.02.19.,3,0,0,종류: 08 교정칫솔-슬림형
6743,재구매부모님 사드렸는데 좋아하시네요~~,20.03.01.,5,재구매,0,종류: 5-1 너구리올슬림모(24개월-6세)
6744,배송신속하고 제품도 좋아보입니다.,20.02.29.,5,0,0,종류: 01 성인이중슬림모(보편적인)
6745,사용감도 만족하고 가격도 저렴해요,20.03.01.,4,0,0,종류: 01 성인이중슬림모(보편적인)
6746,"미소덴탈 애기들꺼 쓰고있는데 어른께 나와서 사봤습니다.

역시 국산이 최고죠",20.02.23.,5,0,0,종류: 13 해피덴-비타민올슬림모(민감성)
6747,좋아요 믿고써요ㅋㅋ,20.03.08.,5,0,0,종류: 02 성인올슬림모-일반형(민감성)
6748,칫솔모가 부드럽고 칫솔 헤드가 작아서 좋아요! 항상 여기서만 주문합니다. 또 칫솔 캡이 있어서 들고 다니기 너무 편리해요~,20.02.14.,4,0,0,종류: 03 성인올슬림모-고급형(민감성)
6749,기존의 쓰던것과 비슷한데 가격은 저렴해좋습니다. 사이즈가 다양해 더 좋네요.,20.02.17.,5,0,0,종류: 09 어금니-일반형
6750,한달사용기사용감 좋아서 재구매했어요,20.03.01.,5,0,한달사용기,종류: 01 성인이중슬림모(보편적인)
6751,어금니까지 생각해 구입했습니다.,20.02.09.,5,0,0,종류: 10 어금니-돔형
6752,구매상품 덜 왔습니다 확인해주세요,20.02.08.,1,0,0,종류: 00 초미세모(매우부드러운)
6753,구매상품 덜 왔습니다 확인해주세요,20.02.08.,1,0,0,종류: 01 성인이중슬림모(보편적인)
6754,구매상품 덜 왔습니다 확인해주세요,20.02.08.,1,0,0,종류: 10 어금니-돔형
6755,😍😍😍😍😍😍😍,20.03.31.,5,0,0,종류: 03 성인올슬림모-고급형(민감성)
6756,저렴하게 잘 구매했네요. 잘 쓰겠습니다.,20.02.26.,3,0,0,종류: 07 교정칫솔-일반형
6757,이 전에 쓰던거라 재구매했어요. 이것 저것 써봐도 여기 칫솔이 아이들한테 쓰기 좋네여.,20.02.16.,5,0,0,종류: 04 어린이올슬림모(24개월-6세)
6758,계속 재구매해서 쓰고있어요 넘좋아요,20.02.04.,5,0,0,종류: 03 성인올슬림모-고급형(민감성)
6759,"한달사용기빳빳한걸 좋아하는 신랑은 만족하네요
제품마다 휴대케이스가 있어서 좋아요",20.01.28.,5,0,한달사용기,종류: 00 성인일반모(단단한)
6760,교정해서 구입했습니다 만족해요,20.02.08.,4,0,0,종류: 07 교정칫솔-일반형
6761,"제품 괜찮습니다. 배송도 빠르고...
다음에 또 구매하도록 하겠습니다.",20.02.20.,5,0,0,0
6762,"한달사용기재구매만족합니다
솔이 힘이있어 좋아요",20.02.10.,4,재구매,한달사용기,종류: 00 성인일반모(단단한)
6763,치과에서 사용하는 이유가 있네요,20.02.28.,5,0,0,종류: 05 어린이이중슬림모(7세-10세)
6764,치과에서 사용하는 이유가 있네요,20.02.28.,5,0,0,종류: 01 성인이중슬림모(보편적인)
6765,치과에서 사용하는 이유가 있네요,20.02.28.,5,0,0,종류: 00 성인일반모(단단한)
6766,초등1학년 딸이 너무좋아하네요,20.02.29.,5,0,0,종류: 05 어린이이중슬림모(7세-10세)
6767,"저렴하게 잘산듯 합니다 
많이 파세요",20.02.28.,4,0,0,종류: 10 어금니-돔형
6768,"한달사용기어금니 닦기 너무 좋아요
다음에 재구매할께요",20.02.21.,4,0,한달사용기,종류: 10 어금니-돔형
6769,한달사용기항상 쓰는 칫솔이에요,20.03.02.,5,0,한달사용기,종류: 01 성인이중슬림모(보편적인)
6770,기존 치과에서 판매하는것과 차이가 많습니다. 일단 너무 솔이 뻣뻣합니다.,20.02.17.,3,0,0,종류: 08 교정칫솔-슬림형
6771,항상쓰던겁니다 좋아요,20.03.01.,5,0,0,종류: 00 성인일반모(단단한)
6772,어금니가 쉬원하니 좋습니다,20.02.29.,5,0,0,종류: 11 어금니-슬림형
6773,불편하지않고 쓰기딱좋습니다,20.02.28.,5,0,0,종류: 12 해피덴-비타민이중슬림모(보편적인)
6774,수량넉넉하니  좋아요,20.03.01.,5,0,0,종류: 00 초미세모(매우부드러운)
6775,"한달사용기칫솔모가 좋아요
다음에 재구매 할꺼같아요~",20.02.21.,4,0,한달사용기,종류: 09 어금니-일반형
6776,네 항상 사용 좋습니다,20.03.01.,5,0,0,종류: 00 초미세모(매우부드러운)
6777,배송도 빠르고 싼가격에 잘샀어요,20.02.27.,4,0,0,종류: 05 어린이이중슬림모(7세-10세)
6778,한달사용기이 닿는 부분이 길고 좋습니다!,20.03.02.,5,0,한달사용기,종류: 12 해피덴-비타민이중슬림모(보편적인)
6779,"한달사용기재구매교정중 어금니 사이가 미세하게 벌어져서
미세모 어금니칫솔 정말 잘 사용했어요~
덕분에 충치없이 교정 마무리단계에용~~~",20.02.13.,5,재구매,한달사용기,종류: 11 어금니-슬림형
6780,"좋습니다요
재구매했어요",20.03.03.,5,0,0,종류: 05 어린이이중슬림모(7세-10세)
6781,한달사용기재구매늘쓰는 제품 가성비갑이에요,20.02.28.,4,재구매,한달사용기,종류: 03 성인올슬림모-고급형(민감성)
6782,칫솔모가 풍성하고 잘 닦여요,20.02.28.,5,0,0,종류: 08 교정칫솔-슬림형
6783,칫솔간격이 치아 사이사이 닦아내기 좋은 사이즈라 틈새 이물질을 제거하기에 편한거 같습니다... 올바른 칫솔질로 건강한 치아를 유지하시기 바랍니다,20.01.24.,5,0,0,종류: 03 성인올슬림모-고급형(민감성)
6784,꼼꼼하게 포장돼 왔습니다.,20.02.09.,5,0,0,종류: 07 교정칫솔-일반형
6785,아이 교정중이라 구매했는데 너무 부드러워서 살짝 불만족이라구요. .,20.02.22.,3,0,0,종류: 08 교정칫솔-슬림형
6786,교정 칫솔 부드러운모가 있는지  몰랐네요 .알았음 진작에 살껄 부드럽게 잘닦이고 잇몸 안아파요,20.02.14.,3,0,0,종류: 08 교정칫솔-슬림형
6787,한달사용기재구매괜찮아요~~~~~~~~^^,20.03.09.,4,재구매,한달사용기,종류: 01 성인이중슬림모(보편적인)
6788,매번 사는 건데 좋습니다.,20.03.01.,5,0,0,종류: 01 성인이중슬림모(보편적인)
6789,교정 중 사용하기 좋아요,20.02.29.,5,0,0,종류: 10 어금니-돔형
6790,"어금니칫솔꼭써야한다고해서 구매했어요
써보니 치아관리에 도움이 많이되네요",20.02.15.,3,0,0,종류: 09 어금니-일반형
6791,배송빠르고가성비좋아요,20.02.28.,5,0,0,종류: 03 성인올슬림모-고급형(민감성)
6792,한달사용기굿굿 교정중이라 샀는데 칫솔모 짱짱하고 조아요,20.02.25.,4,0,한달사용기,종류: 09 어금니-일반형
6793,괜히입소문난제품이아닌듯..,20.02.28.,5,0,0,종류: 01 성인이중슬림모(보편적인)
6794,처음써보는데 괜찮아요,20.02.28.,5,0,0,종류: 02 성인올슬림모-일반형(민감성)
6795,번창하세요 많이파세요,20.02.28.,5,0,0,종류: 10 어금니-돔형
6796,번창하세요 많이파세요,20.02.28.,5,0,0,종류: 11 어금니-슬림형
6797,캡도있고 만족합니다,20.02.08.,4,0,0,종류: 09 어금니-일반형
6798,재구매좋아요~~~~~~~~~,20.03.09.,4,재구매,0,종류: 01 성인이중슬림모(보편적인)
6799,너무조아서 또시켜요,20.02.08.,5,0,0,종류: 01 성인이중슬림모(보편적인)
6800,저는 만족합니다 굳굳,20.02.28.,5,0,0,종류: 13 해피덴-비타민올슬림모(민감성)
6801,생각보다 좋아요 ㅜ,20.03.01.,3,0,0,종류: 00 초미세모(매우부드러운)
6802,저렴하고 기존 사용하는거입니다.,20.02.06.,4,0,0,종류: 04 어린이올슬림모(24개월-6세)
6803,돔형이 어금니 칫솔질하기 가장 죻아요,20.02.04.,5,0,0,종류: 10 어금니-돔형
6804,재구매교정하는 아들이  늘 여기 교정 칫솔은 썼는데요 교정이 끝났어도 일반 칫솔을 꼭 여기서 시켜요,20.02.16.,4,재구매,0,종류: 00 성인일반모(단단한)
6805,우리집 칫솔은 요기!!!,20.02.10.,5,0,0,종류: 12 해피덴-비타민이중슬림모(보편적인)
6806,"일반 칫솔보다 칫솔모가 짱짱한 느낌이예요.
근데 아이들 유아용 칫솔은 칫솔길이가 너무 길어요...",20.02.19.,4,0,0,종류: 01 성인이중슬림모(보편적인)
6807,사은품도 주시고 좋아요^^,20.02.29.,4,0,0,종류: 02 성인올슬림모-일반형(민감성)
6808,저렴하게 잘 샀습니다,20.02.28.,5,0,0,종류: 08 교정칫솔-슬림형
6809,저렴하게 잘 샀습니다,20.02.28.,5,0,0,종류: 11 어금니-슬림형
6810,저렴하게 잘 샀습니다,20.02.28.,5,0,0,종류: 07 교정칫솔-일반형
6811,저렴하게 잘 샀습니다,20.02.28.,5,0,0,종류: 09 어금니-일반형
6812,포장도 잘돼있고 교정 칫솔은 처음 써보는데 모가 걸려서 빠지는일도 없고 좋네요 만족합니다 교정칫솔은 배송 오자마자 사용하고있어서 사직을 못찍었네요,20.01.23.,5,0,0,종류: 01 성인이중슬림모(보편적인)
6813,배송이 늦어서 별2개 뺏습니다,20.02.27.,3,0,0,종류: 05 어린이이중슬림모(7세-10세)
6814,기존사용하던거 저렴합니다,20.02.06.,4,0,0,종류: 06 유아올슬림모(13개월-36개월)
6815,부드럽게 잘 닦이고 저렴해서 좋아요^^,20.02.05.,5,0,0,종류: 01 성인이중슬림모(보편적인)
6816,알록달록 하몀 촌스러울수 있는데 뭔가 심플하고 예쁜 디자인이네요,20.02.20.,5,0,0,종류: 01 성인이중슬림모(보편적인)
6817,칫솔모가 좀 작긴한데 부드럽고 좋아요^^,20.02.25.,5,0,0,종류: 05 어린이이중슬림모(7세-10세)
6818,저렴하게 쓰기 편해서 좋아요,20.02.06.,5,0,0,종류: 08 교정칫솔-슬림형
6819,좋아요 빨라요 최고요 싸요,20.02.26.,5,0,0,종류: 03 성인올슬림모-고급형(민감성)
6820,종류별로 하나씩 구매해봤어요 아직사용전이에요,20.02.16.,5,0,0,종류: 11 어금니-슬림형
6821,"오프라인으로 사기가 쉽지 않아 대량구매합니다!!!
잘 사용하겠습니다",20.02.15.,5,0,0,종류: 08 교정칫솔-슬림형
6822,좋아요 잘닦여요 맘에들어요,20.02.03.,4,0,0,종류: 14 미소덴탈 금올슬림모(민감성)
6823,좋아요 잘닦여요 맘에들어요,20.02.03.,4,0,0,종류: 12 해피덴-비타민이중슬림모(보편적인)
6824,좋아요 잘닦여요 맘에들어요,20.02.03.,4,0,0,종류: 08 교정칫솔-슬림형
6825,좋아요 잘닦여요 맘에들어요,20.02.03.,4,0,0,종류: 10 어금니-돔형
6826,좋아요 잘닦여요 맘에들어요,20.02.03.,4,0,0,종류: 13 해피덴-비타민올슬림모(민감성)
6827,이 가격에 퀄리티 정말 괜찮아요. 재구매했어요~,20.02.19.,5,0,0,종류: 00 성인일반모(단단한)
6828,"손잡이색상 다양하게 배송해주셔서 교체 할 때라던지  혼자 쓰는게 아니라 구분짓기 편해서 좋습니다.
네임칫솔이랑 같이 구매했지만 배송비를 다르게 부과해서 배송비부과부분이 아쉽고 네임칫솔은 제작때문에 못 받았지만 일반올슬림모는 빨리 받았네요.",20.02.04.,4,0,0,종류: 00 초미세모(매우부드러운)
6829,"확실히 좋으네요.
칫솔이 견고해요. 교정브라켓 닦아도 모가 상하지 않았어요. 가격도 착하고 계속 여기서 사야겠어요~^",20.01.21.,5,0,0,종류: 07 교정칫솔-일반형
6830,재구매저렴하게 재구매 했어요,20.02.06.,4,재구매,0,종류: 08 교정칫솔-슬림형
6831,계속 쓰고. 있는데 잇몸도 아프지안고 잘닦여서 좋아요,20.02.21.,5,0,0,종류: 05 어린이이중슬림모(7세-10세)
6832,계속 쓰고. 있는데 잇몸도 아프지안고 잘닦여서 좋아요,20.02.21.,5,0,0,종류: 02 성인올슬림모-일반형(민감성)
6833,부드럽고 좋아요~^^,20.03.01.,5,0,0,종류: 14 미소덴탈 금올슬림모(민감성)
6834,가격대비 칫솔모가 좋은거 같아요^^,20.02.25.,5,0,0,종류: 01 성인이중슬림모(보편적인)
6835,잘쓰고이습니디감사해오,20.02.25.,5,0,0,종류: 13 해피덴-비타민올슬림모(민감성)
6836,한달사용기만족합니당!!! 구매했던거 다 써가면 재구매할게요!,20.02.18.,5,0,한달사용기,종류: 00 성인일반모(단단한)
6837,"부드럽고 자극없어서 잘 닦이네요, 잇몸이 약해서 이런게 좋아요.",20.02.16.,5,0,0,종류: 08 교정칫솔-슬림형
6838,쓰기편하고 좋습니다 다쓰면또사야겠어요,20.02.22.,5,0,0,종류: 11 어금니-슬림형
6839,배송 빠르고 괜찮아요 굿 입니다,20.02.24.,5,0,0,종류: 07 교정칫솔-일반형
6840,매번칫솔구매하고있는데부드럽고좋아요,20.02.01.,5,0,0,종류: 11 어금니-슬림형
6841,한달사용기모가 단단하고 촘촘해서 이가 잘 닦입니다,20.02.22.,5,0,한달사용기,종류: 10 어금니-돔형
6842,좋아요조아요조아용%%,20.02.06.,5,0,0,종류: 5-1 너구리올슬림모(24개월-6세)
6843,좋아요조아요조아용%%,20.02.06.,5,0,0,종류: 11 어금니-슬림형
6844,wh조하용치과에서쓰,20.02.28.,5,0,0,0
6845,재구매유아꺼는 이번에 처음 사보네요~~ 수입제품 쓰다가 갈아타봤는데 좋았으면 좋겠어요~ 칫솔이 엄청 미니미 해서ㅈ귀엽네요~~,20.01.21.,4,재구매,0,종류: 06 유아올슬림모(13개월-36개월)
6846,한달사용기너무 좋아요 재구매 의사있어요~~,20.02.21.,3,0,한달사용기,종류: 12 해피덴-비타민이중슬림모(보편적인)
6847,한달사용기이중모에 적당히 부드러워 양치질 후 개운해요,20.02.21.,4,0,한달사용기,종류: 01 성인이중슬림모(보편적인)
6848,상품평이 좋아서 한번 써볼려고 구매합니다,20.02.21.,5,0,0,종류: 03 성인올슬림모-고급형(민감성)
6849,"한달사용기아이가 아파하지 않고 잘써요
재구매할거에요",20.02.16.,5,0,한달사용기,종류: 04 어린이올슬림모(24개월-6세)
6850,재구매늘 사는거에요~ 애기들꺼 사면서 같이 샀어요~ 칫솔 크기도 딱 좋고 이도 잘 닦이는 거 같아요,20.01.21.,4,재구매,0,종류: 01 성인이중슬림모(보편적인)
6851,👍👍👍👍👍👍👍,20.03.25.,5,0,0,종류: 08 교정칫솔-슬림형
6852,헤드가작고 개별 뚜껑이있어 위생적일거같아요,20.01.30.,4,0,0,종류: 10 어금니-돔형
6853,단계 올려서 바꿔줬어요. 맘에 들어요~,20.02.19.,5,0,0,종류: 04 어린이올슬림모(24개월-6세)
6854,"매번쓰던칫솔입니다
빠른배송감사드리고 앞으로도 쭉~~잘사용할께요 그리고 어느분말씀처럼 칫솔모씌워진플라스틱캡 필요한사람만 주시면좋겠어요 저도 버리는데 아까워요 자원낭비~~지구가아플듯",20.01.30.,5,0,0,종류: 03 성인올슬림모-고급형(민감성)
6855,좋아요재구매의사있어요,20.02.21.,5,0,0,종류: 01 성인이중슬림모(보편적인)
6856,어린이집보내려고 구입했어요~,20.02.23.,4,0,0,종류: 04 어린이올슬림모(24개월-6세)
6857,여러종류 시켜봤는데 가성비 좋아요 포장도 깔끔하고 튼튼하고 잘쓸게요~~,20.01.23.,5,0,0,종류: 07 교정칫솔-일반형
6858,여러종류 시켜봤는데 가성비 좋아요 포장도 깔끔하고 튼튼하고 잘쓸게요~~,20.01.23.,5,0,0,종류: 08 교정칫솔-슬림형
6859,아주 좋아요.아주 좋아요.,20.03.19.,5,0,0,종류: 03 성인올슬림모-고급형(민감성)
6860,기존사용저렴합니다.^^,20.02.06.,4,0,0,종류: 5-1 너구리올슬림모(24개월-6세)
6861,"배송도 빠르구요 가격 저렴해서 넘 좋아요!
서비스로 혀클리너랑 일회용 치실도 보내주셨어요
감사합니당!",20.01.19.,5,0,0,종류: 00 성인일반모(단단한)
6862,"재구매두번째 구입합니다
적당히 힘있어서 더 좋아요

포장을 간소화하고 가격을 조금 내리면 더 좋을것 같아요
플라스틱커버 쓰지도 않는데 새칫솔 오픈 할때마다 버리니 죄책감이..
환경을 생각해서..요청한 사람만 주면 어떨까?? 생각드네요

박스도 일반 종이가 아니라 비닐로 코팅이되어있어 재활용이 어려워요 ㅠㅠ",20.01.02.,4,재구매,0,종류: 05 어린이이중슬림모(7세-10세)
6863,"재구매늘 미세모를 사용합니다
손잡이도 뭔가 편하고 칫솔모도 잘 닦이는거같아요!",20.02.16.,5,재구매,0,종류: 03 성인올슬림모-고급형(민감성)
6864,"한달사용기큰아이도 작은아이도 둘다 잘써요 
추천합니다",20.02.16.,5,0,한달사용기,종류: 06 유아올슬림모(13개월-36개월)
6865,매번쓰던거라 주문합시다,20.02.23.,4,0,0,종류: 05 어린이이중슬림모(7세-10세)
6866,한달사용기아이가 교정중이라 구입했는데 잘쓰고 있어요,20.02.19.,4,0,한달사용기,종류: 08 교정칫솔-슬림형
6867,좋아했어요. 아이들이,20.02.20.,5,0,0,종류: 05 어린이이중슬림모(7세-10세)
6868,양치하기 편하고 잘되네요,20.02.23.,5,0,0,종류: 00 초미세모(매우부드러운)
6869,배송도 빠르고 칫솔 좋아보입니다,20.02.01.,5,0,0,종류: 02 성인올슬림모-일반형(민감성)
6870,배송도 빠르고 아주 좋아요 ㅎㅎ,20.02.24.,5,0,0,종류: 13 해피덴-비타민올슬림모(민감성)
6871,재구매항상 재구매입니다.,20.02.25.,5,재구매,0,종류: 01 성인이중슬림모(보편적인)
6872,"한달사용기브랜드 치솔보다  치솔모가 좋은듯요
재구입의사 있어요",20.02.14.,5,0,한달사용기,종류: 08 교정칫솔-슬림형
6873,칫솔머리가 작아서 아이들쓰기에 딱좋아요~좋아요 ~좋아요 ~좋아요 ~^^,20.03.15.,5,0,0,종류: 05 어린이이중슬림모(7세-10세)
6874,교정중이라 사용해 보려고 구매 괜찮은듯,20.02.20.,5,0,0,종류: 10 어금니-돔형
6875,어금니 닦기 좋아요,20.02.04.,5,0,0,종류: 09 어금니-일반형
6876,아직 안써봤는데 잘 쓸게요,20.02.22.,5,0,0,종류: 10 어금니-돔형
6877,치과에서 준게 너무 빡빡해서 구매했어요 좋아요,20.02.20.,5,0,0,종류: 08 교정칫솔-슬림형
6878,아직 사용전이지만.좋을거같아요,20.02.21.,5,0,0,종류: 00 초미세모(매우부드러운)
6879,좋아해요. 아이들이,20.02.20.,4,0,0,종류: 04 어린이올슬림모(24개월-6세)
6880,부드러운 미세모 칫솔 좋네요! 강추,20.02.01.,5,0,0,종류: 03 성인올슬림모-고급형(민감성)
6881,한달사용기슬림형이 부드러워서 좋아요~,20.02.22.,5,0,한달사용기,종류: 08 교정칫솔-슬림형
6882,써보니까 부드럽고 좋아요,20.02.22.,5,0,0,종류: 08 교정칫솔-슬림형
6883,비싼칫솔 못지않아요  치과에서 비싸게 구입해서 사용하다가 처음여기에서 구입했는데 똑같은제품이 맞네요 종이케이스만 틀립니다 한번구입해서 사용해보세요 적극추천합니다,20.02.02.,5,0,0,종류: 00 성인일반모(단단한)
6884,저렴하고 잘 닦여서 좋아요,20.02.22.,4,0,0,종류: 07 교정칫솔-일반형
6885,이중슬림모 쓰다가 이게 고급형이라 한번 써보려고 구매했어요. 며칠 사용해보니 저한테는 이중슬림모가 더 맞아요. 그렇지만 나쁘지는 않아요.,20.01.14.,4,0,0,종류: 03 성인올슬림모-고급형(민감성)
6886,재구매아직 사용전이라 어떨지 모르겠네요~~ 혹시나 너무 거칠까봐 하나만 사봤어요.,20.01.21.,4,재구매,0,종류: 00 성인일반모(단단한)
6887,지난번에 사서 시댁 친정 어머니들 드렸더니 너무 만족하셔서 재구매하네요~ 저도 써보니 저렴한 가격에 부드러운 칫솔모라 너무 맘에 듭니다~ 닦이기도 이정도면 잘 닦이고 잇몸을 닦을때 아프지 않아 너무 좋습니다,20.01.09.,5,0,0,종류: 03 성인올슬림모-고급형(민감성)
6888,xbdjskskxnvnfk,20.03.23.,5,0,0,종류: 01 성인이중슬림모(보편적인)
6889,항상 이용하는 제품입니다. 만족합니다,20.02.20.,5,0,0,종류: 01 성인이중슬림모(보편적인)
6890,좋아요좋아싸요천원이라니,20.02.21.,5,0,0,종류: 00 성인일반모(단단한)
6891,한달사용기싸고 좋아요 ㅋㅋㅋ사세용,20.02.25.,5,0,한달사용기,종류: 01 성인이중슬림모(보편적인)
6892,좋았어용 배송 왕빨랐음,20.02.22.,5,0,0,종류: 10 어금니-돔형
6893,좋았어용 배송 왕빨랐음,20.02.22.,5,0,0,종류: 09 어금니-일반형
6894,매번쓰던거라좋아요~,20.02.23.,4,0,0,종류: 01 성인이중슬림모(보편적인)
6895,재구매늘 쓰는거에요~~ 유아올슬림모는 처음 써보는데 좋았으면 좋겠네요~,20.01.21.,4,재구매,0,종류: 05 어린이이중슬림모(7세-10세)
6896,이칫솔로 어금니 닦아주면 좀더 세밀하게 닦을수 있어요^^,20.01.27.,5,0,0,종류: 10 어금니-돔형
6897,"재구매항상  쓰는  칫솔 좋아요~~
교정용 완전좋아요~~",20.01.28.,5,재구매,0,종류: 03 성인올슬림모-고급형(민감성)
6898,간편히게쓰기좋습니다,20.02.22.,5,0,0,종류: 10 어금니-돔형
6899,좋아요일반모인줄몰랏는,20.02.21.,5,0,0,종류: 08 교정칫솔-슬림형
6900,"항상 여기서 교정칫솔 구매해요
 매우좋아요",20.02.14.,4,0,0,종류: 07 교정칫솔-일반형
6901,치과에서 받은 칫솔이랑 같네요.칫솔  마음에 듭니다,20.02.13.,5,0,0,종류: 02 성인올슬림모-일반형(민감성)
6902,소잃고 외양간 고친다고 충치가 생긴 이이들 사용하려고 구매합니다 ~ 무엇보다도  잘 닦아야 하겠죠 ㅎ,20.02.06.,4,0,0,종류: 02 성인올슬림모-일반형(민감성)
6903,간편하게쓰기좋습니더,20.02.22.,5,0,0,종류: 09 어금니-일반형
6904,한달사용기좋아요. 가격대비  만족합니다,20.02.16.,5,0,한달사용기,종류: 07 교정칫솔-일반형
6905,좋아요천원이라니대먁쓰,20.02.21.,5,0,0,종류: 07 교정칫솔-일반형
6906,qq배송이빠른ㄷㄷㅋ,20.02.28.,5,0,0,0
6907,"대응 빠르고 좋았습니다 
전화 조금만 친절하게 받아주시면 백점만점 일것 같습니다~^^",20.02.13.,5,0,0,종류: 14 미소덴탈 금올슬림모(민감성)
6908,재구매적당하고좋아요~다음구매도여기서할거예요,20.02.12.,5,재구매,0,종류: 04 어린이올슬림모(24개월-6세)
6909,번창 하세요@@!!~%^,20.02.28.,5,0,0,종류: 09 어금니-일반형
6910,qothd배송빠릅닏ㄷ,20.02.28.,5,0,0,종류: 09 어금니-일반형
6911,항상 쓰는 제품이에요 좋습니다,20.02.20.,5,0,0,종류: 03 성인올슬림모-고급형(민감성)
6912,완전 초미세모 좋아요,20.02.01.,5,0,0,종류: 00 초미세모(매우부드러운)
6913,좋았다~~ 배송도 엄청 빨랐음ㅎㅎ,20.02.22.,5,0,0,종류: 11 어금니-슬림형
6914,"재구매칫솔질 잘되요
다른것 보다칫솔모 좋아요",20.02.14.,5,재구매,0,종류: 08 교정칫솔-슬림형
6915,어금니칫솔사용하지않는거랑 차이많이나요,20.02.16.,5,0,0,종류: 09 어금니-일반형
6916,아이가 쓰기 아주 좋네요 튼튼하고,20.02.18.,5,0,0,종류: 06 유아올슬림모(13개월-36개월)
6917,고딩딸이 어금니에 충치가 생겨서  어금니 전용 칫솔이 있는줄 몰랐는데 있어서 구매했는데 지속적으로 사용해 보도록 해야할거 같아요,20.02.06.,4,0,0,종류: 11 어금니-슬림형
6918,너무 조아요 ㅋㅋㅋ,20.02.26.,5,0,0,종류: 04 어린이올슬림모(24개월-6세)
6919,멈멍이들 양치시킬 칫솔이랑 제 칫솔이랑 주문했어용 명절 껴서 배송은 좀 늦었지만 칫솔 모 만져보니 부들탱글해서 좋았습니당 어금니 칫솔은 생각보다 더 작아서 너무 귀엽네요ㅋㅋ 잘 쓸게요!,20.01.29.,5,0,0,종류: 11 어금니-슬림형
6920,부드러워서 좋아요!,20.02.22.,5,0,0,종류: 11 어금니-슬림형
6921,치간칫솔대용으로 좋네요,20.01.30.,4,0,0,종류: 01 성인이중슬림모(보편적인)
6922,고급성인모 스물두개 주문해서 다쓰궁 두번째 주문이에요 부드럽고 좋은데ㅜㅜ 칫솔뚜껑이 너무 아까워요 ㅋㅋㅋ뚜껑을 없애고ㅠㅠ 금액을 조금 내리시면 안되나용 ! 무튼 재구매입니다,20.01.22.,5,0,0,종류: 03 성인올슬림모-고급형(민감성)
6923,만족합니다 애들이 좋아해요 만족합니다.,20.02.15.,5,0,0,종류: 11 어금니-슬림형
6924,재구매계속 사서 쓸만큼 좋아요,20.02.20.,5,재구매,0,종류: 01 성인이중슬림모(보편적인)
6925,재구매재구매 입니다. 만족하고 사용중이랍니다.,20.02.12.,5,재구매,0,종류: 03 성인올슬림모-고급형(민감성)
6926,이걸로 항상 아이 어금니 닦아주고 있어요 덕분에 아직 썩은 이는 없어요 앞으로도 꾸준히 사용할게요,20.01.14.,5,0,0,종류: 10 어금니-돔형
6927,재구매항상쓰는제품 재구매합니다,20.02.19.,4,재구매,0,종류: 01 성인이중슬림모(보편적인)
6928,유치원 다니는 아이 늘 쓰던거요~!!,20.02.19.,5,0,0,종류: 05 어린이이중슬림모(7세-10세)
6929,어금니 양치하기 좋아요,20.02.20.,5,0,0,종류: 09 어금니-일반형
6930,얇은 어금니칫솔보다 더 안정감있어요,20.02.16.,5,0,0,종류: 10 어금니-돔형
6931,재구매좋아요.......,20.02.29.,4,재구매,0,종류: 05 어린이이중슬림모(7세-10세)
6932,한달사용기좋아요 부드럽고 아이도 사줬는데 아이가 너무좋아하네요 친구들도 선물해줘서 다시구매해야겠네요 단점은 칫솔살균기에 들어가지않아 아쉽네요,20.01.31.,4,0,한달사용기,종류: 03 성인올슬림모-고급형(민감성)
6933,지조오아아요오오오ᄋᆞ,20.02.21.,4,0,0,종류: 01 성인이중슬림모(보편적인)
6934,한달사용기교정을 2년동안 하면서 교정기칫솔에 익숙해졌는지 일반인들이 쓰는 칫솔들이 너무 쎄다는 느낌을 계속 받았어요 ㅠㅠ 그래서 여러 칫솔을 써보다가 정착하지못하고 이 칫솔을 구매했는데 넘 좋아용,20.01.30.,5,0,한달사용기,종류: 00 초미세모(매우부드러운)
6935,아직어려서 좀더이따 사용해야겠어요,20.02.16.,5,0,0,종류: 05 어린이이중슬림모(7세-10세)
6936,재구매좋아요........,20.02.29.,4,재구매,0,종류: 01 성인이중슬림모(보편적인)
6937,재구매좋아요........,20.02.29.,4,재구매,0,종류: 02 성인올슬림모-일반형(민감성)
6938,재구매좋아요........,20.02.29.,4,재구매,0,종류: 03 성인올슬림모-고급형(민감성)
6939,한달사용기좋아요. 가격대비 만족해요,20.02.16.,5,0,한달사용기,종류: 08 교정칫솔-슬림형
6940,파손없이 잘 받았어요,20.01.30.,5,0,0,종류: 08 교정칫솔-슬림형
6941,재구매어금니 구석구석 잘 닦인다,20.02.19.,4,재구매,0,종류: 10 어금니-돔형
6942,한달사용기빠른 배송감사합니다,20.02.19.,4,0,한달사용기,종류: 07 교정칫솔-일반형
6943,한달사용기빠른 배송감사합니다,20.02.19.,4,0,한달사용기,종류: 08 교정칫솔-슬림형
6944,재구매항상쓰는제품 재구매합니다..,20.02.19.,4,재구매,0,종류: 05 어린이이중슬림모(7세-10세)
6945,교정중이라서 꼭 필요해서 구입했어요,20.01.26.,4,0,0,종류: 04 어린이올슬림모(24개월-6세)
6946,이것만한게 없어요~재구매에요,20.02.12.,5,0,0,종류: 01 성인이중슬림모(보편적인)
6947,좋아요ㅎㅎ좀딱딱하지만,20.01.26.,5,0,0,종류: 08 교정칫솔-슬림형
6948,좋습니다 ~~~~~,20.03.16.,4,0,0,종류: 09 어금니-일반형
6949,저렴하고 막쓰긴좋은데 아이가 조금 깨무니 금바휘어버리네요ㄷㄷ,20.02.12.,5,0,0,종류: 06 유아올슬림모(13개월-36개월)
6950,"치과용 치솔이라 그런지 부드럽고 미세모라 치솔질후 개운하고 상쾌합니다...
계속 구매할듯 하네요^^",20.02.03.,5,0,0,종류: 03 성인올슬림모-고급형(민감성)
6951,한달사용기재구매좋아요 아주아주 좋아요 아주아주 좋아요 아주아주 좋아요 아주아주 좋아요 아주아주 좋아요 아주아주 좋아요 아주아주 좋아요 아주아주 좋아요 아주아주 좋아요 아주아주 좋아요 아주아주 좋아요 아주아주 좋아요 아주아주,20.03.09.,5,재구매,한달사용기,종류: 03 성인올슬림모-고급형(민감성)
6952,잘 사용하고 있습니다 혀클리너도 잘 쓸게요,20.01.26.,5,0,0,종류: 07 교정칫솔-일반형
6953,항상 이것만 써요~ 저렴하게 잘 구매한 것 같아요!,20.01.21.,5,0,0,종류: 03 성인올슬림모-고급형(민감성)
6954,항상 이것만 써요~ 저렴하게 잘 구매한 것 같아요!,20.01.21.,5,0,0,종류: 02 성인올슬림모-일반형(민감성)
6955,치과보다  싸게 잘산것 같습니다,20.02.16.,5,0,0,종류: 07 교정칫솔-일반형
6956,일반 슈퍼에서 파는 칫솔을 사용했었는데 치석이  많이 생겨서 치과전용 칫솔을 사용해 보려고 구매합니다 좋은거 같아요,20.02.06.,4,0,0,종류: 14 미소덴탈 금올슬림모(민감성)
6957,배송빠르고 사은품도 챙겨주시고 칫솔도 써보니 좋아요!,20.01.24.,5,0,0,종류: 01 성인이중슬림모(보편적인)
6958,탄탄해서 좋은거 같아요,20.02.18.,5,0,0,종류: 01 성인이중슬림모(보편적인)
6959,탄탄하고 좋은거 같아요,20.02.18.,5,0,0,종류: 05 어린이이중슬림모(7세-10세)
6960,고양이양치하려고샀어요 가격도저렴하고 종류가많아서 너무나좋았습니다 다쓰면 또재구매할게요,20.01.13.,4,0,0,종류: 11 어금니-슬림형
6961,삐르게 배송이 와서 좋습니다.,20.02.17.,5,0,0,종류: 02 성인올슬림모-일반형(민감성)
6962,좋은제품 싼가격에잘산것같아요,20.02.15.,5,0,0,종류: 07 교정칫솔-일반형
6963,한달사용기여전히 잘쓰고 있다,20.02.19.,4,0,한달사용기,종류: 10 어금니-돔형
6964,어금니 칫솔 써보니 좋아요서  또 샀어요,20.02.14.,3,0,0,종류: 09 어금니-일반형
6965,재구매항상 쓰는 치솔 좋아요,20.01.28.,5,재구매,0,종류: 08 교정칫솔-슬림형
6966,재구매항상 쓰는 치솔 좋아요,20.01.28.,5,재구매,0,종류: 07 교정칫솔-일반형
6967,썼던제품중에 제일좋은것같아요,20.02.15.,5,0,0,종류: 02 성인올슬림모-일반형(민감성)
6968,항상 부드럽고 잘 닦여 좋아요,20.02.16.,5,0,0,종류: 01 성인이중슬림모(보편적인)
6969,그냥 싼맛에 쓸께오,20.02.18.,3,0,0,종류: 01 성인이중슬림모(보편적인)
6970,부드러워요 만족합니다 아이가 잘 닦아요,20.02.15.,5,0,0,종류: 04 어린이올슬림모(24개월-6세)
6971,괜참ㅎ네요 잘쓸께요,20.02.14.,5,0,0,종류: 08 교정칫솔-슬림형
6972,"한달사용기애들 마트거쓰다 바뀧어요
미세모 부드럽고애들이  더편안해히요
치아사이 이물질 더잘 빠지고요",20.02.08.,4,0,한달사용기,종류: 04 어린이올슬림모(24개월-6세)
6973,한달사용기재구매우리식구들 잘쓰고 있습니다.,20.02.16.,5,재구매,한달사용기,종류: 00 성인일반모(단단한)
6974,한달사용기재구매우리식구들 잘쓰고 있습니다.,20.02.16.,5,재구매,한달사용기,종류: 07 교정칫솔-일반형
6975,한달사용기재구매식구들 모두 잘쓰고 있습니다.,20.02.16.,5,재구매,한달사용기,종류: 00 성인일반모(단단한)
6976,한달사용기재구매식구들 모두 잘쓰고있습니다.,20.02.16.,5,재구매,한달사용기,종류: 07 교정칫솔-일반형
6977,좋아요~~~~~~~~,20.02.26.,5,0,0,종류: 08 교정칫솔-슬림형
6978,좋아용 좋아용 조읗아용,20.03.10.,5,0,0,종류: 03 성인올슬림모-고급형(민감성)
6979,배송빨리좋아요  구석구석 잘 닦아보아요,20.02.10.,5,0,0,종류: 11 어금니-슬림형
6980,좋아요 .잘닦여요.부드럽고,20.02.14.,3,0,0,종류: 10 어금니-돔형
6981,배송도 빠르고 사용감도 좋아요~~,20.02.17.,5,0,0,종류: 07 교정칫솔-일반형
6982,어린이용 좋아요 어른 것과 힌께 구입했어요,20.02.08.,5,0,0,종류: 05 어린이이중슬림모(7세-10세)
6983,배송도 빠르고 모가 부드러워서 좋아요,20.02.13.,5,0,0,종류: 01 성인이중슬림모(보편적인)
6984,만족합니다 아이가 좋아해요,20.02.15.,5,0,0,종류: 06 유아올슬림모(13개월-36개월)
6985,부드럽게 잘 닦입니다,20.02.17.,4,0,0,종류: 07 교정칫솔-일반형
6986,한달사용기중간에 한올씩 빠져서 대롱대롱 매달리는경우가 있어서 잘라줘야되요,20.02.09.,3,0,한달사용기,종류: 07 교정칫솔-일반형
6987,가격대비 좋아요~!,20.02.19.,5,0,0,종류: 01 성인이중슬림모(보편적인)
6988,저렴하고 좋아서 매번 재구매해서 쓰고있어요,20.01.22.,5,0,0,종류: 01 성인이중슬림모(보편적인)
6989,"이런 칫솔이 필요했어요.
작고 단단한 칫솔
저렴한 가격에 잘 구매했습니다.",20.01.15.,5,0,0,종류: 07 교정칫솔-일반형
6990,한번 사용했던 제품이라 그냥 만족하고 다시 재구매했습니다.,20.02.03.,5,0,0,종류: 02 성인올슬림모-일반형(민감성)
6991,아이들 좋아해요^^,20.02.19.,4,0,0,종류: 04 어린이올슬림모(24개월-6세)
6992,써보고 좋아서 재구매 합니다,20.01.25.,5,0,0,종류: 08 교정칫솔-슬림형
6993,재구매늘쓰던거에용 ㅎㅎ 다쓰고 또주문할게요,20.02.08.,5,재구매,0,종류: 09 어금니-일반형
6994,재구매너무너무 좋아요!!!!,20.02.18.,5,재구매,0,종류: 08 교정칫솔-슬림형
6995,항상 쓰는 제품입니다,20.02.16.,5,0,0,종류: 01 성인이중슬림모(보편적인)
6996,어금니치솔 저렴하고좋아서 재구매합니다,20.01.22.,5,0,0,종류: 09 어금니-일반형
6997,저렴하게 잘 산거같아요,20.02.15.,4,0,0,종류: 03 성인올슬림모-고급형(민감성)
6998,배송도 빠르고 보내주신 혀클리너도 좋으네요 재구매 할 듯,20.02.05.,4,0,0,종류: 01 성인이중슬림모(보편적인)
6999,부드러워요 만족합니다,20.02.15.,5,0,0,종류: 03 성인올슬림모-고급형(민감성)
7000,고딩딸이 충치가 생겨 꼼꼼하게 이 닦을 수 있는 칫솔을 고르다가 구매하게 되었어요,20.02.06.,4,0,0,종류: 00 성인일반모(단단한)
7001,부드러워요 만족합니다,20.02.15.,5,0,0,종류: 00 초미세모(매우부드러운)
7002,사랑니 근처가 욱신거려서 샀는데 통증도 줄고 사이사이 잘 닦여요.,20.02.08.,5,0,0,종류: 11 어금니-슬림형
7003,배송도 빠르고 이전에 쓰던 칫솔이 괜찮아서 다시 구매했습니다 어금니 칫솔 구석구석 잘 닦기고 좋네요,20.02.04.,5,0,0,종류: 00 성인일반모(단단한)
7004,재구매다른꺼썻다가 다시 이걸로 바꿈요  좋아요 정말 ~,20.02.07.,5,재구매,0,종류: 03 성인올슬림모-고급형(민감성)
7005,좋아요 맘에 드네요,20.02.18.,5,0,0,종류: 07 교정칫솔-일반형
7006,재구매굿 그립감좋고 다른칫솔과달리 칫솔모 수명이긴듯,20.02.09.,4,재구매,0,종류: 05 어린이이중슬림모(7세-10세)
7007,부드러운것 같아요 .,20.02.16.,5,0,0,종류: 06 유아올슬림모(13개월-36개월)
7008,빠른배송 감사합니다,20.02.15.,5,0,0,종류: 05 어린이이중슬림모(7세-10세)
7009,빠른배송 감사합니다,20.02.15.,5,0,0,종류: 01 성인이중슬림모(보편적인)
7010,미세모 고급용 치과칫솔이랑 실속형 시켰는데 포장도 하나씩 다 되어 있어서 편하네요~ 품질도 좋구요! 아기 닦아도 될 만큼 부드러워요,20.01.06.,5,0,0,종류: 03 성인올슬림모-고급형(민감성)
7011,항상 쓰는거예요. 칫솔 중에는 저한테는 제일 잘 맞네요.,20.01.14.,5,0,0,종류: 01 성인이중슬림모(보편적인)
7012,잘 쓰고 있어요  보장 깔끔하고 좋아요,20.02.08.,5,0,0,종류: 00 초미세모(매우부드러운)
7013,두번째 구매 입니다. 저렴하고 가성비 좋아요,20.01.16.,4,0,0,종류: 07 교정칫솔-일반형
7014,한달사용기묶음으로 쟁여놨다가 바꿔쓰기 좋아요,20.02.11.,3,0,한달사용기,종류: 07 교정칫솔-일반형
7015,좋아요~~ 다음에 또 사용할게요,20.02.10.,5,0,0,종류: 05 어린이이중슬림모(7세-10세)
7016,좋아요~~큰애 쓰는거라서 둘째꺼도 샀어요~~괜찮아요~~,20.02.07.,5,0,0,종류: 04 어린이올슬림모(24개월-6세)
7017,좋아요~ 대량 구매했어요 잘 쓰고 있어요,20.02.08.,5,0,0,종류: 03 성인올슬림모-고급형(민감성)
7018,교정칫솔 치과에선 3000원씩하길래 인터넷으로 싸게 사봤는데 좋네용,20.02.07.,5,0,0,종류: 08 교정칫솔-슬림형
7019,조아요조아조앙조아요,20.02.15.,5,0,0,종류: 06 유아올슬림모(13개월-36개월)
7020,한달사용기단단하고 좋아요 너무 아프지도 않고 딱이에요~,20.01.15.,5,0,한달사용기,종류: 00 성인일반모(단단한)
7021,좋네요 맘에들어요~~,20.02.18.,5,0,0,종류: 08 교정칫솔-슬림형
7022,배송도 빠르고 제품도 좋아요~ 잇몸에 최고,20.02.06.,5,0,0,종류: 15 미소덴탈 숯올슬림모(민감성)
7023,칫솔모가  부드러워서  닦을때  좋아요!,20.02.11.,5,0,0,종류: 03 성인올슬림모-고급형(민감성)
7024,매번 쓰는거라 구매했고 유아용은 모가 좀 큰것같아요.20개월아가가 쓰기에는 커요.,20.01.31.,4,0,0,종류: 10 어금니-돔형
7025,두번째 구매에요 ~ 다른곳에서 교정용칫솔 산거 계속 실패하다가 여기선 성공했어요 ~ ㅎ 다쓰면 또 구매할께요 ^^,20.01.07.,5,0,0,종류: 08 교정칫솔-슬림형
7026,재구매 했습니다~~,20.01.27.,5,0,0,종류: 01 성인이중슬림모(보편적인)
7027,한달사용기잘 쓰고있습니다  괜찮아요,20.02.12.,4,0,한달사용기,종류: 01 성인이중슬림모(보편적인)
7028,재구매칫솔모 수명이 다른 유아칫솔모보다긴것같습니다,20.02.09.,5,재구매,0,종류: 5-1 너구리올슬림모(24개월-6세)
7029,저렴하고 좋아 재구매했어요,20.01.22.,5,0,0,종류: 04 어린이올슬림모(24개월-6세)
7030,저렴하고좋아 재구매합니다,20.01.22.,5,0,0,종류: 10 어금니-돔형
7031,한달사용기잘닦이고 그립감좋고 잘쓰고있어요,20.02.12.,4,0,한달사용기,종류: 05 어린이이중슬림모(7세-10세)
7032,일반형 아프단 리뷰보고 걱정했는데 저는 괜찮았어요,20.02.07.,5,0,0,종류: 07 교정칫솔-일반형
7033,좋은거 같아요 사용후기 다시 남길께욤,20.02.04.,5,0,0,종류: 03 성인올슬림모-고급형(민감성)
7034,재구매저렴해요 ㅎㅎ 교정칫솔 필수,20.02.08.,5,재구매,0,종류: 07 교정칫솔-일반형
7035,재구매합니다 싸고좋아요,20.01.22.,5,0,0,종류: 05 어린이이중슬림모(7세-10세)
7036,한달사용기덧니 부분 잘 닦여요,20.02.13.,5,0,한달사용기,종류: 10 어금니-돔형
7037,"교정중이라 꼼꼼히 닦아야해서 구입했어요
일반형은 뾰족하고 돔형은 끝이 둥그래요",20.01.10.,4,0,0,종류: 10 어금니-돔형
7038,한달사용기치아의 마모가 적습니다,20.02.12.,5,0,한달사용기,종류: 15 미소덴탈 숯올슬림모(민감성)
7039,좋아요 교정인에게 필수,20.02.07.,5,0,0,종류: 09 어금니-일반형
7040,"배송과친절한연락
조은가격과 품질",20.02.11.,4,0,0,종류: 00 성인일반모(단단한)
7041,매번 교정칫솔구매해요 좋아요!,20.02.13.,5,0,0,종류: 08 교정칫솔-슬림형
7042,한달사용기어금니 칫솔은 처음 써보는데 꼼꼼히 잘 닦을 수 있어서 너무 좋아요,20.01.15.,5,0,한달사용기,종류: 09 어금니-일반형
7043,발치하느라 벌어진 잇사이랑 어금니에 낀 음식물 잘빠져요,20.01.16.,5,0,0,종류: 13 해피덴-비타민올슬림모(민감성)
7044,ㅂ기존쓰던제품 구매해요~^^,20.02.16.,5,0,0,종류: 05 어린이이중슬림모(7세-10세)
7045,사랑니 때문에 샀고 아주 잘 쓰는 중이에요,20.02.08.,5,0,0,종류: 10 어금니-돔형
7046,"박스가 다 찢어져서 왔어요.
치솔은 항상 쓰던거라 좋아요",20.02.02.,1,0,0,종류: 03 성인올슬림모-고급형(민감성)
7047,한달사용기교정칫솔은 좋아요.,20.02.13.,5,0,한달사용기,종류: 08 교정칫솔-슬림형
7048,원하던 스타일 입니다.,20.01.23.,5,0,0,종류: 03 성인올슬림모-고급형(민감성)
7049,한달사용기아이가 귀엽다고 좋아하네요 다만 살균기에 들어가지 않아서 살균하기가 힘들어요ㅠ,20.01.31.,4,0,한달사용기,종류: 5-2 너구리이중슬림모(7세-10세)
7050,교정중인데 써본 칫솔중에 가성비 제일 좋아서 늘 구매해요,20.01.16.,5,0,0,종류: 08 교정칫솔-슬림형
7051,배송빠르고 저렴하게 질 샀습니다. 제품좋아여,20.01.18.,4,0,0,종류: 5-2 너구리이중슬림모(7세-10세)
7052,한달사용기어금니 칫솔은 처음 써보는데 교정할때도 쓰니 아주 좋아요,20.01.15.,5,0,한달사용기,종류: 10 어금니-돔형
7053,모가 크지 않아 구석구석 잘 닦을 수 있을거 같아요,20.02.06.,4,0,0,종류: 01 성인이중슬림모(보편적인)
7054,재구매교정하는딸 항상 구입하는 칫솔입니다~,20.02.10.,5,재구매,0,종류: 07 교정칫솔-일반형
7055,정말 좋습니다! 딱딱하거나 안맞으면 어쩌나 했는데 좋아요,20.01.31.,5,0,0,종류: 03 성인올슬림모-고급형(민감성)
7056,배송도 빠르고 이전에 쓰던 칫솔이 괜찮아서 다시 구매했습니다,20.02.04.,5,0,0,종류: 10 어금니-돔형
7057,"많이파세요...
딱 좋습니다",20.01.23.,5,0,0,종류: 05 어린이이중슬림모(7세-10세)
7058,"재구매3번째 구입!!
솔이 튼튼하니 좋아요",20.01.16.,5,재구매,0,종류: 07 교정칫솔-일반형
7059,여러개 사서  사용중입니다ㅎㅎㅎ,20.02.11.,5,0,0,종류: 11 어금니-슬림형
7060,잘닦여요 가격도저렴학느 치석제거가잘되는편 쉽게 벌어지지않아좋아요,20.01.09.,5,0,0,종류: 05 어린이이중슬림모(7세-10세)
7061,칫솔잘받앗습니다 .,20.01.23.,3,0,0,종류: 04 어린이올슬림모(24개월-6세)
7062,동생도ㅜ미세모거 그런지 치카를 더 잘해요,20.02.02.,5,0,0,종류: 06 유아올슬림모(13개월-36개월)
7063,싸게 잘 샀습니다~^^,20.02.14.,4,0,0,종류: 07 교정칫솔-일반형
7064,재구매부드럽고 크기가적당해서 양치잘되요,20.02.07.,5,재구매,0,종류: 03 성인올슬림모-고급형(민감성)
7065,좋아요~ 잘쓰고 있어요,20.02.08.,5,0,0,종류: 14 미소덴탈 금올슬림모(민감성)
7066,한달사용기재구매부드럽긴하나 한달도 안되어 교체해야합니다,20.02.05.,4,재구매,한달사용기,종류: 03 성인올슬림모-고급형(민감성)
7067,재구매치과용이라 쓰자마자 만족스럽네요,20.02.07.,5,재구매,0,종류: 02 성인올슬림모-일반형(민감성)
7068,재구매꼼꼼히 잘 닦여요 ~,20.02.12.,4,재구매,0,종류: 01 성인이중슬림모(보편적인)
7069,이런 칫솔을 찾고 있었는데 저렴하게 잘 구매했습니다.,20.01.15.,5,0,0,종류: 00 성인일반모(단단한)
7070,매우 좋아요 만족합니다 교정하신분들 꼭 써보세요,20.02.04.,5,0,0,종류: 09 어금니-일반형
7071,배송빠르고 저렴하게 잘 샀습니다,20.01.18.,4,0,0,종류: 05 어린이이중슬림모(7세-10세)
7072,괜찮아요 아이들이 차카치카를 더 잘해요,20.02.02.,4,0,0,종류: 05 어린이이중슬림모(7세-10세)
7073,늘 쓰던거 재주문합니다,20.02.09.,4,0,0,종류: 05 어린이이중슬림모(7세-10세)
7074,한달사용기머리부분이 작아 잘쓰고있어요,20.02.07.,5,0,한달사용기,종류: 03 성인올슬림모-고급형(민감성)
7075,"치과칫솔이라해서 구매해보았습니다 
모는일단 좋아보여요 
구석구석 잘 닦일것같습니다",20.01.25.,5,0,0,종류: 01 성인이중슬림모(보편적인)
7076,보편 타입도 저는 괜찮았습니다 고민하시면 꼭 사서 써보시길 추천드립니다,20.01.31.,5,0,0,종류: 01 성인이중슬림모(보편적인)
7077,한달사용기엄마사드렸는데 명절에 가서 물어보니 너무좋다고하세요 다쓰시면 더사드려야겠네요~,20.01.31.,5,0,한달사용기,종류: 03 성인올슬림모-고급형(민감성)
7078,배송빠르구좋아요 상품은 아직 안써봤으나 좋을거같네요,20.01.29.,4,0,0,종류: 03 성인올슬림모-고급형(민감성)
7079,늘 쓰던거 재주문합니다.,20.02.09.,4,0,0,종류: 03 성인올슬림모-고급형(민감성)
7080,"배송 빨랏어요~!
 아직 안써봣는데 괜찮으면 추가 구매할게요",20.01.30.,5,0,0,종류: 10 어금니-돔형
7081,저렴하게 좋은 물건 잘 구매했고 배송도 빠르게 잘 도착했습니다.,20.02.03.,5,0,0,종류: 03 성인올슬림모-고급형(민감성)
7082,잘받앗습니다배송굳입,20.02.09.,5,0,0,종류: 09 어금니-일반형
7083,한달사용기싼제품빠른배송좋습니다,20.02.08.,5,0,한달사용기,종류: 01 성인이중슬림모(보편적인)
7084,한달사용기싼제품빠른배송좋습니다,20.02.08.,5,0,한달사용기,종류: 03 성인올슬림모-고급형(민감성)
7085,배송도 빠르고 상품도 맘에 들어요.,20.02.08.,5,0,0,종류: 09 어금니-일반형
7086,고양이 이닦일 때 사용하고 있습니다 편해요,20.02.04.,5,0,0,종류: 11 어금니-슬림형
7087,전에 구입해보고 좋아서 이번에 또대량으로 구매했어요 부드럽고 잘 망가지지 않아 좋아요,20.01.25.,5,0,0,종류: 01 성인이중슬림모(보편적인)
7088,전 구강구조가 좁아서 어린이껄로 샀는데 대만족,20.02.04.,5,0,0,종류: 05 어린이이중슬림모(7세-10세)
7089,저렴하게 좋은 물건 잘 구매했고 배송도 빨리 잘 도착했습니다.,20.02.03.,5,0,0,종류: 01 성인이중슬림모(보편적인)
7090,부드럽고 좋아요~^^,20.02.12.,5,0,0,종류: 15 미소덴탈 숯올슬림모(민감성)
7091,부드럽고 좋아요~^^,20.02.12.,5,0,0,종류: 00 초미세모(매우부드러운)
7092,부드럽고 좋아요~^^,20.02.12.,5,0,0,종류: 03 성인올슬림모-고급형(민감성)
7093,한달사용기좋아영 다써서 다시구매햇습니다 한달쓰고 버리고 교체도 해주고 좋급니다요,20.01.30.,4,0,한달사용기,종류: 03 성인올슬림모-고급형(민감성)
7094,"교정중이라 대량 샀는데 모가 너무 뻣뻣해서 잇몸이 아파요 
그래도 샀으니 써야죠 뭐 ㅠㅠ",20.01.30.,3,0,0,종류: 07 교정칫솔-일반형
7095,애가 교정중이라 자구 애용하고 있습니다.,20.01.15.,5,0,0,0
7096,잘 사용하겠습니다^^,20.01.21.,5,0,0,종류: 01 성인이중슬림모(보편적인)
7097,잘 사용하겠습니다^^,20.01.21.,5,0,0,종류: 00 성인일반모(단단한)
7098,잘 사용하겠습니다^^,20.01.21.,5,0,0,종류: 07 교정칫솔-일반형
7099,좋습니다 배송도 깔끔하고 ^^,20.02.08.,5,0,0,종류: 10 어금니-돔형
7100,칫솔모 부드럽고 저렴하고 좋아요,20.01.16.,5,0,0,종류: 08 교정칫솔-슬림형
7101,남편이 사용하더니 괜찮다고 합니다,20.02.05.,4,0,0,종류: 00 성인일반모(단단한)
7102,"색상반반요청드렸는데 감사합니다
치과에서 받아서 써보고 찾아구매합니다",20.01.31.,5,0,0,종류: 03 성인올슬림모-고급형(민감성)
7103,치과전용 칫솔 저렴하게 잘구입하였습니다 이번에 써보고 괜찮으면 또 주문할게요,20.01.08.,5,0,0,종류: 11 어금니-슬림형
7104,엄마가 칫솔헤드가 작고 부드러운거를 찾으셨어요.임플란트를 하셔서 치아가 아프셔서 검색끝에 구매했어요 좋아하시면좋겠어요,20.01.01.,5,0,0,종류: 5-2 너구리이중슬림모(7세-10세)
7105,헤드도 작고 부드럽고 좋네요.전자극있는게 좋은데 아이와부모님은 자극없는 부드러운솔이 좋다고하네요,20.01.01.,5,0,0,종류: 03 성인올슬림모-고급형(민감성)
7106,칫솔이 좀 크긴한데 부드러우면서도 잘 닦이는 것 같아 좋습니다,20.01.31.,4,0,0,종류: 02 성인올슬림모-일반형(민감성)
7107,엄마아빠도 미세모라 치아에 무리없이 사용해요,20.02.02.,4,0,0,종류: 03 성인올슬림모-고급형(민감성)
7108,다음에도 재구매 의사 있습니다 좋아요,20.02.04.,5,0,0,종류: 00 초미세모(매우부드러운)
7109,재구매가격대비 포인트좋아요,20.01.17.,5,재구매,0,종류: 00 성인일반모(단단한)
7110,재구매가격대비 포인트 좋아요,20.01.17.,5,재구매,0,종류: 01 성인이중슬림모(보편적인)
7111,"교정중이라 교정전문칫솔 찾아보다 저렴하고 치과에서 구매한거랑
같아서 저렴히 구매했습니다.....",20.01.29.,5,0,0,종류: 08 교정칫솔-슬림형
7112,어금니 칫솔 처음 써봤는데 좋더라구요 ~ 재구매했습다 ~,20.01.07.,5,0,0,종류: 09 어금니-일반형
7113,"꼼꼼한 칫솔 저렴히 구매했습니다
다음번에도 저렴한 금액으로 또 구매하고 싶어요",20.01.29.,5,0,0,종류: 07 교정칫솔-일반형
7114,조아요조아조아 죠아븐다요,20.02.05.,5,0,0,종류: 08 교정칫솔-슬림형
7115,배송빨랐고 사용전인데 써보고 리얼후기쓰러오겟음,20.01.12.,5,0,0,종류: 05 어린이이중슬림모(7세-10세)
7116,적당해요. 좋아요.,20.02.08.,5,0,0,종류: 15 미소덴탈 숯올슬림모(민감성)
7117,좋아요 잘닦여요 맘에들어요,20.02.03.,4,0,0,종류: 07 교정칫솔-일반형
7118,좋아요 잘닦여요 맘에들어요,20.02.03.,4,0,0,종류: 02 성인올슬림모-일반형(민감성)
7119,좋아요 잘닦여요 맘에들어요,20.02.03.,4,0,0,종류: 11 어금니-슬림형
7120,좋아요 잘닦여요 맘에들어요,20.02.03.,4,0,0,종류: 03 성인올슬림모-고급형(민감성)
7121,한달사용기항상 구매하는 칫솔 입니다 저희 엄마도 요새 잇몸이 안좋으신데 제 칫솔 쓰시고 좋다고 나중에 엄마것도 주문해야겟어요 번창하세요,20.01.24.,5,0,한달사용기,종류: 12 해피덴-비타민이중슬림모(보편적인)
7122,"잘 닦이고 좋아요
다음에 구매할께요",20.01.30.,5,0,0,종류: 08 교정칫솔-슬림형
7123,아기가 너구리 좋아해요~잡기도 좋아요,20.01.31.,5,0,0,종류: 5-1 너구리올슬림모(24개월-6세)
7124,교정기 크기와 제 치아 크기가 잘 맞는 거 같았지만 칫솔모의 내구성이 좋은 거 같지는 않습니다. 저렴한 가격 덕분에 마음에 들게 잘 씁니다.,20.01.04.,4,0,0,종류: 07 교정칫솔-일반형
7125,부드럽고 좋아요 좋아요,20.02.29.,5,0,0,종류: 03 성인올슬림모-고급형(민감성)
7126,어금니가 칫솔질이 어려워서 샀는데 진짜 만족스럽습니다,20.01.31.,5,0,0,종류: 10 어금니-돔형
7127,한달사용기되게 잘 닦이는 느낌이에요 좋아요~,20.01.15.,5,0,한달사용기,종류: 01 성인이중슬림모(보편적인)
7128,부드러운모라 양치하기편해요,20.02.04.,5,0,0,종류: 08 교정칫솔-슬림형
7129,좋아요~ 항상쓰는 칫솔이에요~,20.02.01.,5,0,0,종류: 05 어린이이중슬림모(7세-10세)
7130,이 사이사이 닦기 좋아요 추천합니다~,20.02.04.,5,0,0,종류: 10 어금니-돔형
7131,재구매좋아요 ~~좋아요~~~좋아요 ^^,20.03.01.,5,재구매,0,종류: 03 성인올슬림모-고급형(민감성)
7132,초미세모가 부드러운제 당뇨환자 암환자전용문구가 았어 더 좋았습니다 잘쓸게요,20.01.08.,5,0,0,종류: 00 초미세모(매우부드러운)
7133,첨써보는데좋네욤ㅎㅎ,20.02.08.,5,0,0,종류: 03 성인올슬림모-고급형(민감성)
7134,"3번째 재구매입니다
아금니칫솔은 꼭 필요한것 같아요",20.02.01.,4,0,0,종류: 09 어금니-일반형
7135,"항상쓰는제품이에요
만족해요",20.02.04.,5,0,0,종류: 04 어린이올슬림모(24개월-6세)
7136,"항상쓰는제품이에요
민족해요",20.02.04.,5,0,0,종류: 05 어린이이중슬림모(7세-10세)
7137,교정중인 아이 칫솔 사느라 항상 여기서 구매해요,20.01.31.,5,0,0,종류: 08 교정칫솔-슬림형
7138,교정중인 아이 교정기 사이사이 양치하기 좋은 칫솔이예요,20.01.31.,5,0,0,종류: 11 어금니-슬림형
7139,"잘 닦이고 부드러워요
사은품으로 혀클리너도 주시고 감사해요",20.01.10.,4,0,0,종류: 09 어금니-일반형
7140,"어금니쪽을 따로 잘 관리해보려고 구입했는데,정작 사용법은 잘 모르겠어요.칫솔처럼 쓸어 내리듯 닦아내는건지,위아래로 문지르기만 하면 되는건지 저같은 사람을 위해 어금니칫솔 사용법을 올려주셨음하는 바램입니다.",19.12.23.,4,0,0,종류: 10 어금니-돔형
7141,잔ㅅ받앗습니다배송굿,20.02.09.,5,0,0,종류: 03 성인올슬림모-고급형(민감성)
7142,"교정한지 10개월 ㅎ 부드럽고 좋아용 ㅎㅎ
매번 이용할게용ㅎ",20.01.09.,5,0,0,종류: 08 교정칫솔-슬림형
7143,10개나 샀어여ㅕㅕ 좋아요!!,20.02.13.,5,0,0,종류: 07 교정칫솔-일반형
7144,항상주문했는데ㅡ이번엔 연휴로 늦은배송ㅜ,20.01.30.,2,0,0,종류: 03 성인올슬림모-고급형(민감성)
7145,좋아요조아요조아용%%,20.02.06.,5,0,0,종류: 04 어린이올슬림모(24개월-6세)
7146,좋아요조아요조아용%%,20.02.06.,5,0,0,종류: 10 어금니-돔형
7147,한달사용기잘쓰고 있습니다 가격이 저렴해서 부담없이 자주 바꿀 수 있어서 좋아요,20.01.28.,5,0,한달사용기,종류: 07 교정칫솔-일반형
7148,만족합니다...^^모래시계유용해요,20.01.31.,4,0,0,종류: 05 어린이이중슬림모(7세-10세)
7149,"교정용 칫솔 찾다가 구매했어요~~
일반칫솔보다 꼼꼼하게 잘 닦여요",20.01.26.,4,0,0,종류: 09 어금니-일반형
7150,고양이 이닦이기 편해요,20.02.04.,5,0,0,종류: 10 어금니-돔형
7151,"마트에서 치과전용 치솔 낱개로 구매할면 가격이 3천원을 훌쩍 넘기느
경우가 많아요.  인터넷으로 구매한는게 훨씬 경제적이네요.",20.01.17.,5,0,0,종류: 01 성인이중슬림모(보편적인)
7152,배송 굿! 요 칫솔쓰면 다른 칫솔 못써요,20.02.01.,5,0,0,종류: 03 성인올슬림모-고급형(민감성)
7153,잘받았어요 재구매했어여,20.01.09.,3,0,0,종류: 01 성인이중슬림모(보편적인)
7154,칫솔모가 부드러워서 구석구석 잘 닦이네요~,20.02.01.,5,0,0,종류: 09 어금니-일반형
7155,칫솔 잘바앗ㅅㅂ니다.,20.01.23.,3,0,0,종류: 07 교정칫솔-일반형
7156,아직 써보지 못 했는데 괜찮아 보여서 샀어요,20.01.31.,4,0,0,종류: 12 해피덴-비타민이중슬림모(보편적인)
7157,최교요 좋아요 빨라요 굿굿,20.02.26.,5,0,0,종류: 00 초미세모(매우부드러운)
7158,한달사용기재구매한달쓰기에는 약해요 ㅠ,20.02.05.,4,재구매,한달사용기,종류: 00 초미세모(매우부드러운)
7159,부드럽고좋습니다ㅎ재구매의사있네요,20.01.28.,5,0,0,종류: 01 성인이중슬림모(보편적인)
7160,세 번 째 구매로 잘 사용하고 있습니다.,20.01.12.,5,0,0,종류: 07 교정칫솔-일반형
7161,좋네요ㅎ 잘 샀어요,20.02.04.,5,0,0,종류: 05 어린이이중슬림모(7세-10세)
7162,"아들이 교정중이여서 구매합니다.
가격이 병원에서 파는것 보다싸서 좋네요.",20.01.07.,4,0,0,종류: 08 교정칫솔-슬림형
7163,"착한가격에 구매했네요
또 구매 할께요",20.01.30.,5,0,0,종류: 11 어금니-슬림형
7164,"기능 좋은 칫솔들이 많이 나오긴 하지만 잘못 선택하면 양치질을 해도
개운하지가 않아요.  하지만  치과용 치솔을 사용하면  양치할때 편안해요 .",20.01.17.,5,0,0,종류: 00 성인일반모(단단한)
7165,좋아요~~~~~~~,20.02.13.,5,0,0,종류: 07 교정칫솔-일반형
7166,재구매재구매인데 배송도 빠르고 만족합니다.,20.02.01.,5,재구매,0,종류: 08 교정칫솔-슬림형
7167,이중슬림모이면서 헤드가 작은것은 어금니 안쪽까지 잘 닦이는지 시험삼아 한개만 구매해 봤어요.치과에서 어금니쪽이 잘 안닦인다며 어린이칫솔을 한번 써보라 그러네요.,19.12.23.,4,0,0,종류: 05 어린이이중슬림모(7세-10세)
7168,늘 쓰던 칫솔인데 부드러워 잇몸 안상하고 넘 좋아요,20.01.30.,5,0,0,종류: 01 성인이중슬림모(보편적인)
7169,헤드가 좀 작긴한데 부드럽고 탄력있어요,20.01.31.,5,0,0,종류: 04 어린이올슬림모(24개월-6세)
7170,좋습니다   맘에 드네요,20.01.15.,3,0,0,종류: 01 성인이중슬림모(보편적인)
7171,배송 빠르고 좋았어요 ㅎㅎ 칫솔모도 거칠지 않아서 쓰기 좋았습니다 !!!,20.01.24.,5,0,0,종류: 10 어금니-돔형
7172,한달사용기조야요조아요 저아요,20.02.07.,3,0,한달사용기,종류: 01 성인이중슬림모(보편적인)
7173,배송이 빨라서 좋아요. 늘 쓰던 제품이라 만족합니다!,20.01.05.,5,0,0,종류: 07 교정칫솔-일반형
7174,배송이 빨라서 좋아요. 늘 쓰던 제품이라 만족합니다!,20.01.05.,5,0,0,종류: 10 어금니-돔형
7175,특가칫솔은 한묶음이 1개로 취급되어서 혀클리너가 안나오나보군요. 개별 칫솔마다 캡이 제공된 점은 좋았습니다. 어쨌든 칫솔모가 괜찮은것 같은데 잘 쓰겠습니다.,19.12.24.,4,0,0,종류: 15 미소덴탈 숯올슬림모(민감성)
7176,조아요 조아 아주조앙르,20.02.01.,3,0,0,종류: 08 교정칫솔-슬림형
7177,교정필수템이죠. 한꺼번에 여러 개 사둡니다 좋아요,20.01.30.,5,0,0,종류: 08 교정칫솔-슬림형
7178,재구매저번에도 샀던 데라 또 삼,20.02.03.,5,재구매,0,종류: 10 어금니-돔형
7179,"배송빠르고
가격착하고
칫솔도 좋아요
다쓰면 재구매할게요~",20.01.29.,4,0,0,종류: 00 초미세모(매우부드러운)
7180,"배송빠르고
가격착하고
칫솔도 좋아요
다쓰면 재구매할게요~",20.01.29.,4,0,0,종류: 08 교정칫솔-슬림형
7181,한달사용기잘받앗어여 ~~~~,20.02.09.,3,0,한달사용기,종류: 10 어금니-돔형
7182,한달사용기잘받앗어여 ~~~~,20.02.09.,3,0,한달사용기,종류: 08 교정칫솔-슬림형
7183,한달사용기치과에서 사면 비싼데 저렴하게 잘 구매했어요,20.01.30.,5,0,한달사용기,종류: 10 어금니-돔형
7184,부드럽고 저렴해서 자주 바꿔쓰기 좋아요,20.01.10.,4,0,0,종류: 01 성인이중슬림모(보편적인)
7185,재구매두번째 구매입니다 가격저렴하고 좋슴다,20.01.30.,4,재구매,0,종류: 07 교정칫솔-일반형
7186,사실 고양이키우는데 고양이칫솔로 샀어용 최고네여ㅠㅠ,20.01.30.,5,0,0,종류: 09 어금니-일반형
7187,한달사용기좋아요 저렴하게 잘 샀어요 잘 닦이네요. 남자한테는 조금 잡기가 힘든가봐요. 두꺼운 것도 만들어주시면 감사하겠습니다,19.12.27.,5,0,한달사용기,종류: 10 어금니-돔형
7188,치과전용 칫솔은 한번 사용해본 사람은 일반 브랜드의 제품을 사용하기쉽지 않아요.   가격도  비싸지 않고 사용하기 편해서 좋아요.,20.01.17.,5,0,0,종류: 03 성인올슬림모-고급형(민감성)
7189,일반이랑 민감형 두가지 8개씩 구매했는데..일반형을 먼저 사용해서 민감형은 아직 모르겠네요. 어째든 치과칫솔은 솔부분이 작아서 구석구석  닦을수 있어서 좋습니다~,19.12.23.,4,0,0,종류: 02 성인올슬림모-일반형(민감성)
7190,"교정하고 바로 구입해서 사용중이예요~~
너무 편하고 꼼꼼하게 양치하고 있어요",20.01.26.,4,0,0,종류: 08 교정칫솔-슬림형
7191,초미세모랑 같이 주문했는데 전 이 칫솔모가 저한테 맞는거같아요 적당히 탄력있으면서 부드러운게 맘에 듭니다,20.01.15.,4,0,0,종류: 03 성인올슬림모-고급형(민감성)
7192,한달사용기칫솔모가 부드럽고 잘 닦여서 또 구매할 예정입니다!!,20.01.08.,5,0,한달사용기,종류: 08 교정칫솔-슬림형
7193,한달사용기개별포장되어서 더더 좋아요~^^,20.02.02.,5,0,한달사용기,종류: 00 성인일반모(단단한)
7194,아이들이잘써요좋아요,20.02.03.,5,0,0,종류: 04 어린이올슬림모(24개월-6세)
7195,처음 사봤는데 좋아요,20.01.13.,4,0,0,종류: 05 어린이이중슬림모(7세-10세)
7196,어금니 그냥 칫솔로는 닦기 힘든데 좋네요,20.01.29.,5,0,0,종류: 09 어금니-일반형
7197,아이 어금니 굴곡이 엄청나서 구매했어요,20.01.29.,5,0,0,종류: 10 어금니-돔형
7198,일반으로 구매했는데 쫌 아파요... 칫솔이 다 거기서 거기겠지 하고 싸길래 시켰는데 평소에 쓰던 칫솔이 부드러운거였나 봐영ㅋㅋㅋ 20개 시켰는데 저걸 다 어떻게 쓰지 막막해여 다시 사긴 돈아깝고ㅠ 칫솔상태는 좋아요 다만 제가 평소에 부드러운걸 썼다보니 잘 안맞는거같아여 딱딱한거 좋아하시는 분들 한테는 좋을꺼 같아여,19.12.13.,4,0,0,종류: 07 교정칫솔-일반형
7199,교정칫솔 저렴하게 잘구입하여 만족합니다,20.01.08.,5,0,0,종류: 03 성인올슬림모-고급형(민감성)
7200,교정칫솔 저렴하게 잘구입하여 만족합니다,20.01.08.,5,0,0,종류: 08 교정칫솔-슬림형
7201,"재구매지난번 한번 구입하고 재구매했어요
배송도 빠르고 포장도 잘해주시고 좋아요",20.01.03.,4,재구매,0,종류: 08 교정칫솔-슬림형
7202,"재구매빠른 배송에 가격도 좋아요
재구매인데 앞으로도 교정하는동안 이용할것 같아요",20.01.03.,4,재구매,0,종류: 11 어금니-슬림형
7203,재구매처음 구매해보고 좋아서 또 구매했습이다 좋습니다,20.01.09.,5,재구매,0,종류: 01 성인이중슬림모(보편적인)
7204,"아이가 칫솔모때문에 아파서 양치질을 잘 안하길래 부드러운거 찾다가 샀습니다
부드럽고 잘닦인다며 열심히 양치질 하네요^^",20.01.21.,5,0,0,종류: 00 초미세모(매우부드러운)
7205,좋아요 너무 좋아요,20.02.03.,5,0,0,종류: 03 성인올슬림모-고급형(민감성)
7206,아직 사용하진 않았는데 기린칫솔 계속 쓰고 있었던터라 괜찮겠거니 생각해요..,20.01.03.,4,0,0,종류: 05 어린이이중슬림모(7세-10세)
7207,크기도 적당하고 칫솔모 강도도 적당합니다,20.01.10.,5,0,0,종류: 00 성인일반모(단단한)
7208,조아요조아 아주조아요 가격 조아요,20.02.01.,4,0,0,종류: 07 교정칫솔-일반형
7209,한달사용기모가 까끌하지만 교정중이라 괜창ㅎ아요,20.01.30.,5,0,한달사용기,종류: 08 교정칫솔-슬림형
7210,아이가 좋다고 하네요~,20.01.13.,4,0,0,종류: 04 어린이올슬림모(24개월-6세)
7211,늘 쓰던거예요 좋아요,20.01.12.,5,0,0,종류: 06 유아올슬림모(13개월-36개월)
7212,늘 쓰던거예요 좋아요,20.01.12.,5,0,0,종류: 05 어린이이중슬림모(7세-10세)
7213,늘 쓰던거예요 좋아요,20.01.12.,5,0,0,종류: 03 성인올슬림모-고급형(민감성)
7214,늘 쓰던거예요 좋아요,20.01.12.,5,0,0,종류: 01 성인이중슬림모(보편적인)
7215,잘받았어요! 칫솔 조아요,20.01.09.,3,0,0,종류: 00 성인일반모(단단한)
7216,재구매써보고 좋아서 또 구매합니다 좋습니다,20.01.09.,5,재구매,0,종류: 00 성인일반모(단단한)
7217,한달사용기교정중인 딸이 잘 사용합니다,20.01.30.,5,0,한달사용기,종류: 07 교정칫솔-일반형
7218,한달사용기잘받앗어여 ~~~~,20.02.07.,3,0,한달사용기,종류: 00 초미세모(매우부드러운)
7219,조아요 조아요 가격이 조아요,20.02.01.,5,0,0,종류: 11 어금니-슬림형
7220,"배송빠르고
칫솔도좋고
가격도마음에들어요~",20.01.29.,4,0,0,종류: 03 성인올슬림모-고급형(민감성)
7221,어금니칫솔 처음써보는데 기대되요,20.01.08.,5,0,0,종류: 10 어금니-돔형
7222,재구매 아이 교정중 쓰고있는데 좋아요,20.01.07.,5,0,0,종류: 08 교정칫솔-슬림형
7223,크기도 칫솔모 강도도 적당하네요,20.01.10.,5,0,0,종류: 01 성인이중슬림모(보편적인)
7224,"한달사용기재구매두번째 구입 입니다
치과엣니 주던 교정 칫솔이랑 같은데
확실히 저렴합니다",20.01.23.,5,재구매,한달사용기,종류: 08 교정칫솔-슬림형
7225,잇몸이 약하신 어머니께서 부드럽고 괜찮다고 하셨습니다! 모가 얇아서 그런지 세세한 부분도 닦이는 것 같아요,20.01.13.,5,0,0,종류: 00 초미세모(매우부드러운)
7226,재구매해요. 어머니께서 써보시더니 좋다고 하셔서 추가로 더 구매합니다,20.01.17.,5,0,0,종류: 12 해피덴-비타민이중슬림모(보편적인)
7227,아이들것 사고 좋아서 성인것도 사서 썼는데 좋아요. 올슬림모 구석 닦여서 상쾌해요. 추후 구매의사 있어요,19.12.25.,5,0,0,종류: 04 어린이올슬림모(24개월-6세)
7228,아이들 것 사고 좋아서 성인것도 사서 썼는데 좋아요. 올슬림모 구석 닦여서 상쾌해요. 추후 구매의사 있어요,19.12.25.,5,0,0,종류: 05 어린이이중슬림모(7세-10세)
7229,아이들것 사고 좋아서 성인것도 사서 썼는데 좋아요. 올슬림모 구석 닦여서 상쾌해요. 추후 구매의사 있어요,19.12.25.,5,0,0,종류: 01 성인이중슬림모(보편적인)
7230,아이들것 사고 좋아서 성인것도 사서 썼는데 좋아요. 올슬림모 구석 닦여서 상쾌해요. 추후 구매의사 있어요,19.12.25.,5,0,0,종류: 02 성인올슬림모-일반형(민감성)
7231,저렴하고 좋아요 ~,20.01.12.,4,0,0,종류: 07 교정칫솔-일반형
7232,배송이 빨라서 좋아요 늘 쓰던 제품이라 만족합니다,20.01.05.,5,0,0,종류: 09 어금니-일반형
7233,한달사용기재구매너무너무너무너무 좋습니다,20.02.02.,5,재구매,한달사용기,종류: 01 성인이중슬림모(보편적인)
7234,"재구매전에도 미세모를 사긴했는데 피곤하면 그것마저 아파서 진짜 진짜 미세모로 샀어요.
진짜 확실히 부드럽고 빳빳한 느낌이 없어요.",19.12.24.,5,재구매,0,종류: 00 초미세모(매우부드러운)
7235,너무단단하네요 남자들도 살짝버겁다네요,20.01.28.,5,0,0,종류: 00 성인일반모(단단한)
7236,아가가 쓰기에는 커요,20.01.31.,4,0,0,종류: 06 유아올슬림모(13개월-36개월)
7237,칫솔은 이제 여기로 정착,20.01.09.,3,0,0,종류: 12 해피덴-비타민이중슬림모(보편적인)
7238,이중슬립모는 저에게 가장 잘맞는 칫솔인것 같아요.사용하던 제품 다쓰고 여기 쇼핑몰에서 처음 구매합니다.,19.12.23.,5,0,0,종류: 01 성인이중슬림모(보편적인)
7239,"가격도저렴하고
배송도 빠르고
칫솔도 좋아요~",20.01.29.,4,0,0,종류: 01 성인이중슬림모(보편적인)
7240,"가격도저렴하고
배송도 빠르고
칫솔도 좋아요~",20.01.29.,4,0,0,종류: 14 미소덴탈 금올슬림모(민감성)
7241,좋아요만족합니다조아,20.01.09.,4,0,0,종류: 00 초미세모(매우부드러운)
7242,가격대비 사용하기 아주 좋은거 같아요,20.01.06.,4,0,0,종류: 08 교정칫솔-슬림형
7243,좋습니다만독해요맠족,20.01.09.,4,0,0,종류: 10 어금니-돔형
7244,조아요조아요조아용오,20.02.21.,4,0,0,종류: 03 성인올슬림모-고급형(민감성)
7245,배송도 빠르고 잘 구매했네요,20.01.08.,5,0,0,종류: 09 어금니-일반형
7246,어금니칫솔은 처음 써 보는데 나쁘지는 않은 거 같습니다.,20.01.04.,3,0,0,종류: 09 어금니-일반형
7247,한달사용기양이 많아서 촤고좋아요,20.01.30.,5,0,한달사용기,종류: 07 교정칫솔-일반형
7248,한달사용기계속 쓰고싶어요 두께도 강도도 적당하고 좋아요,20.01.22.,5,0,한달사용기,종류: 02 성인올슬림모-일반형(민감성)
7249,한달사용기계속 쓰고싶어요 두께도 강도도 적당하고 좋아요,20.01.22.,5,0,한달사용기,종류: 03 성인올슬림모-고급형(민감성)
7250,한달사용기계속 쓰고싶어요 두께도 강도도 적당하고 좋아요,20.01.22.,5,0,한달사용기,종류: 01 성인이중슬림모(보편적인)
7251,계속 쓰는 제품..,20.02.02.,5,0,0,종류: 03 성인올슬림모-고급형(민감성)
7252,한달사용기역시 쓰던 것이라 믿고 삽니다,20.01.28.,5,0,한달사용기,종류: 07 교정칫솔-일반형
7253,잘 닦이는 느낌을 좋아하시지만 잇몸이 약하신 분께 좋을 것 같아요! 00보다는 01이 조금 뽀득뽀득 닦이는 느낌..? 그래도 둘 다 부드러워요,20.01.13.,5,0,0,종류: 14 미소덴탈 금올슬림모(민감성)
7254,조아요조아요조아요오,20.02.21.,4,0,0,종류: 05 어린이이중슬림모(7세-10세)
7255,조아요조아요조아요오,20.02.21.,5,0,0,종류: 00 성인일반모(단단한)
7256,두번째 구매네요. 칫솔모의 강도나 부드러움도 적당하고 개인적으로 사이즈가 크지않아서 좋아요. 어금니용이나 다른 용도의 칫솔을 따로 안쓰더라도 구석구석 닦을 수 있어요.,19.12.17.,5,0,0,종류: 01 성인이중슬림모(보편적인)
7257,엄마가 좋아하시면 좋겠어요 아이도좋아해요,20.01.01.,5,0,0,종류: 03 성인올슬림모-고급형(민감성)
7258,한달사용기감사합니다. 잘닦여서 좋아요. 남편은 조금 작다고 하네요. 이중모로 줘야겠어요,19.12.27.,5,0,한달사용기,종류: 11 어금니-슬림형
7259,"교정하고 이 칫솔만 쓰고 있어요.
다른 칫솔보다 양치가 편하네요.",19.12.30.,4,0,0,종류: 08 교정칫솔-슬림형
7260,재구매빠른 배송 감사합니다,20.01.30.,4,재구매,0,종류: 03 성인올슬림모-고급형(민감성)
7261,재구매빠른배송 감사합니다,20.01.30.,4,재구매,0,종류: 01 성인이중슬림모(보편적인)
7262,재구매두번째 구매했어요~좋아요^^,20.01.06.,5,재구매,0,종류: 03 성인올슬림모-고급형(민감성)
7263,아주좋아요~~~~~~,20.01.15.,5,0,0,종류: 07 교정칫솔-일반형
7264,계속 쓰는 제품...,20.02.02.,5,0,0,종류: 13 해피덴-비타민올슬림모(민감성)
7265,한달사용기재구매 합니다. 좋아요.,20.01.30.,5,0,한달사용기,종류: 01 성인이중슬림모(보편적인)
7266,"칫솔 21개 구매했에요~  
이정도면 1년 동안 가족들이 쓸 양이더라구요
칫솔은 무난합니다 
어짜피 주기적으로 갈아야하니 너무 비싼건 좀 그렇더라구요
통은 제가 빈 통에 넣은거입니다.
칫솔마개가 있어서 참 좋아요",19.12.15.,5,0,0,종류: 02 성인올슬림모-일반형(민감성)
7267,한달사용기늘 쓰던거라 믿고 삽니다,20.01.28.,5,0,한달사용기,종류: 08 교정칫솔-슬림형
7268,한달사용기늘 쓰던거라 믿고 삽니다,20.01.28.,5,0,한달사용기,종류: 09 어금니-일반형
7269,좋아요만족합니다 좋네요,20.01.09.,3,0,0,종류: 06 유아올슬림모(13개월-36개월)
7270,배송빠르고 부드럽고 좋네여 담에또 시키겠습니다,20.01.23.,5,0,0,종류: 08 교정칫솔-슬림형
7271,6세때부터 아이에게 사용하고 있는데 어금니 충치예방에 많이 도움되요,20.01.20.,5,0,0,종류: 09 어금니-일반형
7272,재구매부드러우면서 탄력있고 칫솔 중 최고에요,20.01.04.,5,재구매,0,종류: 03 성인올슬림모-고급형(민감성)
7273,좋아요 대량구매해서 계속 쓸거이요,20.01.25.,5,0,0,종류: 02 성인올슬림모-일반형(민감성)
7274,재구매조아요 근데너무부드럽다는게 문제,19.12.31.,4,재구매,0,종류: 03 성인올슬림모-고급형(민감성)
7275,재구매했어여 ㅇ칫솔 조아요,20.01.09.,3,0,0,종류: 06 유아올슬림모(13개월-36개월)
7276,구매를 잘못했네여 올슬림모 아니고 그냥 일반형을 샀어야하는데 기존에 집에서 사용하는거랑 똑같아서 좋아여 부드럽고,20.01.14.,3,0,0,종류: 02 성인올슬림모-일반형(민감성)
7277,좋습니다......,20.02.23.,4,0,0,종류: 03 성인올슬림모-고급형(민감성)
7278,한달사용기좋아요어오!! 최고애요,20.01.30.,4,0,한달사용기,종류: 09 어금니-일반형
7279,재구매항상 쓰는거임 좋아요 싸고,20.01.06.,4,재구매,0,종류: 07 교정칫솔-일반형
7280,"귀엽네요
잘쓸께요대박나세요",20.01.26.,5,0,0,종류: 15 미소덴탈 숯올슬림모(민감성)
7281,만족합니다조아요ㅋㅋ,20.01.09.,4,0,0,종류: 15 미소덴탈 숯올슬림모(민감성)
7282,한달사용기좋아요  낱개로 포장되어 잇는것도 좋고  솔도 부드러워서 좋아요,20.01.02.,5,0,한달사용기,종류: 02 성인올슬림모-일반형(민감성)
7283,아주좋아오ㅡ~~~~,20.01.15.,5,0,0,종류: 03 성인올슬림모-고급형(민감성)
7284,저렴하게 잘 구매했어요.....,20.01.29.,5,0,0,종류: 10 어금니-돔형
7285,재구매두번째 구매해서 씁니다~종아요^^,20.01.06.,5,재구매,0,종류: 00 초미세모(매우부드러운)
7286,다른칫솔보다 뻣뻣하지만 잘닦여요,20.01.25.,5,0,0,종류: 02 성인올슬림모-일반형(민감성)
7287,재구매조아요 너무부드러운게 좀문제,19.12.31.,5,재구매,0,종류: 08 교정칫솔-슬림형
7288,어금니 양치가 힘들어서 구입했어요 좋네요 많이 파세요,19.12.28.,5,0,0,종류: 10 어금니-돔형
7289,어금니 양치가 힘들어서 구입했어요 좋네요 많이 파세요,19.12.28.,5,0,0,종류: 09 어금니-일반형
7290,싸게 잘산거같아요!,20.01.28.,5,0,0,종류: 10 어금니-돔형
7291,싸게 잘산거같아요!,20.01.28.,4,0,0,종류: 03 성인올슬림모-고급형(민감성)
7292,"한달사용기치과에서 준 칫솔보다 오래가고 튼튼합니다.
잘 닦이고요. 다른 칫솔로 길들이기 전에 이 칫솔로 길들이시면 좋을 것 같아요. 많이 사서 챙겨두고 쓰고 있습니다!",20.01.07.,5,0,한달사용기,종류: 08 교정칫솔-슬림형
7293,재구매조아요 너무부드러운게 문제,19.12.31.,5,재구매,0,종류: 01 성인이중슬림모(보편적인)
7294,저렴하게 잘샀어요!,20.01.28.,4,0,0,종류: 00 초미세모(매우부드러운)
7295,잘 받았습니다. 이를 잘 닦읈 있겠네요.,20.01.26.,5,0,0,종류: 01 성인이중슬림모(보편적인)
7296,배송도빠르고 재품도 만족해요,20.01.04.,3,0,0,종류: 00 초미세모(매우부드러운)
7297,재구매늘 쓰던거에오 항상 여기서만 구매 조아욭!,20.01.23.,5,재구매,0,종류: 03 성인올슬림모-고급형(민감성)
7298,부드럽고 좋아요 앞으론 이거만 쓸거예요,19.12.28.,5,0,0,종류: 02 성인올슬림모-일반형(민감성)
7299,배송빠르고 좋아요 ~,20.01.07.,5,0,0,종류: 07 교정칫솔-일반형
7300,한달사용기사용해보니 역시 좋습니다,20.01.25.,5,0,한달사용기,종류: 00 초미세모(매우부드러운)
7301,재구매아주좋아요 감사합니다,20.01.05.,5,재구매,0,종류: 5-1 너구리올슬림모(24개월-6세)
7302,재구매치과서 일할때 쓰던 칫솔이에요 완전 좋음!!,20.01.23.,5,재구매,0,종류: 13 해피덴-비타민올슬림모(민감성)
7303,"재구매재구매합니다
칫솔모가 튼튼하니 좋아요",20.01.02.,4,재구매,0,종류: 00 성인일반모(단단한)
7304,처음 써보는데 구석구석 잘 닦이는것 같네요,20.01.01.,5,0,0,종류: 10 어금니-돔형
7305,"넘좋아요
잘닦여요
좋아요",20.01.26.,5,0,0,종류: 01 성인이중슬림모(보편적인)
7306,재구매늘 쓰던거라 좋습니다,20.01.26.,4,재구매,0,종류: 03 성인올슬림모-고급형(민감성)
7307,계속 쓰는 제품인데 칫솔모도 잘 망가지지 않고 좋아요,20.01.20.,5,0,0,종류: 05 어린이이중슬림모(7세-10세)
7308,이 사이에 칫솔 넣는 느낌이 없을정도로 정말 부드러워요 잇몸약하신분들은 쓰시면 될거 같아요,20.01.15.,3,0,0,종류: 00 초미세모(매우부드러운)
7309,한달사용기재구매매번쓰는데 잘닦이는거 같아서 좋어요,20.01.22.,5,재구매,한달사용기,종류: 03 성인올슬림모-고급형(민감성)
7310,아주부드러워요!!!@@,20.01.30.,5,0,0,종류: 00 초미세모(매우부드러운)
7311,한달사용기자극적이지않고 교정치아에 너무좋네요,20.01.21.,5,0,한달사용기,종류: 01 성인이중슬림모(보편적인)
7312,일반형이랑 같이 사용하는데 좋은 것 같아요,20.01.20.,5,0,0,종류: 10 어금니-돔형
7313,너무 좋은 상품 저렴하게 구입했습니다,20.01.21.,4,0,0,종류: 01 성인이중슬림모(보편적인)
7314,깨끗이 닦이고 좋아요,20.01.25.,5,0,0,종류: 01 성인이중슬림모(보편적인)
7315,교정용이 딱이예요~~,20.01.26.,4,0,0,종류: 10 어금니-돔형
7316,한달사용기작아서 첨엔 쓰기 힘들었는데 1년 넘게 사용하다보니 칫솔모 큰거 어쩌다가 쓰면 입에 한입가득한게 이상하더라구요~작아서 구석구석 닦을수 있어서 좋아요,20.01.03.,5,0,한달사용기,종류: 02 성인올슬림모-일반형(민감성)
7317,항상 야용핮니다 짱,20.01.04.,5,0,0,종류: 11 어금니-슬림형
7318,저렴하게 구입했네요 처음써보는데 잘 써보겠습니다~,19.12.25.,5,0,0,종류: 00 초미세모(매우부드러운)
7319,한달사용기만족합니다. 감사합니다 저렴하게 잘 샀어요,19.12.27.,5,0,한달사용기,종류: 09 어금니-일반형
7320,괜찮아요더더더바바오,20.01.18.,3,0,0,종류: 01 성인이중슬림모(보편적인)
7321,항상 여기서만 구매해요 칫솔이 작아서 구석구석 닦기 좋아요 이번에 이중슬림모로 처음 구매해보는데 기대되네요,19.12.17.,4,0,0,종류: 01 성인이중슬림모(보편적인)
7322,아이교정 칫솔으로 구매했는데 치과에서 주는 칫솔과 동일하고 잘닦여서 좋습니다,20.01.14.,4,0,0,종류: 08 교정칫솔-슬림형
7323,한달사용기부드럽고 잘 닦이고 좋아요~,20.01.16.,5,0,한달사용기,종류: 01 성인이중슬림모(보편적인)
7324,"환자용 사용해 봤는데 이건 뭐 닦이는건지..
진짜 환자도 이물질 제거 안될거 같은데",19.12.26.,3,0,0,종류: 01 성인이중슬림모(보편적인)
7325,배송도 빠르고 잘 받았습니다,20.01.01.,5,0,0,종류: 02 성인올슬림모-일반형(민감성)
7326,처음써보는데 어금니 끝까지 깨끗해지는 기분이예요,20.01.17.,5,0,0,종류: 09 어금니-일반형
7327,"써보진 않앗지만
개별적으로 포장되고 만족해요
계속 여기서사볼려고생걱중요",20.01.08.,4,0,0,종류: 04 어린이올슬림모(24개월-6세)
7328,한달사용기칫솔모가 딱딱한편이예요.,20.01.23.,4,0,한달사용기,종류: 01 성인이중슬림모(보편적인)
7329,한달사용기어금니까지 꼼꼼하게 닦여서 좋아요.,19.12.31.,5,0,한달사용기,종류: 10 어금니-돔형
7330,"한달사용기좋음.
부드러워요.",20.01.26.,5,0,한달사용기,종류: 03 성인올슬림모-고급형(민감성)
7331,"아 잘못 구매했어요 부드러운 모 해야하는데
단단한모로 ..ㅠ 늘 믿고 구매하긴 해요",20.01.11.,5,0,0,종류: 00 성인일반모(단단한)
7332,한달사용기계속 재구매해서 쓰는 치솔입니다 좋아요,20.01.19.,5,0,한달사용기,종류: 05 어린이이중슬림모(7세-10세)
7333,재구매매번 사용하던거라 꾸준히 사용합니딘,20.01.19.,5,재구매,0,종류: 03 성인올슬림모-고급형(민감성)
7334,칫솔모가  얇고  부드러워서 구석구석 잘 닦여서 이것만 쓴지가 꽤되엇어요 만족합니다,19.12.24.,5,0,0,종류: 03 성인올슬림모-고급형(민감성)
7335,"써본 제품이라 더욱더 기대됩니다~
재구매 의사 있어요^^",20.01.17.,5,0,0,종류: 03 성인올슬림모-고급형(민감성)
7336,재구매매우 이뿌고 좋아요,20.01.23.,5,재구매,0,종류: 04 어린이올슬림모(24개월-6세)
7337,괜찮으나 오래쓰지않고 바꾸는걸로 괜찮,20.01.18.,3,0,0,종류: 01 성인이중슬림모(보편적인)
7338,재구매매우 아뿌고 좋아오,20.01.23.,5,재구매,0,종류: 05 어린이이중슬림모(7세-10세)
7339,재구매딸아이 필수품이에요.,20.01.23.,5,재구매,0,종류: 08 교정칫솔-슬림형
7340,배송 빠르고 좋아요.,20.01.23.,4,0,0,종류: 08 교정칫솔-슬림형
7341,"재구매재구매입니다
좋아요",20.01.02.,4,재구매,0,종류: 01 성인이중슬림모(보편적인)
7342,"대용량과 별차이 없어보여요^^
좋아요!",19.12.27.,5,0,0,종류: 01 성인이중슬림모(보편적인)
7343,괜칞아여. 가성비 좋아연,20.01.17.,3,0,0,종류: 00 성인일반모(단단한)
7344,가격대비만족스러우서 재구매해요,20.01.18.,3,0,0,종류: 04 어린이올슬림모(24개월-6세)
7345,초미세모라길래 사봣어요 잘쓸게요 수고하세요,19.12.28.,5,0,0,종류: 00 초미세모(매우부드러운)
7346,너무 좋아요 ㅎㅎ쩡,20.01.04.,5,0,0,종류: 00 초미세모(매우부드러운)
7347,너무 좋아요 ㅎㅎ쩡,20.01.04.,5,0,0,종류: 01 성인이중슬림모(보편적인)
7348,재구매너무 좋아요 ㅎㅎ짱,20.01.04.,5,재구매,0,종류: 06 유아올슬림모(13개월-36개월)
7349,재구매너무 좋아요 ㅎㅎ짱,20.01.04.,5,재구매,0,종류: 00 초미세모(매우부드러운)
7350,재구매매우 이쁘고 좋아용!!,20.01.23.,5,재구매,0,종류: 00 초미세모(매우부드러운)
7351,나름괜찮.아요좀더써보고괘ㅣ찮음재구매할것임,20.01.18.,3,0,0,종류: 00 초미세모(매우부드러운)
7352,"치과에서 받은 칫솔이 좋아서 구매해봤는데
다르네요ㅠ",19.12.26.,3,0,0,종류: 03 성인올슬림모-고급형(민감성)
7353,"탄력있고 좋아요. 배송도 빠릅니다.
집에서는 케이스 사용안하는데 다 씌워져 있어서 버리려니 아깝고 환경오염 될거같아요.",19.12.13.,5,0,0,종류: 00 성인일반모(단단한)
7354,한달사용기사용하기에 편리해요,19.12.31.,4,0,한달사용기,종류: 01 성인이중슬림모(보편적인)
7355,아이들 칫솔 좋아요 부드럽고 잘닦여요,20.01.13.,4,0,0,종류: 05 어린이이중슬림모(7세-10세)
7356,좋아요 교정기 쓰면서 그냥 칫솔로 닦으면 안 닦이는 부분이 많아서 작은 치간 칫솔 사용하면서 시간이 오래 걸렸는데 모양에 따라 쓰니깐 좋아요,20.01.01.,5,0,0,종류: 07 교정칫솔-일반형
7357,좋아요 교정기 쓰면서 그냥 칫솔로 닦으면 안 닦이는 부분이 많아서 작은 치간 칫솔 사용하면서 시간이 오래 걸렸는데 모양에 따라 쓰니깐 좋아요,20.01.01.,5,0,0,종류: 10 어금니-돔형
7358,좋아요 교정기 쓰면서 그냥 칫솔로 닦으면 안 닦이는 부분이 많아서 작은 치간 칫솔 사용하면서 시간이 오래 걸렸는데 모양에 따라 쓰니깐 좋아요,20.01.01.,5,0,0,종류: 12 해피덴-비타민이중슬림모(보편적인)
7359,좋아요 교정기 쓰면서 그냥 칫솔로 닦으면 안 닦이는 부분이 많아서 작은 치간 칫솔 사용하면서 시간이 오래 걸렸는데 모양에 따라 쓰니깐 좋아요,20.01.01.,5,0,0,종류: 13 해피덴-비타민올슬림모(민감성)
7360,좋아요 교정기 쓰면서 그냥 칫솔로 닦으면 안 닦이는 부분이 많아서 작은 치간 칫솔 사용하면서 시간이 오래 걸렸는데 모양에 따라 쓰니깐 좋아요,20.01.01.,5,0,0,종류: 08 교정칫솔-슬림형
7361,좋아요 교정기 쓰면서 그냥 칫솔로 닦으면 안 닦이는 부분이 많아서 작은 치간 칫솔 사용하면서 시간이 오래 걸렸는데 모양에 따라 쓰니깐 좋아요,20.01.01.,5,0,0,종류: 01 성인이중슬림모(보편적인)
7362,좋아요 교정기 쓰면서 그냥 칫솔로 닦으면 안 닦이는 부분이 많아서 작은 치간 칫솔 사용하면서 시간이 오래 걸렸는데 모양에 따라 쓰니깐 좋아요,20.01.01.,5,0,0,종류: 02 성인올슬림모-일반형(민감성)
7363,좋아요 교정기 쓰면서 그냥 칫솔로 닦으면 안 닦이는 부분이 많아서 작은 치간 칫솔 사용하면서 시간이 오래 걸렸는데 모양에 따라 쓰니깐 좋아요,20.01.01.,5,0,0,종류: 09 어금니-일반형
7364,한달사용기저는 칫솔은 이제품만 써요~~가장 잘닦이고...계속 쓸것같아요 많이 파세요^^,20.01.08.,5,0,한달사용기,종류: 03 성인올슬림모-고급형(민감성)
7365,일반 미세모 칫솔보다 탄력있고 작아서 구석구석 닦기 편리합니다~,19.12.23.,4,0,0,종류: 01 성인이중슬림모(보편적인)
7366,동생 집에 놀러갔다 접하게  되었는데요 맘에 들어서 주문하게 되었습니다,20.01.07.,4,0,0,종류: 05 어린이이중슬림모(7세-10세)
7367,한달사용기추천하지않아요. 잇몸에서 피가 납니다,20.01.12.,1,0,한달사용기,종류: 06 유아올슬림모(13개월-36개월)
7368,한달사용기추천하지않아요. 잇몸에서 피가 납니다,20.01.12.,1,0,한달사용기,종류: 03 성인올슬림모-고급형(민감성)
7369,항상잘쓰고있는제품입니다,20.01.18.,5,0,0,종류: 5-1 너구리올슬림모(24개월-6세)
7370,한달사용기추천하지않아요. 잇몸에서 피가납니다.,20.01.12.,1,0,한달사용기,종류: 02 성인올슬림모-일반형(민감성)
7371,"색깔이
다양해서
좋아용
이름없어도구별이가능해서
좋습니다",20.01.15.,4,0,0,종류: 00 성인일반모(단단한)
7372,저렴하구 품질이 좋아보여요~ 써보다가 한달후기 남길께요^^,20.01.08.,5,0,0,종류: 05 어린이이중슬림모(7세-10세)
7373,꾸준히믿고쓰느제품입니다,20.01.18.,5,0,0,종류: 02 성인올슬림모-일반형(민감성)
7374,항상이용하던제품 이에요. 헤드도 크지 않아 어금니까지 잘닦여요. 치경은 조금만 더 컸음 좋았을텐데  조금 아쉬워요,20.01.01.,5,0,0,종류: 01 성인이중슬림모(보편적인)
7375,모가 너무 플라스틱 느낌임. 교정기 사이에 모가 껴서  교정기떼지는줄,20.01.09.,3,0,0,종류: 10 어금니-돔형
7376,한달사용기내구성이 좋고 칫솔 쓰기에 편합니다,20.01.16.,5,0,한달사용기,종류: 07 교정칫솔-일반형
7377,가격도 부담없고 늘 잘 사용하고있어요,20.01.15.,5,0,0,종류: 01 성인이중슬림모(보편적인)
7378,2년째 교정중인데 잘사용하고있어요,20.01.16.,5,0,0,종류: 11 어금니-슬림형
7379,"빠른배송에 혀클리너도 왔어요
아직 안써봤어요 손으로 만져보니 부들부들합니다.
직접 써보면 어떨지 궁금해요",20.01.02.,5,0,0,종류: 15 미소덴탈 숯올슬림모(민감성)
7380,어금니 닦기 진짜 좋고 잘닦여요 앞니닦을때도 길어서 정말 편해요,19.12.17.,5,0,0,종류: 13 해피덴-비타민올슬림모(민감성)
7381,재구매좋아요 간편하고 젤,20.01.19.,5,재구매,0,종류: 14 미소덴탈 금올슬림모(민감성)
7382,"잘못사서 교환햇는데 신속하게 처리해주셨어요
지금받은 성인 이중모 잘쓰고있습니당",20.01.08.,5,0,0,종류: 00 초미세모(매우부드러운)
7383,한달사용기너무 칫솔모가 뻑뻑해서 사용하기 어려워요,20.01.14.,1,0,한달사용기,종류: 00 성인일반모(단단한)
7384,모가 너무 플라스틱 느낌임. 교정기 사이에 모가 껴서  교정기떼지는줄...,20.01.09.,3,0,0,종류: 07 교정칫솔-일반형
7385,아직 써보진 않았지만 화면하고 같아요,20.01.15.,3,0,0,종류: 08 교정칫솔-슬림형
7386,한달사용기감사합니다 저렴하게 잘 샀어요,19.12.27.,5,0,한달사용기,종류: 01 성인이중슬림모(보편적인)
7387,한달사용기감사합니다 저렴하게 잘 샀어요,19.12.27.,5,0,한달사용기,종류: 02 성인올슬림모-일반형(민감성)
7388,한달사용기감사합니다 저렴하게 잘 샀어요,19.12.27.,5,0,한달사용기,종류: 03 성인올슬림모-고급형(민감성)
7389,교정중인데 칫솔모 부드럽고 좋아용~,20.01.16.,5,0,0,종류: 08 교정칫솔-슬림형
7390,"혀클리너가 생각보다 작지만
배송도 빠르고 배송도 잘 되서 왔어요
이제 저녁 먹고 써보려고요
솔이 4줄인데 자세히 보면 한줄만 파여있네요
2줄이 파여 있으면 더 좋았을텐데 아쉽네요
18개나 사서 그냥 다 쓸 때까지는 일단 쓰려고요",19.11.26.,3,0,0,종류: 07 교정칫솔-일반형
7391,칫솔 떨어질때 되면 항상 구매하는곳이예요.,19.12.25.,5,0,0,종류: 01 성인이중슬림모(보편적인)
7392,ㅇ스조아조아옺ㆍㅈㅂㅅ,20.02.15.,5,0,0,종류: 06 유아올슬림모(13개월-36개월)
7393,저렴해서 좋고 빨라요,20.01.18.,4,0,0,종류: 00 초미세모(매우부드러운)
7394,칫솔 떨어지면 항상 구매해서 사용중입니다~,19.12.25.,5,0,0,종류: 11 어금니-슬림형
7395,초등생 아이가 쓰기 딱 좋아요.. 추천합니다,19.12.20.,5,0,0,종류: 05 어린이이중슬림모(7세-10세)
7396,모가부드럽고 작아서 아이가 사용하기 좋으네여,20.01.14.,4,0,0,종류: 05 어린이이중슬림모(7세-10세)
7397,조아요 조아요 조아요,20.01.22.,5,0,0,종류: 05 어린이이중슬림모(7세-10세)
7398,고양이이빨 닦는 용으로 샀어요 ㅋㅋㅋ 시중에 나온 고양이 칫솔 보다 잘 닦여요,20.01.07.,5,0,0,종류: 09 어금니-일반형
7399,한달사용기너무좋아요 앞으로도쭉 쓸거에요,20.01.10.,5,0,한달사용기,종류: 01 성인이중슬림모(보편적인)
7400,칫솔 떨어지면 항상 구매하는 곳입니다,19.12.25.,5,0,0,종류: 02 성인올슬림모-일반형(민감성)
7401,고양이 용으로 샀습니다 가격이 싸요 다른 고양이용보다. 잘 닦이는데요,20.01.07.,5,0,0,종류: 10 어금니-돔형
7402,"재구매재구매했어요
부드럽고 좋아요",20.01.13.,5,재구매,0,종류: 01 성인이중슬림모(보편적인)
7403,재구매교정칫솔사려고 삿는데 뭐 평범해요. 쓰기에 불편함은럾음,20.01.06.,5,재구매,0,종류: 09 어금니-일반형
7404,"재구매두번째 구매예요~~
제품도 가격도 만족합니다.많이 파세요 .",20.01.08.,5,재구매,0,종류: 01 성인이중슬림모(보편적인)
7405,"한달사용기일반모는 너무 단단해서 못쓰겠어요ㅜ
다음에는 미세모로 사려구요.",20.01.06.,2,0,한달사용기,종류: 00 성인일반모(단단한)
7406,아직 안써봤지만 좋은거 같아요,20.01.15.,3,0,0,종류: 03 성인올슬림모-고급형(민감성)
7407,한달사용기항상 가성비가 좋아요,20.01.17.,5,0,한달사용기,종류: 09 어금니-일반형
7408,"사용하기 좋지만 마모가 쉽게 될 것 같아요
아이가 한 두 번 사용했는데 칫솔모가 벌어진듯..",19.12.19.,4,0,0,종류: 01 성인이중슬림모(보편적인)
7409,"한달사용기칫솔 사용해보니 적당히 부드럽고 칫솔모가 작아서 구석구석 잘 닦여요~. 다만 칫솔 색깔이 좀 더 다양하면 좋을듯 싶어요. 가족이 여럿이면 색으로 구분하는데, 단 3가지 색이니 그게 불편하네요.",19.12.24.,4,0,한달사용기,종류: 03 성인올슬림모-고급형(민감성)
7410,배송이 빨리되었습니다,20.01.16.,5,0,0,종류: 08 교정칫솔-슬림형
7411,재구매해서 사용하고 있어요 칫솔모 부드럽고 좋아요,20.01.07.,4,0,0,종류: 05 어린이이중슬림모(7세-10세)
7412,괜칞아요. 기성비좋아요,20.01.17.,4,0,0,종류: 01 성인이중슬림모(보편적인)
7413,"어금니에 크라운를 씌워 칫솔질 할때 
잘 안 닦겼는데 어금니 칫솔 구매하고 
사용하니 좋아요",19.12.17.,5,0,0,종류: 09 어금니-일반형
7414,"저렴하게 잘 구매 했습니다.

포장상태 좋코 배송도 맘에 들어용

치과용 칫솔로만 사용중이라서 믿고 구매 했습니다.

아직 사용전입니다.",20.01.04.,5,0,0,종류: 01 성인이중슬림모(보편적인)
7415,어금니 구석구석 잘 닦여요,20.01.15.,5,0,0,종류: 10 어금니-돔형
7416,칫솔모가 쎄서 이가 깨끗이 닦이는것 같아요,20.01.13.,5,0,0,종류: 00 성인일반모(단단한)
7417,처음써봅니다 싸게 구입했어요~,19.12.25.,5,0,0,종류: 01 성인이중슬림모(보편적인)
7418,칫솔이 질이 좋네요 만족합니다,19.12.26.,5,0,0,종류: 03 성인올슬림모-고급형(민감성)
7419,괜찮아요 무난해요 ㅇ,20.02.08.,4,0,0,종류: 01 성인이중슬림모(보편적인)
7420,아이가 잘 잡고 써요.,20.01.17.,5,0,0,종류: 06 유아올슬림모(13개월-36개월)
7421,항상쓰는거예요 이만한게없네요,20.01.13.,5,0,0,종류: 01 성인이중슬림모(보편적인)
7422,"좋아요
브러쉬헤드크기도적당하고 꾸준히바꿔가며쓰려고요",19.12.29.,4,0,0,종류: 01 성인이중슬림모(보편적인)
7423,아기들 두명꺼   우리가족  4명 20개는넘게사야되니   앞으로도사야겟네요,20.01.08.,4,0,0,종류: 01 성인이중슬림모(보편적인)
7424,"늘 쓰던데라 또 주문했어요
혀클리너랑 치실 챙겨주신거 잘 쓸게요 ^^",20.01.04.,5,0,0,종류: 03 성인올슬림모-고급형(민감성)
7425,재구매해서 쓰고있어요  칫솔모 부드럽고 좋아요,20.01.07.,4,0,0,종류: 01 성인이중슬림모(보편적인)
7426,이 칫솔만 사용하고 있어요,20.01.14.,5,0,0,종류: 00 성인일반모(단단한)
7427,아이가좋아해요. 재구매의사있음,20.01.08.,5,0,0,종류: 00 초미세모(매우부드러운)
7428,"아직 써보진 않았지만,좋을것 같아요",19.12.23.,4,0,0,종류: 03 성인올슬림모-고급형(민감성)
7429,재구매쓰던거예요 그냥 교정칫솔이예요 특별할건 없음,20.01.06.,5,재구매,0,종류: 08 교정칫솔-슬림형
7430,"한달사용기잘쓰고있어요~~사이즈도 좋구. 부드럽게
잘닦여요.  좋은거 같아요",20.01.06.,5,0,한달사용기,종류: 05 어린이이중슬림모(7세-10세)
7431,늘 사용하는거라 편하게 잘쓰고 있습니다.,20.01.11.,5,0,0,종류: 03 성인올슬림모-고급형(민감성)
7432,항상 이 칫솔맘 사용해요,20.01.14.,5,0,0,종류: 01 성인이중슬림모(보편적인)
7433,아직써보진않았는데 만져보니 솔이 좋네요,20.01.10.,3,0,0,종류: 00 초미세모(매우부드러운)
7434,"한달사용기좋네요~~
아이가 혼자 양치하기도 좋아요",20.01.09.,4,0,한달사용기,종류: 05 어린이이중슬림모(7세-10세)
7435,단단해서 넘 좋아요 잘 닦이고 미세모보다 잇몸을 보호할 수 있어 좋아요 대신에 치실사용은 필수겠죠,19.12.09.,5,0,0,종류: 00 성인일반모(단단한)
7436,"감사합니다.
좋은 제품 항상 고맙습니다.",20.01.01.,5,0,0,종류: 05 어린이이중슬림모(7세-10세)
7437,좋아요 굳굳굳.굳굳굳,20.01.10.,3,0,0,종류: 09 어금니-일반형
7438,여기서만 구매해유ㅎ,19.12.26.,5,0,0,종류: 07 교정칫솔-일반형
7439,재구매아기가 아파하지 않고 잘사용하고 있습니다,20.01.10.,5,재구매,0,종류: 04 어린이올슬림모(24개월-6세)
7440,아이들 칫솔샀는데 맘에 들어요,20.01.12.,5,0,0,종류: 04 어린이올슬림모(24개월-6세)
7441,늘쓰는거에요좋아요 잘닦여요,20.01.08.,5,0,0,종류: 01 성인이중슬림모(보편적인)
7442,재구매확실히 치과칫솔이라 잘 닦이고 좋은거 같아요,20.01.09.,5,재구매,0,종류: 03 성인올슬림모-고급형(민감성)
7443,항상이용하던상품이에요. 헤드가 크지 않아 어금니까지 잘 닦여요,20.01.01.,5,0,0,종류: 03 성인올슬림모-고급형(민감성)
7444,"탄력있고 좋아요. 컬러 지정할수있었음 좋겠어요.
알록달록 좀 촌스럽네요.",19.12.13.,5,0,0,종류: 01 성인이중슬림모(보편적인)
7445,항상 잘쓰고있어요 매번 재구매 합니다 !! 잘닦여요,19.12.17.,5,0,0,종류: 01 성인이중슬림모(보편적인)
7446,"좋아서 재구매했어요.
잘쓸게요~~^^",20.01.11.,5,0,0,종류: 01 성인이중슬림모(보편적인)
7447,제 주문입니다. 좋으네요..,19.12.25.,4,0,0,종류: 01 성인이중슬림모(보편적인)
7448,가성비짱짱짱 칫솔자주바꿔주는편인데 넘좋아여 ㅎ,20.01.08.,5,0,0,종류: 01 성인이중슬림모(보편적인)
7449,어금니 칫솔 슬림형이 미세모이긴하지만 꽤 탄력있는 모입니당 그리고 교정칫솔 슬림형은 오래 못쓰니까 여러개 구매하시는게 좋아요!,19.12.04.,5,0,0,종류: 07 교정칫솔-일반형
7450,재구매가격대비 괜찮은것 같아서 두번째 구입입니다,20.01.08.,4,재구매,0,종류: 01 성인이중슬림모(보편적인)
7451,재구매조아요 좀 더 싸게 파셨으면 좋겠네요 대량구매할께요,20.01.04.,4,재구매,0,종류: 00 성인일반모(단단한)
7452,치과에서받고품질이좋아찾아서구매합니다,20.01.08.,5,0,0,종류: 01 성인이중슬림모(보편적인)
7453,치과에서받고품질이좋아찾아서구매합니다,20.01.08.,5,0,0,종류: 03 성인올슬림모-고급형(민감성)
7454,"이중모라서 좋아요 
그런데 쉽게 마모되는것 같아요",19.12.19.,4,0,0,종류: 05 어린이이중슬림모(7세-10세)
7455,"뻣뻣하지만 치석제거에 굳~//
매일 닦기엔 좀 부담스럽고
슬림모랑 같이 번갈아 쓰거나
어금니 칫솔 같이 써야 치아 사이사이 닦여용ㅎ",19.12.11.,5,0,0,종류: 00 성인일반모(단단한)
7456,한달사용기가격도 너무 저렴하고 빳빳해서 닦기 좋아요ㅠ 뭔가 시원한 느낌이랄까..,19.12.25.,5,0,한달사용기,종류: 01 성인이중슬림모(보편적인)
7457,아직 안써봤지만 좋은거같아요,20.01.10.,3,0,0,종류: 11 어금니-슬림형
7458,재구매했어요 항상 잘쓰고있어요,19.12.17.,5,0,0,종류: 10 어금니-돔형
7459,재구매교정 시작하고 칫솔 여기서만 시켜요 치과에서 주는 것보다 부드러워서 좋아요,19.12.30.,5,재구매,0,종류: 08 교정칫솔-슬림형
7460,"딸아이 교정치료 중이라서 구매하게 되었는데..
배송아주 빠르고 포장 좋아여...잘 쓰겠습니다.",19.12.29.,4,0,0,종류: 08 교정칫솔-슬림형
7461,"처음 써봤는데 신세계입니당ㅋ
좀 번거롭긴해도
치아 사이사이 잘 닦여용ㅋ",19.12.10.,5,0,0,종류: 10 어금니-돔형
7462,생각보디 엄청 딱딱해서 쫌 아퍼요,19.12.20.,2,0,0,종류: 00 초미세모(매우부드러운)
7463,좋은거 같아요 부드럽ㅡㅂ니ㅏ.,20.01.15.,4,0,0,종류: 15 미소덴탈 숯올슬림모(민감성)
7464,재구매매번 쓰는건데 양치하기 편해요,20.01.10.,5,재구매,0,종류: 06 유아올슬림모(13개월-36개월)
7465,칫솔 품질 좋아요 교정중인데 잘 쓸게요,20.01.05.,5,0,0,종류: 10 어금니-돔형
7466,항상 잘 쓰고 있습니다 !,20.01.13.,5,0,0,종류: 08 교정칫솔-슬림형
7467,"기존에 사용하던게 미세모만 있던거였는데 모르고 이중모로 주문해버렸어요..ㅋㅋ
프라그 제거가 더 잘되는 느낌이지만 잇몸이 약하신분들은 절대 비추입니다!",19.11.30.,4,0,0,종류: 01 성인이중슬림모(보편적인)
7468,배송도 빠르고 좋아요 아이들 이것만 쓰고있어요,20.01.03.,5,0,0,종류: 04 어린이올슬림모(24개월-6세)
7469,부드럽고좋아요 ~~~~~,20.01.16.,5,0,0,종류: 00 초미세모(매우부드러운)
7470,"재구매잘 딱이고 잇몸에 무리가 가지 않고 구서구석
잘 닿네요",20.01.07.,5,재구매,0,종류: 00 성인일반모(단단한)
7471,잘 받았습니다. ㅎ,19.12.26.,5,0,0,종류: 08 교정칫솔-슬림형
7472,어금니 깊은쪽 양치할때 좋아요,19.12.20.,4,0,0,종류: 11 어금니-슬림형
7473,너무 딱딱해요 ㅜㅜ 안좋음,20.01.08.,1,0,0,종류: 02 성인올슬림모-일반형(민감성)
7474,교정칫솔 샀는데 아들이 좋다하네요^^,19.12.20.,4,0,0,종류: 07 교정칫솔-일반형
7475,재구매늘 믿고 사용합니다,20.01.12.,5,재구매,0,종류: 03 성인올슬림모-고급형(민감성)
7476,항상쓰던 제품입니다. 그립감이 좋아 아이들 닦아주기 편해요. 길이가 짧은검 불편한데...여러모로 전 만족하며 사용,19.12.03.,4,0,0,종류: 04 어린이올슬림모(24개월-6세)
7477,"아직 써보지는 않았어요~
그런데 낱개로 포장이 다 되어있어 좋은 것 같아요~^^",19.12.09.,3,0,0,종류: 00 성인일반모(단단한)
7478,"미세모 사용하는데 괜찮은거 같아요 
몇번째 구입해서 사용중입니ㅏㄷ.",20.01.06.,4,0,0,종류: 01 성인이중슬림모(보편적인)
7479,좋아요. 만족합니다. 잘쓸께요^^,20.01.08.,4,0,0,종류: 00 성인일반모(단단한)
7480,치솔모와 치솔크기가 적당해서 구석구석 잘 닦여요.,20.01.06.,5,0,0,종류: 01 성인이중슬림모(보편적인)
7481,조항요 좋아요 넣어요ㅔ,20.01.13.,5,0,0,종류: 04 어린이올슬림모(24개월-6세)
7482,한달사용기3-4번째 구매하는 것 같아요 가격이 저렴해서 그때 그때 칫솔 바꾸기 좋아요 어금니 칫솔은 치아교정할때 필수품인 듯,19.12.04.,4,0,한달사용기,종류: 10 어금니-돔형
7483,교정칫솔 미세모 20개이상,20.01.11.,5,0,0,종류: 08 교정칫솔-슬림형
7484,아주좋아요색깔이 이뻐요,20.01.06.,5,0,0,종류: 01 성인이중슬림모(보편적인)
7485,보관하는 캡도있고 좋네요,20.01.09.,4,0,0,종류: 07 교정칫솔-일반형
7486,"일반칫솔보다잘닦이고 저렴하고 좋네요
추천합니다",19.12.29.,5,0,0,종류: 03 성인올슬림모-고급형(민감성)
7487,만져보니 솔이 좋네요,20.01.10.,3,0,0,종류: 03 성인올슬림모-고급형(민감성)
7488,한달사용기재구매좋아요 맘에들어요 잘산거같아요배송도 정말 잘 어울려요 그리고 이불은 다음주중,19.12.07.,5,재구매,한달사용기,종류: 01 성인이중슬림모(보편적인)
7489,어금니 양치할 때 좋아욥,19.12.20.,4,0,0,종류: 10 어금니-돔형
7490,재구매저렴한 가격에 잘쓰고 있습니다,20.01.08.,4,재구매,0,종류: 07 교정칫솔-일반형
7491,재구매저렴한 가격에 잘쓰고 있습니다,20.01.08.,4,재구매,0,종류: 08 교정칫솔-슬림형
7492,생각보다 더 좋은거 같네요 ㅎ,20.01.09.,5,0,0,종류: 04 어린이올슬림모(24개월-6세)
7493,한달사용기3-4번째 구매하는 것 같아요 가격이 저렴해서 그때 그때 바꾸기 좋아요 치아교정할때는 어금니 칫솔 필수인 듯,19.12.04.,4,0,한달사용기,종류: 08 교정칫솔-슬림형
7494,한달사용기3-4번째 구매하는 것 같아요 가격이 저렴해서 그때 그때 바꾸기 좋아요 치아교정할때는 어금니 칫솔 필수인 듯,19.12.04.,4,0,한달사용기,종류: 09 어금니-일반형
7495,저번에 사고 또 사요ㅎ,20.01.11.,3,0,0,종류: 08 교정칫솔-슬림형
7496,급하게 샀는데 괜찮아요,20.01.09.,4,0,0,종류: 09 어금니-일반형
7497,급하게 샀는데 괜찮아요,20.01.09.,4,0,0,종류: 08 교정칫솔-슬림형
7498,솔이 부드러운거 같아요,20.01.09.,5,0,0,종류: 06 유아올슬림모(13개월-36개월)
7499,잘사용하겠습니다 ᆢ,20.01.11.,5,0,0,종류: 00 초미세모(매우부드러운)
7500,한달사용기부드러워서 좋아요~,20.01.11.,5,0,한달사용기,종류: 00 초미세모(매우부드러운)
7501,"부드러워요
재구매해요",19.12.23.,5,0,0,종류: 06 유아올슬림모(13개월-36개월)
7502,한달사용기재구매교정치솔로 아주 좋아요 구석구석 잘 닦이고 손잡이도 편합니다. 잘쓸게요,19.12.29.,5,재구매,한달사용기,종류: 07 교정칫솔-일반형
7503,아직 사용해보진 않았어요,20.01.08.,4,0,0,종류: 09 어금니-일반형
7504,아직 사용해보진 않았어요,20.01.08.,4,0,0,종류: 10 어금니-돔형
7505,재구매쓰고좋아서 또샀어요ㅎㅎ,19.12.21.,5,재구매,0,종류: 01 성인이중슬림모(보편적인)
7506,한달사용기뽀득뽀득 닦이는 기분이여,20.01.11.,5,0,한달사용기,종류: 01 성인이중슬림모(보편적인)
7507,치과용 칫솔이라 믿고 구매했습니다 아기 19개월 아기 미세모 칫솔은 부드러워요 아이도 부담없이 잘 사용합니다 칫솔대가 약간 약한것 같아서 그 부분이 아쉽네요,19.11.29.,4,0,0,종류: 06 유아올슬림모(13개월-36개월)
7508,한달사용기좋은것 같아요 배송도 빠르고,19.12.13.,5,0,한달사용기,종류: 10 어금니-돔형
7509,배송은 빨랐습니다 ㅇㅇ,19.12.26.,4,0,0,종류: 00 초미세모(매우부드러운)
7510,빠른배송~ 개별포장이라 좋네요,20.01.07.,5,0,0,종류: 00 초미세모(매우부드러운)
7511,좋아요.. 좋아...,19.12.25.,4,0,0,종류: 03 성인올슬림모-고급형(민감성)
7512,"늘 언제나 쓰는 제품이라 재구매합니다.
유치원 보내려고 이름 새긴 칫솔 주문도 했는데 아이가 너무나 좋아하네요",19.12.22.,5,0,0,종류: 09 어금니-일반형
7513,좋아요. 만족합니다~~~~~,20.01.08.,4,0,0,종류: 05 어린이이중슬림모(7세-10세)
7514,한달사용기잇몸에도 부드럽고 좋아요~,20.01.09.,4,0,한달사용기,종류: 00 초미세모(매우부드러운)
7515,재구매특별할거없는 그냥 칫솔.. 교정칫솔사려고 삿러려,20.01.06.,5,재구매,0,종류: 07 교정칫솔-일반형
7516,좋어요좋아여좋아여좋아여좋아여좋어요좋아여좋아여좋아여좋아여,20.01.10.,5,0,0,종류: 10 어금니-돔형
7517,늘쓰던거라 만족합니다 배송빠르고 좋아요,19.12.15.,5,0,0,종류: 01 성인이중슬림모(보편적인)
7518,배송도 꼼꼼하고좋아요,20.01.08.,5,0,0,종류: 05 어린이이중슬림모(7세-10세)
7519,배송도 꼼꼼하고좋아요,20.01.08.,5,0,0,종류: 00 성인일반모(단단한)
7520,좋아요. 만족합니다~~~~~~,20.01.08.,4,0,0,종류: 01 성인이중슬림모(보편적인)
7521,미세모가 잘 닦아주세요,20.01.08.,5,0,0,종류: 01 성인이중슬림모(보편적인)
7522,재구매좋아요.잘쓰고 있어요.감사합니다~,20.01.03.,5,재구매,0,종류: 07 교정칫솔-일반형
7523,한달사용기내구성도 좋고~~자주 교체해주기 좋네요,19.12.31.,4,0,한달사용기,종류: 05 어린이이중슬림모(7세-10세)
7524,사은품까지 보내주셨네요 잘 쓸께요 감사합니다~,19.12.10.,5,0,0,종류: 05 어린이이중슬림모(7세-10세)
7525,가성비도 너무 좋아요,20.01.08.,4,0,0,종류: 03 성인올슬림모-고급형(민감성)
7526,한달사용기재구매손잡이도 편하고 치솔모 맘에 듭니다. 잇몸을 부드럽게  닦아줍니다 재구매 의사 있습니다,19.12.29.,5,재구매,한달사용기,종류: 01 성인이중슬림모(보편적인)
7527,잘사용하겠습니다 ㆍ,20.01.11.,5,0,0,종류: 11 어금니-슬림형
7528,잘사용하겠습니다 ㆍ,20.01.11.,5,0,0,종류: 13 해피덴-비타민올슬림모(민감성)
7529,항상 쓰는 칫솔 저렴하게 잘 샀어요,20.01.05.,5,0,0,종류: 05 어린이이중슬림모(7세-10세)
7530,"한달사용기잘 닦여요,부드럽구요",20.01.11.,5,0,한달사용기,종류: 03 성인올슬림모-고급형(민감성)
7531,하나만 써봤는데 (총4개주문) 괜찮은거같아요,20.01.04.,5,0,0,종류: 02 성인올슬림모-일반형(민감성)
7532,열심히 써보겠습니다.,20.01.09.,4,0,0,종류: 03 성인올슬림모-고급형(민감성)
7533,어금니 칫솔은 교정하는 사람들에게 꼭 필요한 것 같아요 교정기 사이사이에 청소 잘돼요!,19.12.04.,5,0,0,종류: 09 어금니-일반형
7534,너무 좋아요 ㅎㅎ쩡,20.01.04.,5,0,0,종류: 10 어금니-돔형
7535,너무 좋아요 ㅎㅎ쩡,20.01.04.,5,0,0,종류: 03 성인올슬림모-고급형(민감성)
7536,매번구매하는 상품 항상좋아요,20.01.05.,5,0,0,종류: 01 성인이중슬림모(보편적인)
7537,매번구매하는 상품 항상좋아요,20.01.05.,5,0,0,종류: 02 성인올슬림모-일반형(민감성)
7538,매번구매하는 상품 항상좋아요,20.01.05.,5,0,0,종류: 03 성인올슬림모-고급형(민감성)
7539,매번구매하는 상품 항상좋아요,20.01.05.,5,0,0,종류: 00 초미세모(매우부드러운)
7540,한달사용기모가 단단해서 사용하기 좋아요,20.01.05.,5,0,한달사용기,종류: 10 어금니-돔형
7541,교정해서 교정용 칫솔 샀는데 아주 맘에 듭니다ㅎㅎ 다 쓰면 재구매할게요~~~,19.12.06.,5,0,0,종류: 07 교정칫솔-일반형
7542,배송도 빠르고 가격도 저렴하게 잘 구매한것 같아요,19.12.13.,5,0,0,종류: 15 미소덴탈 숯올슬림모(민감성)
7543,착한 가격에 배송도 빠르고 잘 사용하겠습니다.,19.12.13.,5,0,0,종류: 07 교정칫솔-일반형
7544,좋아요  계속쓰는 제품ㄴ 이라,20.01.08.,5,0,0,종류: 15 미소덴탈 숯올슬림모(민감성)
7545,항상 쓰던 제품 잘 쓰고 있어요,20.01.05.,5,0,0,종류: 01 성인이중슬림모(보편적인)
7546,이거 쓰고있는데 괜찮은거같아요,20.01.04.,5,0,0,종류: 11 어금니-슬림형
7547,사용해보진 않았는데 일단 귀엽긴 하네요..,20.01.03.,4,0,0,종류: 5-2 너구리이중슬림모(7세-10세)
7548,교정해서 교정용 칫솔 샀는데 아주 맘에 듭니다ㅎㅎ 다 쓰면 재구매할게요~~~,19.12.06.,5,0,0,종류: 08 교정칫솔-슬림형
7549,"아중슬림모는 부드럽네요
잇몸에 자극이 없어사 좋아용",19.12.10.,5,0,0,종류: 01 성인이중슬림모(보편적인)
7550,칫솔 정말 좋아요!,20.01.08.,5,0,0,종류: 00 성인일반모(단단한)
7551,항상 잘 쓰고 있어요 저희엄마도 한번 써보시더니 좋다고 해서 더 구매했습니다 앞으로도 번창하세요,19.12.20.,5,0,0,0
7552,한달사용기잘쓰고있어요  좋아요,20.01.08.,5,0,한달사용기,종류: 01 성인이중슬림모(보편적인)
7553,한달사용기잘쓰고있어요  좋아요,20.01.08.,5,0,한달사용기,종류: 02 성인올슬림모-일반형(민감성)
7554,한달사용기잘쓰고있어요 좋아요,20.01.08.,5,0,한달사용기,종류: 05 어린이이중슬림모(7세-10세)
7555,한달사용기좀더 부드러웠어야되는데.. 제 잇몸이 약하거든요,20.01.02.,4,0,한달사용기,종류: 03 성인올슬림모-고급형(민감성)
7556,칫솔모가 부드러워서 잇몸에 무리가 없고 좋아요,20.01.02.,4,0,0,종류: 01 성인이중슬림모(보편적인)
7557,좋인요 조아 좋네요,20.01.06.,5,0,0,종류: 06 유아올슬림모(13개월-36개월)
7558,"4세 5세 애들 치아 사이사이 닦기도 좋아용
굳굳
저렴하게 잘 샀어요",19.12.10.,5,0,0,종류: 11 어금니-슬림형
7559,배송도 빠르고 칫솔모가 부드러워 가성비 최고네요~,19.12.31.,5,0,0,종류: 02 성인올슬림모-일반형(민감성)
7560,잘 받았어요. 다음에 또 구매할께요.,19.12.31.,5,0,0,종류: 03 성인올슬림모-고급형(민감성)
7561,빠른배송 좋아요 만족합니다,20.01.04.,5,0,0,종류: 01 성인이중슬림모(보편적인)
7562,이번에  처음 구입해 봤는데 너무 좋네요^^,19.12.13.,5,0,0,종류: 10 어금니-돔형
7563,"가성비짱이에요오ㅎ,ㅎ",20.01.08.,5,0,0,종류: 11 어금니-슬림형
7564,좋아요 만족합니다!,19.12.17.,5,0,0,종류: 11 어금니-슬림형
7565,치과용 칫솔이라 믿고 구매했습니다 시중에 오@@칫솔보다 훨씬 저렴해서 좋아요 칫솔대가 약한것이 약간 아쉽네요,19.11.29.,4,0,0,종류: 01 성인이중슬림모(보편적인)
7566,치과용 칫솔이라 믿고 구매했습니다 시중에 오@@칫솔보다 훨씬 저렴해서 좋아요 칫솔대가 약한것이 약간 아쉽네요,19.11.29.,4,0,0,종류: 00 성인일반모(단단한)
7567,무난하네요 ㅎㅎ잘쓸게요 ㅋㅋ,20.01.05.,4,0,0,종류: 01 성인이중슬림모(보편적인)
7568,무난하네요 ㅎㅎ 잘쓸게요 ㅋㅋ,20.01.05.,4,0,0,종류: 04 어린이올슬림모(24개월-6세)
7569,한달사용기잘닦이고 좋아요~!!,20.01.08.,5,0,한달사용기,종류: 01 성인이중슬림모(보편적인)
7570,한달사용기기존칫솔보다 부드러운데 그렇다고 바로 해지거나 그러지않네요 한달정도 썼는데도 칫솔모가 거의그대로에요,19.12.18.,5,0,한달사용기,종류: 04 어린이올슬림모(24개월-6세)
7571,빠른배송감사하고 좋아요,20.01.04.,5,0,0,종류: 00 성인일반모(단단한)
7572,좋아요 부드럽니ㅣ요,20.01.28.,5,0,0,종류: 04 어린이올슬림모(24개월-6세)
7573,재구매이중슬림모랑 같이 주문해봤는데 단단한거 보다는 부드러운모가 더 좋으네요,19.12.06.,3,재구매,0,종류: 00 성인일반모(단단한)
7574,"잘 사용,하고  있어요
덧니  부분  닦여요",20.01.04.,5,0,0,종류: 10 어금니-돔형
7575,엄청 좋아요 앞으로 이것만  쓸것 같아요,19.12.08.,5,0,0,종류: 09 어금니-일반형
7576,포장도 잘 되어있고 칫솔 케이스가 같이와서 너무 좋았어요,19.12.29.,5,0,0,종류: 08 교정칫솔-슬림형
7577,미세모만 쓰다가 좀 단단한걸로 구매했는데 느낌이 다르네요. 더 써봐야 알듯요..,19.12.02.,5,0,0,종류: 01 성인이중슬림모(보편적인)
7578,재구매신랑이 좋아합니다.,20.01.06.,5,재구매,0,종류: 00 성인일반모(단단한)
7579,재구매신랑이 좋아합니다.,20.01.06.,5,재구매,0,종류: 01 성인이중슬림모(보편적인)
7580,재구매신랑이 좋아합니다.,20.01.06.,5,재구매,0,종류: 02 성인올슬림모-일반형(민감성)
7581,배송도 빠르고 좋았습니다,19.12.14.,5,0,0,종류: 00 초미세모(매우부드러운)
7582,저렴하게잘구매했어요,19.12.14.,5,0,0,종류: 10 어금니-돔형
7583,"잘닦여요 근데 윗부분은 괜찮은데 아랫부분모가 좀 뻣뻣한느낌? 
그래도 잘닦여서 좋아요 구매 잘한거같아요",19.12.20.,5,0,0,종류: 13 해피덴-비타민올슬림모(민감성)
7584,좋아요 써보고 잘닦였음하네요,19.12.14.,5,0,0,종류: 09 어금니-일반형
7585,"엄마 드리려고 샀어요 
치아가 썩어서 치료받고있는데 이거 사용하면서 더는 안썩길 바래요 엄마가 좋대요",19.12.20.,5,0,0,종류: 03 성인올슬림모-고급형(민감성)
7586,"아쭈우 조아용
양치 깨끗하게 되니까 개운합니당ㅋ",19.12.10.,5,0,0,종류: 09 어금니-일반형
7587,궇굿 괜찮은거같아요,20.01.04.,5,0,0,종류: 09 어금니-일반형
7588,ㅗㅎ아요 즇아요 ㅈㅎㅎ아,20.01.13.,5,0,0,종류: 01 성인이중슬림모(보편적인)
7589,좋아요 재주문할께요,19.12.17.,5,0,0,종류: 10 어금니-돔형
7590,"돔형보다는 일반형이 살짝 뾰족모양이네요
어금니 구석이 더 잘닦일꺼같네요",19.12.22.,5,0,0,종류: 09 어금니-일반형
7591,배송도 빠르고 죠아욤,20.01.04.,4,0,0,종류: 09 어금니-일반형
7592,굿굿굿 괜춘해용 또,20.01.04.,5,0,0,종류: 01 성인이중슬림모(보편적인)
7593,"항상 사용 하고 있어요~
좋아요~~~~
잘 쓸께요 ~^^",19.12.10.,5,0,0,종류: 01 성인이중슬림모(보편적인)
7594,재구매교정중인 아이용으로 늘 쟁여놔요.,19.12.11.,3,재구매,0,종류: 07 교정칫솔-일반형
7595,엄청 부드러워요 좋은것같아요 참,20.01.02.,5,0,0,종류: 00 초미세모(매우부드러운)
7596,"딸아이 교정중이라 구매 했습니다.
배송빠르고 아주 좋아요...",19.12.29.,4,0,0,종류: 12 해피덴-비타민이중슬림모(보편적인)
7597,이전에는 마트에서 파는 캐릭터 칫솔썼는데 너무 칫솔모가 너무 두꺼워서 애가 아파했는데 이 제품은 가늘고 부드러워서 좋아합니다,19.11.30.,5,0,0,종류: 05 어린이이중슬림모(7세-10세)
7598,항상 쓰는거에요 좋아요,20.01.02.,5,0,0,종류: 08 교정칫솔-슬림형
7599,항상 쓰던거에요 좋아요,20.01.02.,5,0,0,종류: 07 교정칫솔-일반형
7600,아직 써보지 않았지만 낱개 포장되어 좋았습니다~^^,19.12.09.,3,0,0,종류: 01 성인이중슬림모(보편적인)
7601,한달사용기칫솔모 크기도 적당하고 잘 닦이고 만족해요,19.12.29.,4,0,한달사용기,종류: 01 성인이중슬림모(보편적인)
7602,싸니까 여러개 써서 자주 바꿔주는게 좋을것같아용,19.12.28.,2,0,0,종류: 07 교정칫솔-일반형
7603,이건처음구매인데요 잘써볼께요,19.12.07.,5,0,0,종류: 10 어금니-돔형
7604,한달사용기부드러운데 그렇다고 칫솔모가 금방 벌어지지않아서 좋아요 한달됐는데도 아직안바꾸게 되네요,19.12.18.,5,0,한달사용기,종류: 00 성인일반모(단단한)
7605,치과에서 파는 퀄리티고 메이드인 코리아라서 안심이고 써보니 세정력도 좋아요ㅎㅎ,19.12.04.,5,0,0,종류: 11 어금니-슬림형
7606,"감사
아이가 잘 사용합니다",20.01.02.,5,0,0,종류: 08 교정칫솔-슬림형
7607,재구매사용해보니 좋아서 선물하려고 재 구매 했어요. 개운해요~,19.12.03.,4,재구매,0,종류: 10 어금니-돔형
7608,모가 정말 부드럽고 좋네요,20.01.01.,5,0,0,종류: 01 성인이중슬림모(보편적인)
7609,한달사용기구석구석 잘 닦여요,20.01.03.,5,0,한달사용기,종류: 03 성인올슬림모-고급형(민감성)
7610,빠른배송 종ㅅ고 만족합니다,20.01.04.,5,0,0,종류: 05 어린이이중슬림모(7세-10세)
7611,부드러워서 좋은데 구석구석은 잘안되는것 같아 별하나 뺐어요~,19.12.26.,4,0,0,종류: 01 성인이중슬림모(보편적인)
7612,"재구매항상 여기서 구매합니다
좋아요",20.01.01.,5,재구매,0,종류: 06 유아올슬림모(13개월-36개월)
7613,잘받앗어요 ~~~~~,20.01.08.,4,0,0,종류: 10 어금니-돔형
7614,잘받앗어요 ~~~~~,20.01.08.,3,0,0,종류: 08 교정칫솔-슬림형
7615,튼튼하니잘닦여요 교정칫솔 사용하기편해요,19.12.04.,4,0,0,종류: 08 교정칫솔-슬림형
7616,가성비쨔응ㅋㅋ.ㅋㅋ,20.01.08.,5,0,0,종류: 03 성인올슬림모-고급형(민감성)
7617,"8살 아이가 치아 교정하면서 잇몸이 너무 부어 아파해서 부드러운걸 찾다 주문했는데, 워낙 부드러워서 이전보다 수월하게 양치질 가능합니다. 만족합니다.",19.12.12.,5,0,0,종류: 00 초미세모(매우부드러운)
7618,치과에서 사서 쓰던 칫솔이랑 완전 같아요~ 너무 싼 가격에 잘 샀어요~ 처음이라 하나만 사봤는데 이제 여기서 계속 주문해야겠어요,19.12.13.,5,0,0,종류: 01 성인이중슬림모(보편적인)
7619,"재구매 3번째입니다. 
온가족 가볍게 쓰기 좋아요",19.12.29.,5,0,0,종류: 01 성인이중슬림모(보편적인)
7620,전에 쓰던제품이었네요  잘쓰고 있습니다,19.12.23.,4,0,0,종류: 09 어금니-일반형
7621,한달사용기구석구석 잘 닦여요~~,20.01.03.,5,0,한달사용기,종류: 01 성인이중슬림모(보편적인)
7622,치과에서 추천받아 처음 어금니칫솔 써 봤는데 이젠 이거 없으면 안되게 되었네요. 싼 가격에 좋은 품질이라 만족합니다^^,19.12.13.,5,0,0,종류: 11 어금니-슬림형
7623,치과에서 추천받아 처음 어금니칫솔 써 봤는데 이젠 이거 없으면 안되게 되었네요. 싼 가격에 좋은 품질이라 만족합니다^^,19.12.13.,5,0,0,종류: 09 어금니-일반형
7624,재구매항상 여기서 구매합니다,20.01.01.,5,재구매,0,종류: 04 어린이올슬림모(24개월-6세)
7625,재구매항상 이용하는 제품입니다,19.12.31.,5,재구매,0,종류: 05 어린이이중슬림모(7세-10세)
7626,벌써 4번째인가 치솔 너무좋고 한번에 만니사서 자주갈아쓰니 위생적이고 좋아요 사은품도 마니넣어주셔서 감사합니다,19.11.22.,5,0,0,종류: 03 성인올슬림모-고급형(민감성)
7627,칫솔모도 안빠질 것 같은데요ㅎㅎ 색깔도 예뻐여,19.12.04.,5,0,0,종류: 10 어금니-돔형
7628,"부드럽고 어금니 칫솔질에 딱이예요
배송 정말 빠릅니다",19.12.05.,5,0,0,종류: 10 어금니-돔형
7629,배송빠릅니다. 저렴하게 잘 구입했습니다,19.12.23.,5,0,0,종류: 01 성인이중슬림모(보편적인)
7630,한달사용기양치도 잘 되고 넘무 좋아요,19.12.30.,5,0,한달사용기,종류: 04 어린이올슬림모(24개월-6세)
7631,한달사용기슬림형이랑 일반형 10개씩 주문했어요 잘쓰고 있어요,19.12.02.,4,0,한달사용기,종류: 08 교정칫솔-슬림형
7632,잘 닦이고 칫솔모크기와 탄력이 적당해교,19.12.27.,5,0,0,종류: 01 성인이중슬림모(보편적인)
7633,칫솔 좋아요 가족들도 좋아하구요,19.12.25.,5,0,0,종류: 01 성인이중슬림모(보편적인)
7634,"칫솔모가 이빨 하나크기만해서 칫솔모 길이가 다른 칫솔모보다 짧아 상당히 잘 닦입니다.
양치질 후 개운한 느낌이 상당히 강해 좋습니다.
내구성은 좀 더 써봐야 알듯합니다.",19.11.24.,5,0,0,종류: 00 성인일반모(단단한)
7635,재구매지난번에 사용하고  재구매해요  만족합니다,19.12.26.,5,재구매,0,종류: 01 성인이중슬림모(보편적인)
7636,"배송빠르고 
칫솔모도 너무 만족요",19.12.08.,4,0,0,종류: 01 성인이중슬림모(보편적인)
7637,17개월 아기인데 이빨이 제법 많이 나와서 이 제품으로 바꿔줬습니다. 가늘고 부드러워서 좋네요,19.11.30.,5,0,0,종류: 06 유아올슬림모(13개월-36개월)
7638,"한달사용기여러개 쟁여놨어요
칫솔 맘에듭니다",19.12.02.,5,0,한달사용기,종류: 09 어금니-일반형
7639,한달사용기또 살거에요 ㅎ 좋아요 가격도 저렴하고,19.12.22.,5,0,한달사용기,종류: 03 성인올슬림모-고급형(민감성)
7640,재구매배송이 매우 빨랐어요! 칫솔도 부드러워서 좋어용,19.12.20.,5,재구매,0,종류: 01 성인이중슬림모(보편적인)
7641,한달사용기부드러워서 정말 좋아요,19.12.09.,5,0,한달사용기,종류: 03 성인올슬림모-고급형(민감성)
7642,재구매배송도 빠르고 잘 닦여요 항상잘쓰고있습니다 최고예요,19.12.20.,5,재구매,0,종류: 07 교정칫솔-일반형
7643,재구매가격도 저렴하고 매번 사용하던 제품이라 마음에 들어요,19.12.03.,5,재구매,0,종류: 03 성인올슬림모-고급형(민감성)
7644,칫솔모가 탄력있고 크기도 적당해요,19.12.27.,5,0,0,종류: 05 어린이이중슬림모(7세-10세)
7645,한달사용기잘쓰고 있습니당아이들꺼어른꺼,19.12.29.,5,0,한달사용기,종류: 04 어린이올슬림모(24개월-6세)
7646,주기적으로 사는 칫솔이에요~^^  가성비 갑이에요~,19.12.23.,5,0,0,종류: 03 성인올슬림모-고급형(민감성)
7647,한달사용기가격도 저렴하고 좋아요 ㅎㅎ 또 사러 올게용,19.12.22.,5,0,한달사용기,종류: 01 성인이중슬림모(보편적인)
7648,"한달사용기너무 뻣뻣하지도,부드럽지 않아서 좋아요",19.12.26.,4,0,한달사용기,종류: 01 성인이중슬림모(보편적인)
7649,한달사용기재구매잘 사용하고 있습니다.,19.12.10.,5,재구매,한달사용기,종류: 08 교정칫솔-슬림형
7650,매우만족스러워요 너무잘산거같아요,19.12.22.,5,0,0,종류: 13 해피덴-비타민올슬림모(민감성)
7651,매우만족스러워요 너무잘산거같아요,19.12.22.,5,0,0,종류: 01 성인이중슬림모(보편적인)
7652,한달사용기너무 잘쓰고 있어요,19.12.09.,5,0,한달사용기,종류: 00 초미세모(매우부드러운)
7653,재구매사용해보니 너무 깔끔히 닦이고 좋아서 재구매입니다.,19.12.03.,4,재구매,0,종류: 09 어금니-일반형
7654,이제다른칫솔은 못쓰는걸요,19.12.07.,5,0,0,종류: 03 성인올슬림모-고급형(민감성)
7655,한달사용기재구매가격이 저렴해서 부담없이 편하게 사용할 수 있어요,19.12.23.,4,재구매,한달사용기,종류: 00 초미세모(매우부드러운)
7656,"칫솔모가 가늘고 부드러워서 좋습니다
서비스로 주신 치실도 너무 좋네요",19.11.30.,5,0,0,종류: 03 성인올슬림모-고급형(민감성)
7657,한달사용기늘 사용하는제품 저렴하게 잘사서 씁니다,19.12.25.,5,0,한달사용기,종류: 05 어린이이중슬림모(7세-10세)
7658,재구매배송빠릅니당ㅎㅎ감사합니다,19.12.24.,5,재구매,0,종류: 07 교정칫솔-일반형
7659,저렴하게 잘산건같애요,19.12.28.,4,0,0,종류: 03 성인올슬림모-고급형(민감성)
7660,"아이들은  어금니 안쪽.앞니.앞니안쪽 닦는게  쉽지않더라구요.
어린이용칫솔은 모가부드러우니  플라그가 좀 끼어있게 닦이고..
그래서  칫솔구매하려보니  이런게있었네요.
세게 힘줌 피나더라구요.
살살 앞니랑 어금니안쪽.치아 안쪽까지  닦게되니 개운한 기분입니다.",19.11.12.,5,0,0,종류: 10 어금니-돔형
7661,조아요 잘 쓰겠습니다,19.12.04.,5,0,0,종류: 07 교정칫솔-일반형
7662,혀클리너까지 사은품으로 주셔서 감사합니당,19.12.04.,5,0,0,종류: 08 교정칫솔-슬림형
7663,재구매만족합니다. 일반칫솔이랑 미세모랑 꼭  같이 써야 전 좋더라고요.,19.11.26.,5,재구매,0,종류: 00 성인일반모(단단한)
7664,한달사용기어린이용이 휴대하기에도 좋고 구석구석 잘닦여요~~,19.12.03.,5,0,한달사용기,종류: 05 어린이이중슬림모(7세-10세)
7665,"한달사용기싼가격에기대안했는데
너무괜찮습니다~",19.12.25.,5,0,한달사용기,종류: 09 어금니-일반형
7666,칫솔 가성비 넘조아요,19.12.08.,4,0,0,종류: 02 성인올슬림모-일반형(민감성)
7667,엄청 빠른 배송^^  그리고 부드러운데 탄력있는 칫솔모가 쓱쓱 이를 깨끗하게 닦아주네요ᆢ잇몸도 안아프고  좋습니다,19.12.10.,5,0,0,종류: 12 해피덴-비타민이중슬림모(보편적인)
7668,몇년째 같은제품쓰는데 항상 만족합니다,19.12.24.,5,0,0,종류: 03 성인올슬림모-고급형(민감성)
7669,어금니가잘닦이는지솔직히모르겠는듸ㅣ꾸준히쓰고있어요!,19.12.04.,4,0,0,종류: 10 어금니-돔형
7670,배송빠르고 칫솔모가 적당히 힘있고 부드러워서 좋습니다,19.12.01.,5,0,0,종류: 01 성인이중슬림모(보편적인)
7671,빠른배송  만족합니다,19.12.28.,5,0,0,종류: 05 어린이이중슬림모(7세-10세)
7672,가성비 좋아요 만족,19.12.28.,4,0,0,종류: 09 어금니-일반형
7673,재구매교정중인 아이가 잘 사용중입니다,19.12.06.,5,재구매,0,종류: 07 교정칫솔-일반형
7674,치과 칫솔이고 작다고해서 구입했어요.길이는 아주 작진 않은데 폭이 좁아서 안쪽까지 닦이네요.,19.12.12.,4,0,0,0
7675,이거만 써요^^  스켈링 후에 미세모로 양치하니 깔끔하고 좋아요,19.11.26.,5,0,0,종류: 03 성인올슬림모-고급형(민감성)
7676,한달사용기애들이 좋다고 하네요 다쓰면 담번에도 재구매 할 생각있습니다~~^^,19.11.30.,4,0,한달사용기,종류: 05 어린이이중슬림모(7세-10세)
7677,재구매잇몸에 부드럽고 좋습니다,19.12.06.,5,재구매,0,종류: 01 성인이중슬림모(보편적인)
7678,"부드러운 미세모 칫솔찾고있었는데 딱이네요
머리도 작고 부드러워 잇몸 약한 사람들에게 좋아요",19.11.21.,5,0,0,종류: 01 성인이중슬림모(보편적인)
7679,칫솔모도 부드럽고 괜찮은거 같습니다. 어금니칫솔도 사용하기 좋네요.,19.11.25.,4,0,0,종류: 05 어린이이중슬림모(7세-10세)
7680,한달사용기여러개 사두고 쓰는중이에요! 세정력은 일반형보다 별로지만 자극이 덜해서 좋아요 !,19.12.12.,4,0,한달사용기,종류: 08 교정칫솔-슬림형
7681,처음써봅니다 싸게 구입했어요~,19.12.25.,5,0,0,종류: 03 성인올슬림모-고급형(민감성)
7682,한달사용기가성비 좋네요 잘 사용중입니다,19.12.20.,5,0,한달사용기,종류: 02 성인올슬림모-일반형(민감성)
7683,저는 돔형보다는 일반형이 좀더나은거같네요,19.12.22.,5,0,0,종류: 10 어금니-돔형
7684,한달사용기매번사용하는칫솔만족합니다,19.12.04.,5,0,한달사용기,종류: 05 어린이이중슬림모(7세-10세)
7685,"기존에 사용하고 좋아서 재구매했어요.
빠른배송으로 편하게 이용합니다",19.12.13.,5,0,0,종류: 01 성인이중슬림모(보편적인)
7686,치과용 미세모 칫솔만 늘 사용했었는데 이번 제품도 아주 좋은것 같아요~~,19.12.18.,4,0,0,종류: 03 성인올슬림모-고급형(민감성)
7687,"기린모양이 그려져있어 아이가 너무 좋아하고
모가 부드러워 아이가 스스로 양치도 잘하네요
잘사용하겠습니다
보내주신 사은품도 잘 사용하겠습니다^^",19.11.18.,5,0,0,종류: 05 어린이이중슬림모(7세-10세)
7688,한달사용기모가 작은 제품을 찾고 있는데 칫솔모가 너무 많아 사이사이에 낀 이물질앨 오히려 잘 닦이지가 않아요,19.11.25.,3,0,한달사용기,종류: 01 성인이중슬림모(보편적인)
7689,한달사용기모가 작은 제품을 찾고 있는데 칫솔모가 너무 많아 사이사이에 낀 이물질앨 오히려 잘 닦이지가 않아요,19.11.25.,3,0,한달사용기,종류: 02 성인올슬림모-일반형(민감성)
7690,한달사용기튼튼하고 잘 닦여 좋습니다^^,19.12.26.,5,0,한달사용기,종류: 01 성인이중슬림모(보편적인)
7691,교정용 칫솔은 금방 망가져서 자주 교체해야하는데 병원에서 구매하는 것 보다 저렴하고 좋아요! 우선 사용해보려고 몇개만 주문했는데 다쓰면 또 구매할게요,19.11.07.,5,0,0,종류: 07 교정칫솔-일반형
7692,너무 맘에 들어요 이때운것 사이 넓은 부분 어금니 뒷 부분 닦기 좋아요,19.12.14.,4,0,0,종류: 02 성인올슬림모-일반형(민감성)
7693,져렴하고 좋아요. 일반제품보다 부드럽고 잘닦이고..강추..,19.12.16.,5,0,0,종류: 03 성인올슬림모-고급형(민감성)
7694,평소 치료한 치아가 많아서 신경써서 관리하거든요. 이칫솔 정말 신세계네요. 안닦이던 부분이 싹 닦여서 너무 개운해요. 당장 더 구입하려구요~.,19.11.15.,5,0,0,종류: 11 어금니-슬림형
7695,"한달사용기여기저기 두고 쓰려고 여러개 구입했어요
근데 교정기에 칫솔모가 자주 걸리네요 ㅠㅠ",19.12.12.,4,0,한달사용기,종류: 07 교정칫솔-일반형
7696,"치과에서 파는 칫솔보다 훨 좋아요
장치때문애 금방 흐물거리고 가격도 비싸소 여기꺼 시켜봤는데 교정하시는 분이라면 이거 써야함",19.12.10.,5,0,0,종류: 08 교정칫솔-슬림형
7697,한달사용기교정용 칫솔과 어금니칫솔을 세트로 구입힙니다,19.12.01.,5,0,한달사용기,종류: 09 어금니-일반형
7698,칫솔모가 생각보다 부드럽지않고 이 사이사이 잘닦이는 느낌은 없어요 참고하세요,19.12.15.,2,0,0,0
7699,한달사용기칫솔모가 부드러워서 잇몸이 많이 부어오르는 저녁에 잘 쓰고 있습니다,19.12.17.,5,0,한달사용기,종류: 03 성인올슬림모-고급형(민감성)
7700,재구매잘받았어요 미세모같이써줘야조아여,19.11.26.,5,재구매,0,종류: 01 성인이중슬림모(보편적인)
7701,"처음 써봤는데 제품 만족해요
부드러워서 피도 안나고 좋아요",19.12.14.,4,0,0,종류: 12 해피덴-비타민이중슬림모(보편적인)
7702,"초미세모라고 있어서
주문했는데 임산부, 암환자분들
쓰는거네요ㅠ
젤 주문많이했는데",19.12.12.,2,0,0,종류: 00 초미세모(매우부드러운)
7703,한달사용기늘 사용하던거라 좋아요,19.12.04.,5,0,한달사용기,종류: 01 성인이중슬림모(보편적인)
7704,한달사용기무난하고 가격이 저렴해서 좋네요,19.12.02.,5,0,한달사용기,종류: 08 교정칫솔-슬림형
7705,한달사용기무난하고 가격이 저렴해서 좋네요,19.12.02.,4,0,한달사용기,종류: 00 성인일반모(단단한)
7706,재구매항상 애용하고 있어요,19.12.04.,5,재구매,0,종류: 11 어금니-슬림형
7707,"제품은 부드럽고 좋으나 저한테는 안맞네요..
치과에서만 구입하다 인터넷으로 처음 칫솔을 구매해 봤는데요. 전에 쓰던게 강도가 더 부드러운 모였나봅니다! 제품이 안좋은 건 아니니 손님용으로 쓰려구요!!",19.11.09.,3,0,0,종류: 03 성인올슬림모-고급형(민감성)
7708,"제품은 부드럽고 좋으나 저한테는 안맞네요..
치과에서만 구입하다 인터넷으로 처음 칫솔을 구매해 봤는데요. 전에 쓰던게 강도가 더 부드러운 모였나봅니다! 제품이 안좋은 건 아니니 손님용으로 쓰려구요!!",19.11.09.,3,0,0,종류: 02 성인올슬림모-일반형(민감성)
7709,한달사용기재구매교정용 칫솔이라 잘 닦이네요.감사합니다,19.12.16.,5,재구매,한달사용기,종류: 07 교정칫솔-일반형
7710,배송이 정말 빨라요. 교정용 치솔을 늘 구매하는데 저렴하고 만족합니다.,19.11.21.,5,0,0,종류: 08 교정칫솔-슬림형
7711,싸게 잘 샀습니다. 가성비 최고!,19.11.29.,5,0,0,종류: 07 교정칫솔-일반형
7712,칫솔모가 작아서 안쪽까지 잘 닦여서 좋네요,19.11.30.,5,0,0,종류: 03 성인올슬림모-고급형(민감성)
7713,늘 쓰는 제품이라 재구매합니다,19.12.22.,5,0,0,종류: 03 성인올슬림모-고급형(민감성)
7714,배송이 빨라요^^ 엔드터프트 칫솔 교정환자 필템입니다,19.11.23.,5,0,0,종류: 09 어금니-일반형
7715,재구매배송빠르고좋아요~재구매,19.12.03.,5,재구매,0,종류: 07 교정칫솔-일반형
7716,한달사용기맘에들어서 많이 쟁여놨어요,19.12.02.,5,0,한달사용기,종류: 00 초미세모(매우부드러운)
7717,한달사용기맘에들어서 많이 쟁여놨어요,19.12.02.,5,0,한달사용기,종류: 10 어금니-돔형
7718,"칫솔 넓이가 좁아 치아 구석구석 양치하기 좋은것 
같아요
잘 사용하겠습니다",19.11.18.,5,0,0,종류: 12 해피덴-비타민이중슬림모(보편적인)
7719,한달사용기가격대비 좋습니다...,19.12.06.,4,0,한달사용기,종류: 01 성인이중슬림모(보편적인)
7720,한달사용기쓰면쓸수록흡족합니다~^^,19.12.25.,5,0,한달사용기,종류: 10 어금니-돔형
7721,재구매계속 재구매중입니다. 근데 포장이 거꾸로되어왔어요 칫솔모가 안보이고 손잡이부분이 보임...,19.12.09.,5,재구매,0,종류: 06 유아올슬림모(13개월-36개월)
7722,"종류별로 전에 샀었는데
이중슬림모가  좋아서 이번엔 이거로~~구매했어요.
적당한 힘으로 잘 닦이고
칫솔모도 잘 벌어지지않아요. 
힘이 없는 모가 아니고 적당히  단단하고 좋아요.",19.11.12.,5,0,0,종류: 01 성인이중슬림모(보편적인)
7723,"가성비 좋은 교정칫솔이에요
치과에서 받은 칫솔과 차이를 못느껴 꾸준히 구매해서 사용합니다",19.12.13.,4,0,0,종류: 08 교정칫솔-슬림형
7724,한달사용기늘 꾸준히 쓰던제품입니다,19.12.02.,4,0,한달사용기,종류: 07 교정칫솔-일반형
7725,한달사용기맘에들어 많이 쟁여놨어요,19.12.02.,5,0,한달사용기,종류: 01 성인이중슬림모(보편적인)
7726,이가 잘 닦이고 좋네요,19.12.03.,5,0,0,종류: 02 성인올슬림모-일반형(민감성)
7727,재구매좋습니다~~~~~^^,20.01.19.,5,재구매,0,종류: 01 성인이중슬림모(보편적인)
7728,한달사용기잘사용중에있습니다~~~,19.12.25.,5,0,한달사용기,종류: 03 성인올슬림모-고급형(민감성)
7729,한달사용기잘사용중에있습니다~~~,19.12.25.,5,0,한달사용기,종류: 04 어린이올슬림모(24개월-6세)
7730,한달사용기늘 사용하는 교정용 칫솔입니다,19.12.01.,5,0,한달사용기,종류: 07 교정칫솔-일반형
7731,치과에서 쓰는 교정칫솔과 같네요 좋습니다,19.11.29.,5,0,0,종류: 08 교정칫솔-슬림형
7732,한달사용기부드럽고 아주 좋아요,19.12.17.,5,0,한달사용기,종류: 01 성인이중슬림모(보편적인)
7733,"아이 초5인데 요거 쓰기 좋네요
머리도 작고 부드러워서 마음에 들어요",19.11.21.,5,0,0,종류: 05 어린이이중슬림모(7세-10세)
7734,3줄모라서 좋아요-,19.12.26.,4,0,0,종류: 13 해피덴-비타민올슬림모(민감성)
7735,교정하고 있어서 여러개 구매했어요,19.12.20.,4,0,0,종류: 07 교정칫솔-일반형
7736,한달사용기부드럽고좋아요~!!,19.12.26.,4,0,한달사용기,종류: 08 교정칫솔-슬림형
7737,좋아쇼잘쓰겟습니다!,19.12.04.,5,0,0,종류: 09 어금니-일반형
7738,이칫솔만 씁니다 저렴하니 좋아요,19.12.20.,5,0,0,종류: 01 성인이중슬림모(보편적인)
7739,아직 안써봤어요. 치과에서 추천해준 칫솔보다 저렴해서 구매했어요.,19.12.11.,3,0,0,종류: 07 교정칫솔-일반형
7740,"치아크기가 작은 아이에게 안성맞춤인것 같아요
잘 사용하겠습니다-^^",19.11.18.,5,0,0,종류: 06 유아올슬림모(13개월-36개월)
7741,재구매몇번째 연속 구매합니다!! 믿고 씁니다,19.11.25.,5,재구매,0,종류: 00 초미세모(매우부드러운)
7742,재구매매번 쓰는 제품인데 편하고 좋아요,19.12.20.,5,재구매,0,종류: 10 어금니-돔형
7743,한달사용기기존 쓰던 마트에 파는 칫솔가 비교가 안되게 좋네요 많이 파세요~~~,19.11.25.,5,0,한달사용기,종류: 01 성인이중슬림모(보편적인)
7744,"배송빠르고
서비스좋아요",19.12.22.,5,0,0,종류: 00 성인일반모(단단한)
7745,"배송 빨라요~
저도 쓰고 강아지들도 써요",19.11.26.,5,0,0,종류: 11 어금니-슬림형
7746,아들 교정하는데 쓸려고 샀어요,19.12.20.,5,0,0,종류: 07 교정칫솔-일반형
7747,한달사용기다 좋은데..칫솔모가 빨리 벌려지는거 같아 자주 바꿔요,19.12.16.,5,0,한달사용기,종류: 05 어린이이중슬림모(7세-10세)
7748,"아이가 쎄게 양치해도 솔이 쉽게 벌어지지 않아서 확실히 좋은거 같아요. 가성비 훌륭한 칫솔이예요
잇몸 약한 신랑도 좋아해서 재구매했어요",19.12.02.,5,0,0,종류: 03 성인올슬림모-고급형(민감성)
7749,한달사용기칫솔모가 힘있어서 잘닦여요. 재구매 할거에요~,19.12.13.,5,0,한달사용기,종류: 01 성인이중슬림모(보편적인)
7750,아기가 자극없이 이를 잘닦네요^^ 스스로 깨끗하게 잘 닦아서 좋습니다,19.12.10.,5,0,0,종류: 5-1 너구리올슬림모(24개월-6세)
7751,이만원 구입하면 무배라서 ... 상품평보고 믿고 구매,19.11.22.,5,0,0,종류: 14 미소덴탈 금올슬림모(민감성)
7752,한달사용기임산부라 미세모와 일반 구입했는데 전 일반이 더 좋아요~,19.11.26.,3,0,한달사용기,종류: 00 초미세모(매우부드러운)
7753,잇몸 안좋으신 엄마가 써보시고 좋다고해요,19.12.17.,5,0,0,종류: 01 성인이중슬림모(보편적인)
7754,"한달사용기칫솔모가 좋네요
이가 잘 닦여요",19.12.02.,5,0,한달사용기,종류: 03 성인올슬림모-고급형(민감성)
7755,칫솔 배송도 빠르고 부드럽게  슥슥슥 잘 닦입니다^^최고에요,19.12.10.,5,0,0,종류: 04 어린이올슬림모(24개월-6세)
7756,"재구매재구매예요 
가성비 좋아요",19.11.30.,3,재구매,0,종류: 03 성인올슬림모-고급형(민감성)
7757,"잇몸이 약해서 주문해 보았는데
모가 부드럽고 좋아요♡",19.11.18.,5,0,0,종류: 01 성인이중슬림모(보편적인)
7758,재구매온 가족이 쓰는데 넘~~ 조아요~,19.12.21.,5,재구매,0,종류: 00 초미세모(매우부드러운)
7759,항상 쓰던칫솔 깔끔해서,19.12.20.,5,0,0,종류: 00 성인일반모(단단한)
7760,재구매두번째 구매입니다. 좋아요. 일반보다 슬림형이 더 잘 맞아요.,19.12.10.,5,재구매,0,종류: 08 교정칫솔-슬림형
7761,한달사용기좋아요 많이 쟁여놨어요,19.12.02.,5,0,한달사용기,종류: 04 어린이올슬림모(24개월-6세)
7762,부드럽고 잇몸이 아프지 않아서 좋습니다.,19.12.17.,5,0,0,종류: 03 성인올슬림모-고급형(민감성)
7763,"싸고 좋아요~
매번 사용",19.11.26.,5,0,0,종류: 09 어금니-일반형
7764,재구매좋은 상품 감사드려용,19.12.20.,5,재구매,0,종류: 00 성인일반모(단단한)
7765,재구매다쓰면 또 사러올께요,19.12.20.,5,재구매,0,종류: 14 미소덴탈 금올슬림모(민감성)
7766,아직 사용전이지만 후기가 좋아서 기대되네요 잘쓸께요,19.11.20.,5,0,0,종류: 01 성인이중슬림모(보편적인)
7767,싸고좋아요 배송도빠르고,19.12.14.,5,0,0,종류: 01 성인이중슬림모(보편적인)
7768,"재구매디자인 이쁘고 
퀼리티도 높아요",19.12.18.,5,재구매,0,종류: 04 어린이올슬림모(24개월-6세)
7769,"재구매디자인 이쁘고
퀼리티도 높아요",19.12.18.,5,재구매,0,종류: 01 성인이중슬림모(보편적인)
7770,재구매아이가 타사 캐릭터제품보다 이걸 더좋아합니다...부드러워 그런듯합니다...재구매입니다,19.12.05.,5,재구매,0,종류: 06 유아올슬림모(13개월-36개월)
7771,배송이 빨라요 잘써보고 좋으면 재구매하러올게용,19.11.24.,5,0,0,종류: 10 어금니-돔형
7772,교정중이라서 교정칫솔을 구매해 봤어요 칫솔모가 가운데 브이 모양으로 되어 있어요 일반칫솔 사용했을때보다 훨씬 구석구석 잘 닦이는거 같아요 아주 만족하며 사용중입니다,19.11.07.,5,0,0,종류: 08 교정칫솔-슬림형
7773,새로바뀌봤는데 괜찮네요,19.11.28.,5,0,0,종류: 01 성인이중슬림모(보편적인)
7774,여러가지 샀는제 색깔별로 줘서 구분하기 좋아요,19.11.24.,5,0,0,종류: 09 어금니-일반형
7775,재구매가성비 좋고 무난합니다,19.12.19.,5,재구매,0,종류: 04 어린이올슬림모(24개월-6세)
7776,"재구매재구매에요
치과보다 저렴한데 젛아요",19.11.26.,5,재구매,0,종류: 08 교정칫솔-슬림형
7777,한달사용기재구매계속쓰고있어요~~~~~너무좋아요,19.12.17.,5,재구매,한달사용기,종류: 07 교정칫솔-일반형
7778,5단계로 삿는데 이제야 개운한 느낌이 나네요 ㅋㅋ 감사합니다 ㅋ,19.12.09.,5,0,0,종류: 00 성인일반모(단단한)
7779,"재구매디자인 이쁘고
퀼리티 이뻐요",19.12.18.,5,재구매,0,종류: 00 성인일반모(단단한)
7780,재구매두번째 구입하였습니다 너무 좋아서 주변분들두 추천하였습니다,19.12.14.,5,재구매,0,종류: 15 미소덴탈 숯올슬림모(민감성)
7781,잘쓰고  있어요~~~,19.12.23.,4,0,0,종류: 10 어금니-돔형
7782,배송이 너무빨랐고 어금니쪽이 잘 안닦여서 구매했어요!,19.11.24.,5,0,0,종류: 01 성인이중슬림모(보편적인)
7783,한달사용기부드럽고좋아서 재구매했습니다,19.12.17.,5,0,한달사용기,종류: 02 성인올슬림모-일반형(민감성)
7784,재구매가성비 좋고 무난해요,19.12.19.,5,재구매,0,종류: 01 성인이중슬림모(보편적인)
7785,배송 빠르고 솔 어정쩡하게부드러운것보다나아요,19.11.23.,5,0,0,종류: 08 교정칫솔-슬림형
7786,잘사용할게요 배송빠릅니다,19.11.22.,5,0,0,종류: 00 성인일반모(단단한)
7787,늘 구매하는 제품이에요 한달에 한번씩 칫솔 교체하는데 저렴하고 제품도 좋아요,19.11.20.,5,0,0,종류: 01 성인이중슬림모(보편적인)
7788,재구매몇번째 여기에서만 구매합니다..! 교정 끝날때까지 계속 여기에서만 살것같아요 가격대비성능 아주 좋아요!!,19.11.14.,5,재구매,0,종류: 08 교정칫솔-슬림형
7789,칫솔모가 생각보다 힘이있어서 잘닦이고 사이즈도 적당합니다. 재구매할거에요.,19.12.05.,5,0,0,종류: 01 성인이중슬림모(보편적인)
7790,유아꺼보다는 탄성이 있지만 좋아요.,19.12.16.,5,0,0,종류: 04 어린이올슬림모(24개월-6세)
7791,좋은 상품 좋은 가격으로 재구매 하여 꾸준히 사용중이에요,19.12.13.,4,0,0,종류: 05 어린이이중슬림모(7세-10세)
7792,늘쓰던제품 괜찮네요,19.11.28.,5,0,0,종류: 05 어린이이중슬림모(7세-10세)
7793,늘쓰던제품 괜찮네요,19.11.28.,5,0,0,종류: 02 성인올슬림모-일반형(민감성)
7794,교정칫솔은 많이 필요해서 한번에 샀네요,19.12.14.,5,0,0,종류: 07 교정칫솔-일반형
7795,여러번 썼던거라 괁닪을거라고 생각해요,19.12.14.,4,0,0,종류: 01 성인이중슬림모(보편적인)
7796,잘받아서 잘 사용하고 있습니다. 앞으로도 쭈욱 이용하겠습니다.,19.12.08.,5,0,0,종류: 00 초미세모(매우부드러운)
7797,잘받아서 잘 사용하고 있습니다. 앞으로도 쭈욱 이용하겠습니다.,19.12.08.,5,0,0,종류: 11 어금니-슬림형
7798,"어금니 안 쪽까지 닦을 수 있어서 좋습니다.
생각보다 모가 좀 더 작아서 놀라긴했어요ㅋㅋ",19.11.18.,4,0,0,종류: 11 어금니-슬림형
7799,잘 사용할게요 배송빠름,19.11.22.,5,0,0,종류: 01 성인이중슬림모(보편적인)
7800,한달사용기잇몸이 아프지않고 좋아요,19.12.17.,4,0,한달사용기,종류: 02 성인올슬림모-일반형(민감성)
7801,"아주 좋아요
치실로 어찌어찌 해왔었는데
어금니치솔로 닦으니 시원하게 잘닦이네요",19.12.09.,5,0,0,종류: 10 어금니-돔형
7802,치아 사이 낀 음식물을 잘 제거할수 있어요,19.12.13.,4,0,0,종류: 10 어금니-돔형
7803,"칫솔 처음 시켜봤는데 만족도 너무 좋아요
아이가 아파하지도 않고 자주 시킬께요",19.12.10.,5,0,0,종류: 06 유아올슬림모(13개월-36개월)
7804,늘사용하는제품입니다,19.12.17.,5,0,0,종류: 09 어금니-일반형
7805,재구매두번째구매 좋아요!~~,19.12.20.,5,재구매,0,종류: 03 성인올슬림모-고급형(민감성)
7806,한달사용기잘닦이고 좋아요..,19.12.20.,4,0,한달사용기,종류: 08 교정칫솔-슬림형
7807,"사진이랑 똑같이 생겼어요
개별 포장 되있어서 좋네요",19.11.18.,4,0,0,종류: 09 어금니-일반형
7808,재구매가성비가 좋아 재구매 다시합니다,19.12.15.,5,재구매,0,종류: 01 성인이중슬림모(보편적인)
7809,"좋단깨용 
다른분들도 언능 사세요~~~~~",19.11.26.,5,0,0,종류: 10 어금니-돔형
7810,한달사용기재구매치아 틈을 깨끗히 하기 좋아요. 가격이 조금 비쌉니다.,19.11.17.,4,재구매,한달사용기,종류: 09 어금니-일반형
7811,제품이 좋아서 늘 구매해요 잘 쓸게요,19.11.20.,5,0,0,종류: 02 성인올슬림모-일반형(민감성)
7812,늘 여기서만 구매 합니다.,19.12.17.,5,0,0,종류: 05 어린이이중슬림모(7세-10세)
7813,만족합니다 감사합니다 잘 사용 하겠습니다,19.11.25.,5,0,0,종류: 08 교정칫솔-슬림형
7814,감사합니다 만족합니다 잘 사용 하겠습니다,19.11.25.,5,0,0,종류: 10 어금니-돔형
7815,만족합니다 감사합니다 잘 사용 하겠습니다,19.11.25.,5,0,0,종류: 07 교정칫솔-일반형
7816,좋네요... 특가상품이 단단한 모질인줄 알고 구매...오류구매한 부분만 빼고 모두 만족해요 ㅎㅎㅎ,19.11.14.,5,0,0,종류: 00 성인일반모(단단한)
7817,굳굳굳.굳굳굳.굳굳,20.01.10.,3,0,0,종류: 10 어금니-돔형
7818,"재구매잘쓰고있습니다. 매번 쓰는데 요새는 장치 사이에 걸려서 빠지는일도 이전에 비해 없네요ㅋ 
제 양치 방법이 나아진것인지 칫솔 내구도가 올라간것인지는 모르겠네요 ㅋㅋ",19.11.26.,4,재구매,0,종류: 08 교정칫솔-슬림형
7819,"재구매잘쓰고있습니다. 매번 쓰는데 요새는 장치 사이에 걸려서 빠지는일도 이전에 비해 없네요ㅋ 
제 양치 방법이 나아진것인지 칫솔 내구도가 올라간것인지는 모르겠네요 ㅋㅋ",19.11.26.,4,재구매,0,종류: 11 어금니-슬림형
7820,써보니깐 확실히 고급형이 좋아서 여러개 구매했습니다~사은품도 감사해요~~^^,19.11.13.,5,0,0,종류: 03 성인올슬림모-고급형(민감성)
7821,가성비 최고네요~~  자주 이용하겠습니다,19.12.09.,5,0,0,종류: 07 교정칫솔-일반형
7822,한달사용기좋아요 잘쓰고있어요ㅎ,19.12.15.,4,0,한달사용기,종류: 10 어금니-돔형
7823,개별 포장 너무 좋네요 사용해보고 또 남길게요,19.11.18.,4,0,0,종류: 10 어금니-돔형
7824,한달사용기칫솔모가 부드럽지는 않는데 잘 닦이는 편입니다. 재구매 의사있습니다.,19.12.04.,4,0,한달사용기,종류: 07 교정칫솔-일반형
7825,재구매가격대비 좋아요~ 이번에도 재구매했어요~,19.12.10.,4,재구매,0,종류: 02 성인올슬림모-일반형(민감성)
7826,항상쓰는 칫솔이예요,19.12.17.,5,0,0,종류: 02 성인올슬림모-일반형(민감성)
7827,사랑니에 음식물이 껴서 잘 사용해볼게여,19.11.22.,5,0,0,종류: 10 어금니-돔형
7828,"아들이 교정중이라 교정칫솔로 주문했어요~
부드럽고 좋다고 하네요^^",19.12.06.,4,0,0,종류: 08 교정칫솔-슬림형
7829,재구매만족스럽습니다 연속구매,19.11.25.,5,재구매,0,종류: 01 성인이중슬림모(보편적인)
7830,"어금니칫솔은 돔형 일반형 두종류 다 사봤네요.
경우에 따라 필요하더라구요",19.11.13.,5,0,0,종류: 10 어금니-돔형
7831,한달사용기저렴해서 샀는데 첨에 받고 허접한 중국산느낌의 포장에서 실망했지만 실사용에선 굉장히 좋습니다.,19.12.04.,5,0,한달사용기,종류: 08 교정칫솔-슬림형
7832,"저번에도 샀는데 좋아서 또 사요^^
어금치 칫솔로 좋아요~",19.11.16.,5,0,0,종류: 09 어금니-일반형
7833,아직 사용전이지만 칫솔모는 부드럽고 섬세해보이네모,19.12.10.,4,0,0,종류: 02 성인올슬림모-일반형(민감성)
7834,항상 구매해서 쓰고있는 제품인데 만족합니다,19.12.11.,5,0,0,종류: 08 교정칫솔-슬림형
7835,아직 사용전이지만 애들꺼 보니 어른들꺼도 좋을거 같네요,19.12.10.,4,0,0,종류: 00 성인일반모(단단한)
7836,한달사용기좋아요~~^^^^^^,19.12.25.,5,0,한달사용기,종류: 11 어금니-슬림형
7837,늘 이 제품만 구매하는데 여기가 제일 저렴하네요,19.11.20.,5,0,0,종류: 05 어린이이중슬림모(7세-10세)
7838,미세모 이중으로 닦아주니 깔끔하고 좋아요. 컬러도 예뻐요.,19.11.15.,4,0,0,종류: 02 성인올슬림모-일반형(민감성)
7839,언니집에서 이 제품사욤해보고 시켰는데 배송도 빠르고 생각지도 못한 선물도 주셔서 너무좋아요.,19.12.05.,5,0,0,종류: 02 성인올슬림모-일반형(민감성)
7840,한달사용기대량으로 구매해서 6개월에 한번정도 구매하는거같아요. 추천해요.,19.11.14.,5,0,한달사용기,종류: 01 성인이중슬림모(보편적인)
7841,굿 배송빠르고 이 칫솔이 제일 잘닦여요,19.12.13.,5,0,0,종류: 01 성인이중슬림모(보편적인)
7842,"아이가 교정해서 주문했는데
괜찮다하네요!!",19.12.12.,4,0,0,종류: 08 교정칫솔-슬림형
7843,모가 작고 부드러워요.,19.12.16.,5,0,0,종류: 06 유아올슬림모(13개월-36개월)
7844,한달사용기잘 사용하고 있어요~,19.11.26.,4,0,한달사용기,종류: 02 성인올슬림모-일반형(민감성)
7845,튼튼하고좋아요 매일쓰는거예요,19.11.17.,5,0,0,종류: 5-1 너구리올슬림모(24개월-6세)
7846,유치원아들이 보건소에서 받아와서 써보고 괜찮아서 주문했어요. 아이들은 금방 벌어져서 쟁여놓고 쓰기에 딱 좋아요^^,19.11.27.,5,0,0,종류: 05 어린이이중슬림모(7세-10세)
7847,재구매가성비 좋습니다. 재구매율100,19.12.11.,4,재구매,0,종류: 03 성인올슬림모-고급형(민감성)
7848,재구매연속구매 5번째 입니다,19.11.25.,5,재구매,0,종류: 07 교정칫솔-일반형
7849,어금니 칫솔 너무 좋아요..치아안쪽 닦기힘든데 요걸로 해결이네요~~,19.11.13.,5,0,0,종류: 09 어금니-일반형
7850,치아 교정중 이라서 구매했어요 칫솔모가 부드럽고 구석구석 사이사이 꼼꼼히 관리할수 있어요 만족합니다,19.11.07.,5,0,0,종류: 09 어금니-일반형
7851,상품평이 좋아서 구매해봣어요,19.11.22.,5,0,0,종류: 15 미소덴탈 숯올슬림모(민감성)
7852,"재구매말해뭐해요... 말모말모!!!!!! 재구매입니당^^ 
다만 모가 금방 망가진다는 단점이,,,, ㅜㅜ",19.11.13.,5,재구매,0,종류: 00 초미세모(매우부드러운)
7853,헤드도 적당히 작고 좋아요,19.11.23.,5,0,0,종류: 03 성인올슬림모-고급형(민감성)
7854,재구매이제품사용후 여기 칫솔만쓰네요 강추,19.11.20.,5,재구매,0,종류: 10 어금니-돔형
7855,배송이 빨라서 넘 즣아요,19.11.24.,5,0,0,종류: 03 성인올슬림모-고급형(민감성)
7856,좋아요 제품만족합니다 여러가지샀는데 좋아요 배송빠름요ㅎㅎ,19.11.15.,5,0,0,종류: 04 어린이올슬림모(24개월-6세)
7857,잇몸에 상처가 나서 양치할때마다 쓸렸는데 이건 부드러워 닿아도 아프지 않네요.,19.11.14.,5,0,0,종류: 00 초미세모(매우부드러운)
7858,교정중인 딸에게 필요해서 샀어요..두번째구매에요,19.11.13.,5,0,0,종류: 08 교정칫솔-슬림형
7859,"괜찮겠죠
여러번 써본거라..",19.12.14.,4,0,0,종류: 03 성인올슬림모-고급형(민감성)
7860,재구매부담없이 자주교체할수 있겠네요,19.12.11.,4,재구매,0,종류: 01 성인이중슬림모(보편적인)
7861,재구매항상 잘 사용하고 있어요. 좋아요,19.12.09.,5,재구매,0,종류: 11 어금니-슬림형
7862,만족 합니다 만족 합니다,20.01.06.,5,0,0,종류: 03 성인올슬림모-고급형(민감성)
7863,재구매쓰기 좋아요. 편합니다.,19.12.10.,5,재구매,0,종류: 09 어금니-일반형
7864,칫솔에 케이스가 있어서 위생적이고  포장도 개별포장이라 고급스럽습니다,19.12.06.,5,0,0,종류: 00 성인일반모(단단한)
7865,재구매 합니다. 아주 좋아요.,19.12.09.,4,0,0,종류: 07 교정칫솔-일반형
7866,"재구매평소 치과에서 사서 쓰던 교정칫솔보다
훨씬 저렴한데 더 부드럽고 성능이
좋은 것 같아요~~",19.11.14.,5,재구매,0,종류: 07 교정칫솔-일반형
7867,교정을 하게 되서 대량 구매 했는데 치실과 혀클리너도 함께 주시고 칫솔도 알록달록 만족합니다.,19.11.13.,5,0,0,종류: 08 교정칫솔-슬림형
7868,"지인이 줘서 처음으로 치과칫솔을 써봤는데 되게 평범해 보이면서도, 미세모 같기도하고.. 그런데 또 뾰족하지도 않고해서. 두가지 사봤어요. 제가 만족한건 올슬림모네요! 다음에 쟁일게요 ㅋㅋ",19.10.30.,5,0,0,종류: 02 성인올슬림모-일반형(민감성)
7869,아직 써보진 않았지만 좋은거 같아요,19.11.20.,4,0,0,종류: 09 어금니-일반형
7870,아직 써보진 않았지만 좋은거 같아요,19.11.20.,4,0,0,종류: 01 성인이중슬림모(보편적인)
7871,아직써보진 않았지만 좋은거 같이요,19.11.20.,4,0,0,종류: 04 어린이올슬림모(24개월-6세)
7872,"한달사용기깨끗하게 잘 닦여요. 다만 물이 닿으면 쫌 미끄러움이 있어 별4개~
수량이 많아 자주 바꿀수 있어 좋아요
담에도 구매할께요~~^^",19.11.28.,4,0,한달사용기,종류: 01 성인이중슬림모(보편적인)
7873,작받앗어요~~~~~~,20.01.08.,3,0,0,종류: 00 초미세모(매우부드러운)
7874,사용하기에 편리해요,19.11.23.,5,0,0,종류: 01 성인이중슬림모(보편적인)
7875,한달사용기좋아요 일년치 사놓고 써요,19.12.09.,5,0,한달사용기,종류: 06 유아올슬림모(13개월-36개월)
7876,이런 제품을 원했습니다 주변에서도 엄청 좋아하네요 번챃하세요,19.12.06.,5,0,0,종류: 01 성인이중슬림모(보편적인)
7877,넘넘좋아요 또사러올게용,19.11.24.,5,0,0,종류: 11 어금니-슬림형
7878,재구매배송도 빠르고 좋아용,19.12.14.,5,재구매,0,종류: 00 초미세모(매우부드러운)
7879,"확실히 구석이 잘 닦이네요 
익숙하게 써보려합니다",19.12.03.,5,0,0,종류: 09 어금니-일반형
7880,기존에 일반형만 사용하다가 슬림형도 한번 써볼려고 구매했어요 아직 사용은 안해봤지만 배송은  빨라요,19.11.07.,5,0,0,종류: 08 교정칫솔-슬림형
7881,한달사용기항상쓰던칫솔입니다 다른곳 보다 저렴해서 구매했어요,19.12.07.,4,0,한달사용기,종류: 04 어린이올슬림모(24개월-6세)
7882,"어금니 빤짝빤짝하게 잘닦이네요
시원합니다",19.12.09.,5,0,0,종류: 09 어금니-일반형
7883,한달사용기재구매항상 이 칫솔만 사용합니다 ㅎㅎ 앞으로도 쭈욱~~,19.12.05.,5,재구매,한달사용기,종류: 03 성인올슬림모-고급형(민감성)
7884,가성비도 좋고 품질도 좋아요,19.12.13.,4,0,0,종류: 07 교정칫솔-일반형
7885,매우만족합니다 굿굿,19.12.16.,5,0,0,종류: 15 미소덴탈 숯올슬림모(민감성)
7886,매우만족합니다 굿굿,19.12.16.,5,0,0,종류: 14 미소덴탈 금올슬림모(민감성)
7887,잘받았습니다~~~~~,19.12.18.,4,0,0,종류: 02 성인올슬림모-일반형(민감성)
7888,"항상쓰던제품입니다
50개샀는데아무것도안주시네요",19.12.08.,3,0,0,종류: 03 성인올슬림모-고급형(민감성)
7889,"아이들이랑함께사용해요
재구매의사잇습니다",19.12.03.,5,0,0,종류: 10 어금니-돔형
7890,아직 사용안해봤지만 후기믿고 구매했어요,19.12.08.,5,0,0,종류: 01 성인이중슬림모(보편적인)
7891,아직 사용안해봤지만 후기믿고 구매했어요,19.12.08.,5,0,0,종류: 00 초미세모(매우부드러운)
7892,아직 사용안해봤지만 후기믿고 구매했어요,19.12.08.,5,0,0,종류: 05 어린이이중슬림모(7세-10세)
7893,저렴하고 배송빠르네요,19.11.22.,5,0,0,종류: 12 해피덴-비타민이중슬림모(보편적인)
7894,"원래부터 치과칫솔만 사용했는데
치과에서 구매하는건 더 비싸서 처음으로 인터넷으로 
주문해봤어요.
잘 사용하고있구요, 무엇보다도 치과납품하는제품과 
똑같은데 대량구매하면 치과에서 구매하는것보다 더 저렴하게 산거 같아서 기분좋아요ㅎㅎ
담엔 넉넉히 사서 주위사람들에게도 선물해줘야겠어요",19.10.24.,4,0,0,0
7895,부드럽게 잘 닦여요,19.12.13.,4,0,0,종류: 01 성인이중슬림모(보편적인)
7896,칫솔 튼튼하고 배송도 빠릅니다!!,19.12.12.,5,0,0,종류: 01 성인이중슬림모(보편적인)
7897,"그닥 부드럽지않고
그냥 그래요!!!",19.12.12.,3,0,0,종류: 03 성인올슬림모-고급형(민감성)
7898,재구매계속 재구매 잘닦이고좋아요,19.11.20.,5,재구매,0,종류: 01 성인이중슬림모(보편적인)
7899,이중모라 부드럽고 좋습니다 가격도 저렴해서 더 만족스럽네요,19.11.14.,4,0,0,종류: 01 성인이중슬림모(보편적인)
7900,어금니 안 쪽까지 닦을 수 있어서 좋습니다ㅎㅎ,19.11.18.,4,0,0,종류: 10 어금니-돔형
7901,한달사용기부드럽고 좋네요 추천,19.12.12.,5,0,한달사용기,종류: 08 교정칫솔-슬림형
7902,한달사용기재구매교정중이라 이것만 구매해서 써요 근데 기분탓인지 처음 주문했던거보다 더 까칠한느낌..,19.11.26.,5,재구매,한달사용기,종류: 08 교정칫솔-슬림형
7903,한달사용기만족합니다 어아뉴타,19.12.12.,5,0,한달사용기,종류: 02 성인올슬림모-일반형(민감성)
7904,지난번에도 여기서 샀어요 좋아요!,19.12.11.,5,0,0,종류: 07 교정칫솔-일반형
7905,지난번에도 여기서 샀어요 좋아요 !,19.12.11.,5,0,0,종류: 08 교정칫솔-슬림형
7906,재구매싸고좋음 진짜좋음 두번째구매임 맨날살거임,19.12.10.,5,재구매,0,종류: 07 교정칫솔-일반형
7907,가볍고 모가 부드러워 자극이 적어요,19.11.18.,5,0,0,종류: 00 초미세모(매우부드러운)
7908,써보니 좋아요 ㅎㅎㅎ,19.11.26.,5,0,0,종류: 01 성인이중슬림모(보편적인)
7909,배송빨라서 좋았어요~~,19.12.13.,5,0,0,종류: 07 교정칫솔-일반형
7910,저렴한 가격에 치과에서 판매하는 급의 치솔  득템했어요,19.12.05.,5,0,0,종류: 01 성인이중슬림모(보편적인)
7911,늘쓰던거라 부드럽고 좋아요,19.12.10.,5,0,0,종류: 01 성인이중슬림모(보편적인)
7912,"늘 쓰던거라 망설임없이 구매했어요.
좋아요 부드럽고",19.11.12.,5,0,0,종류: 01 성인이중슬림모(보편적인)
7913,"한달사용기만족해요
보호캡이 칫솔마다 있어서 집에 너무 많아요
빼고 받을수 있는지 문의했으나 어렵다네요
단단해서 하고나면 개운해요",19.11.03.,4,0,한달사용기,종류: 00 성인일반모(단단한)
7914,저렴한가격에 득템구구국,19.12.11.,3,0,0,종류: 03 성인올슬림모-고급형(민감성)
7915,칫솔 상태좋고 치실 혀크리너도 사은품으로 주심,19.12.06.,5,0,0,종류: 06 유아올슬림모(13개월-36개월)
7916,재구매늘쓰던제품 좋아요 칫솔,19.11.20.,5,재구매,0,종류: 09 어금니-일반형
7917,아기때부터 쭉 ~~~~~  가 봅니다,19.12.13.,5,0,0,종류: 05 어린이이중슬림모(7세-10세)
7918,"재구매한거예요~~좋아서 쭉 쓰려고 합니다^^
번창하세요~~~!",19.12.02.,5,0,0,종류: 05 어린이이중슬림모(7세-10세)
7919,"한달사용기가격도 저렴하고 사용감도 좋아요
미끄럽지 않고 좋아요
시댁에서 사용해보고 구매한거라 아주 잘 쓰고 있어요",19.11.06.,4,0,한달사용기,종류: 01 성인이중슬림모(보편적인)
7920,딱딱한 칫솔 찾고있었는데 너무 조아옹,19.12.08.,5,0,0,종류: 01 성인이중슬림모(보편적인)
7921,늘 구매하는 제품이에요,19.11.20.,5,0,0,종류: 04 어린이올슬림모(24개월-6세)
7922,처음 써보는 어금니 치솔인데 너무 개운하고 좋아요.,19.11.15.,5,0,0,종류: 10 어금니-돔형
7923,"교정중이라 포인트칫솔로 사용하려고 구매했어요
가격대비 좋을거같아요",19.11.07.,5,0,0,종류: 10 어금니-돔형
7924,한달사용기싸고 싸며 쌉니다 싸서좋아요,19.12.09.,4,0,한달사용기,종류: 07 교정칫솔-일반형
7925,"재구매칫솔대 애들이 씹어서 미세플라스틱이일어나요
칫솔대만어른꺼처럼더단단하게만들면좋겠습니다",19.11.25.,3,재구매,0,종류: 06 유아올슬림모(13개월-36개월)
7926,재구매한번 사서 써봤는데 좋아서 재구매합니다!!,19.12.08.,5,재구매,0,종류: 01 성인이중슬림모(보편적인)
7927,개별 포장 좋아요 써보고 또 리뷰 남길게요,19.11.18.,4,0,0,종류: 11 어금니-슬림형
7928,조아요잘쓸께요~^^,19.12.12.,4,0,0,종류: 03 성인올슬림모-고급형(민감성)
7929,"좋아요
 특히 유아는 치과치솔이 쓰기 좋은듯요",19.12.07.,5,0,0,종류: 01 성인이중슬림모(보편적인)
7930,가격도 싸고 부드러워요,19.12.10.,5,0,0,종류: 10 어금니-돔형
7931,"늘쓰던거
싸게잘샀어요
감사삽니다",19.12.03.,5,0,0,종류: 01 성인이중슬림모(보편적인)
7932,한달사용기작아서 꼼꼼히쑤시기좋아요,19.12.09.,5,0,한달사용기,종류: 00 성인일반모(단단한)
7933,"아직 써보진 않았지만 좋을듯합니다
동생이 치과 갔다와서 둔 치솔이 넘 좋았는데 이제품인것 같네요",19.11.30.,4,0,0,종류: 00 초미세모(매우부드러운)
7934,"잇몸,치아 관리를 위해 샀어요
배송도 정말 빠르고 좋네요!",19.11.14.,5,0,0,종류: 02 성인올슬림모-일반형(민감성)
7935,"잇몸,치아 관리를 위해 샀어요
배송도 정말 빠르고 좋네요!",19.11.14.,5,0,0,종류: 00 초미세모(매우부드러운)
7936,재구매싸고 좋아서 늘 사용중입니다.,19.12.09.,5,재구매,0,종류: 04 어린이올슬림모(24개월-6세)
7937,재구매싸고 좋아서 늘 사용중입니다.,19.12.09.,5,재구매,0,종류: 06 유아올슬림모(13개월-36개월)
7938,재구매싸고 좋아서 늘 사용중입니다.,19.12.09.,5,재구매,0,종류: 01 성인이중슬림모(보편적인)
7939,재구매싸고 좋아서 늘 사용중입니다.,19.12.09.,5,재구매,0,종류: 15 미소덴탈 숯올슬림모(민감성)
7940,"한달사용기아이꺼만 사용하다가 제꺼는 처음 사봐요 
성인 치솔도 좋네요 칫솔모 벌어짐 덜히고 치아 잘 닦이고 잇몸 무리가 덜 가는듯해요",19.11.01.,5,0,한달사용기,종류: 01 성인이중슬림모(보편적인)
7941,"입 제일 안쪽은 얇은 어금니 칫솔 쓰고, 중간 이랑 송곳니는 아기용 칫솔로 닦아줬었는데 사람꺼는 아기용이라도 헤드가 냥이한테는 크더라구요ㅜㅜ작아보여서 샀는데 부드러운 모라서 괜찮은거같아요! 살살 쓸어주는 정도. 
, .  치은염아 사라져라아",19.10.23.,5,0,0,종류: 06 유아올슬림모(13개월-36개월)
7942,재구매재구매합니다~ 부드럽고 좋아요,19.12.03.,5,재구매,0,종류: 03 성인올슬림모-고급형(민감성)
7943,한달사용기재구매항상 잘쓰고있습니다,19.11.19.,5,재구매,한달사용기,종류: 03 성인올슬림모-고급형(민감성)
7944,재구매빠른배송으로 예상보다 일찍 받아 좋았어요. 제품포장도 마음에 드네요,19.11.27.,4,재구매,0,종류: 07 교정칫솔-일반형
7945,저렴한가격에 득템구ㅅ구수구,19.12.11.,3,0,0,종류: 08 교정칫솔-슬림형
7946,먀칠째 쓰고 후기남겨요. 우선 너무 저렴하게.잘 구매했어여!! 모도 튼튼하고 너무 좋라용,19.11.05.,5,0,0,종류: 10 어금니-돔형
7947,항상 쓰던거라 좋아요~~^^,19.12.11.,5,0,0,종류: 03 성인올슬림모-고급형(민감성)
7948,재구매합니다~ 이빨이 아주 행복하다고 합니다.,19.12.02.,5,0,0,종류: 13 해피덴-비타민올슬림모(민감성)
7949,재구매최고채고체거채고수거하새려,19.12.10.,5,재구매,0,종류: 01 성인이중슬림모(보편적인)
7950,한달사용기늘쓰는제품인데 역시좋아요,19.12.07.,5,0,한달사용기,종류: 00 성인일반모(단단한)
7951,"교중하궁쓰는칫솔이라 
리뷰두리뷰지만직접써본일인으로서 또시켯어여~^^",19.11.30.,5,0,0,종류: 02 성인올슬림모-일반형(민감성)
7952,한달사용기재구매가격이 저렴해서 부담없이 편하게 사용할 수 있어요,19.12.03.,4,재구매,한달사용기,종류: 10 어금니-돔형
7953,자주 사용하는 브랜드라 짤 쓰고 있어요,19.11.15.,5,0,0,종류: 03 성인올슬림모-고급형(민감성)
7954,저렴한가격에 득템 굿굿,19.12.11.,3,0,0,종류: 07 교정칫솔-일반형
7955,재구매항상 여기서 사서 쓰는데 너무 좋아요ㅠㅠ 감사합니다.,19.11.29.,5,재구매,0,종류: 10 어금니-돔형
7956,"생각보다 가볍고 솔이 부드럽네요
가격대시 좋습니다",19.12.03.,5,0,0,종류: 03 성인올슬림모-고급형(민감성)
7957,한달사용기좋아요 막쓰기 좋은칫솔,19.12.03.,5,0,한달사용기,종류: 01 성인이중슬림모(보편적인)
7958,저렴한데 아주 좋아야,19.11.18.,5,0,0,종류: 15 미소덴탈 숯올슬림모(민감성)
7959,역시좋아요 :) 늘 쓰던거에여,19.12.03.,5,0,0,종류: 03 성인올슬림모-고급형(민감성)
7960,재구매좋은제품세번째구매입니다,19.11.16.,5,재구매,0,종류: 05 어린이이중슬림모(7세-10세)
7961,"한달사용기재구매항상 사용하는 제품 너무 좋아요!
벌써 3분의 1썼어요!!
담에 또 구입할게요",19.11.06.,4,재구매,한달사용기,종류: 07 교정칫솔-일반형
7962,재구매늘 최곱니다 ㅜ 가격도 품질도 ㅜ,19.12.05.,5,재구매,0,종류: 01 성인이중슬림모(보편적인)
7963,한달사용기재구매잇몸이 민감한데 부드럽고 좋아요 가족들도 좋다고 하네여,19.11.26.,5,재구매,한달사용기,종류: 03 성인올슬림모-고급형(민감성)
7964,배송빠르고 제품도 만족합니다,19.11.15.,5,0,0,종류: 10 어금니-돔형
7965,저번엔 슬림형만 시켰는데 교정부분 사이사이 닦다보니 부드런 슬림형은 너무빨리 헤져서 이번엔 일반형도 섞어서 주문해봤습니다 (앞 일반형 뒤 슬림형) 구분이 되시죠? 확실히 슬림형이 모가 부드럽네요,19.10.27.,4,0,0,종류: 07 교정칫솔-일반형
7966,진짜 죠아용 또 살래요,19.12.08.,5,0,0,종류: 00 성인일반모(단단한)
7967,고양이 어금니 닦아주는거엔 요 얇고 가는 어금니 칫솔이 딱이에요. 어금니 홈에 치석이. . .ㅜㅜㅜ이거랑 다른 어금니 칫솔 중에 뭐가 더 잘 닦이나 가늠해보려고 하나씩 샀어요.  좀더 부드러웠으면 하지만ㅠ이정도에서 만족해야겠쥬,19.10.23.,5,0,0,종류: 09 어금니-일반형
7968,배송 빨리왔고 사용해봤는데 아주아주 좋아요,19.11.14.,5,0,0,종류: 05 어린이이중슬림모(7세-10세)
7969,칫솔모가 부드러워서 잇몸에  무리가 안가서 좋아요,19.12.03.,5,0,0,종류: 05 어린이이중슬림모(7세-10세)
7970,치과용 칫솔이라 틈새 찌꺼기가 더 잘 닦이고 보관 케이스가 있어 위생적이예요,19.11.09.,5,0,0,종류: 01 성인이중슬림모(보편적인)
7971,그냥 사랑니에 사용해보려고 샀습니다.,19.11.14.,4,0,0,종류: 10 어금니-돔형
7972,부드럽게 잘 닦여요!,19.11.18.,5,0,0,종류: 03 성인올슬림모-고급형(민감성)
7973,재구매좋아요 맘에들어요 잘산거같아요배송도 정말 잘 어울려요 그리고,19.11.06.,5,재구매,0,종류: 01 성인이중슬림모(보편적인)
7974,배송 빨리왔고 사용해보니 아주아주 좋아여,19.11.14.,5,0,0,종류: 01 성인이중슬림모(보편적인)
7975,가격도 좋고 부드럽고 재구매의사있어요,19.12.03.,5,0,0,종류: 01 성인이중슬림모(보편적인)
7976,"늘 쓰던거라 구매했어요.
좋아요",19.11.12.,5,0,0,종류: 02 성인올슬림모-일반형(민감성)
7977,배송 빠르네요 재구매 입니다,19.11.10.,5,0,0,종류: 05 어린이이중슬림모(7세-10세)
7978,항상 주문해서  쓰는 제품중 하나입니다. 잇몸에 무리안가고 구석구석 잘 닦여요,19.11.23.,5,0,0,종류: 03 성인올슬림모-고급형(민감성)
7979,자주 쓰던거라 좋아요,19.12.07.,4,0,0,종류: 02 성인올슬림모-일반형(민감성)
7980,"괜찮네요.
배송도빠름",19.12.03.,5,0,0,종류: 14 미소덴탈 금올슬림모(민감성)
7981,"괜찮네요.
배송도빠름",19.12.03.,5,0,0,종류: 15 미소덴탈 숯올슬림모(민감성)
7982,"괜찮네요.
배송도빠름",19.12.03.,5,0,0,종류: 00 성인일반모(단단한)
7983,"괜찮네요.
배송도빠름",19.12.03.,5,0,0,종류: 03 성인올슬림모-고급형(민감성)
7984,항상쓰는제품입니다 .,19.11.17.,5,0,0,종류: 06 유아올슬림모(13개월-36개월)
7985,한달사용기만족해서 다시구매해요 그런데 칫솔대는 애들이물어서 미세플라스틱이 올라와요ㅠ좀단단하게만들면좋겠어요,19.11.20.,3,0,한달사용기,종류: 05 어린이이중슬림모(7세-10세)
7986,재구매저번에 사고 아이꺼도 사려고 또 왔네요. 많이 파세요.,19.11.26.,4,재구매,0,종류: 03 성인올슬림모-고급형(민감성)
7987,포장상태좋고 칫솔좋음,19.12.06.,5,0,0,종류: 02 성인올슬림모-일반형(민감성)
7988,슬림모라 부드럽고 좋아요^^ 번창하세요!!감사합니다.,19.11.27.,5,0,0,0
7989,한달사용기우린 여기 칫솔만 써요~ 아이얼집 생일선물로도 줬었는데 한 아이엄마가 좋다며 구매해서 쓰고 있더라구여^^,19.11.19.,5,0,한달사용기,종류: 05 어린이이중슬림모(7세-10세)
7990,좋습니다 가성비 좋아요,19.12.06.,5,0,0,종류: 01 성인이중슬림모(보편적인)
7991,잇몸이 약한편이라 초미세모 주문해봤는데 칫솔모가 굉장히 부드러워요~~,19.11.07.,5,0,0,종류: 00 초미세모(매우부드러운)
7992,"재구매잘쓰고 있어요
또 사러 올께요",19.11.11.,4,재구매,0,종류: 04 어린이올슬림모(24개월-6세)
7993,아직 사용해보진 않았지만 배송이나 포장은 만족합니다.,19.11.09.,5,0,0,종류: 01 성인이중슬림모(보편적인)
7994,아직 사용해보진 않았지만 배송이나 포장은 만족합니다.,19.11.09.,5,0,0,종류: 03 성인올슬림모-고급형(민감성)
7995,아직 사용해보진 않았지만 배송이나 포장은 만족합니다.,19.11.09.,5,0,0,종류: 00 성인일반모(단단한)
7996,한달사용기교정하고 있는데 사용감이 좋아요,19.12.03.,5,0,한달사용기,종류: 08 교정칫솔-슬림형
7997,재구매항상 쓰던거라 재구매했어요,19.12.04.,3,재구매,0,종류: 11 어금니-슬림형
7998,재구매항상 쓰던거라 재구매했어요,19.12.04.,3,재구매,0,종류: 08 교정칫솔-슬림형
7999,조금 쎈편이긴한데 그래도 쓸만하네요,19.12.02.,4,0,0,종류: 01 성인이중슬림모(보편적인)
8000,"너무 부드러우면 잘 안닦이는 느낌이 드는데 이 칫솔은 사이사이 잘 닦이면서 자극적인 느낌도 덜해요. 
잇몸이 많이 예민하신 분들은 더 부드러운 모를 추천합니다.",19.11.15.,5,0,0,종류: 01 성인이중슬림모(보편적인)
8001,"색깔도 다 다른걸로 보내주시고 감사합니다.
사실 제가 쓸건 아니고 고양이 칫솔로 산건데ㅎㅎ
같이 쓸려고요~",19.10.29.,5,0,0,종류: 11 어금니-슬림형
8002,좋아요 여러번 재구매하네요,19.11.10.,5,0,0,종류: 01 성인이중슬림모(보편적인)
8003,원래 쓰던것보다 모가 더 부드럽고 슬림해서 구석구석 정 닦여요!,19.11.28.,5,0,0,종류: 09 어금니-일반형
8004,"빠른배송 감사합니다
잇몸용으로 사용할려고 구입했습니다
미세모라가 너무 부드럽고 좋네요
어금니용 칫솔도 첨본거라 신기하면서도
세밀하게 닦을수 있었어 좋네요",19.11.19.,5,0,0,종류: 10 어금니-돔형
8005,귀엽네요 ㅋ 아기 양치 시켜줄려고 샀어요 써보고 또 리뷰남길게요,19.11.18.,4,0,0,종류: 06 유아올슬림모(13개월-36개월)
8006,솔이 부드러워서 사용하기 좋아요,19.11.12.,5,0,0,종류: 03 성인올슬림모-고급형(민감성)
8007,아이들. 칫솔은 색이 구별이 되서 좋아요~^^,19.11.09.,5,0,0,종류: 05 어린이이중슬림모(7세-10세)
8008,부드럽고 사용하기 편해요 칫솔 개당 헤드케이스가 있어서 좋아요,19.11.23.,5,0,0,종류: 07 교정칫솔-일반형
8009,원래 쓰던제품 요거 없음 안되요,19.12.03.,5,0,0,종류: 01 성인이중슬림모(보편적인)
8010,좋아요! 많이 주문했더니 혀클리너도 주셔서 5살 아기가 써보더니 좋다고 하네요!!,19.11.22.,5,0,0,종류: 15 미소덴탈 숯올슬림모(민감성)
8011,"고양이 양치해주려고 샀어요. 고양이용으로 나온건 너무 억세고 사람 아기들용 쓰기엔 커서 어금니칫솔 써봤는데 고양이의 작은 입, 거기에 저안쪽 어금니 닦아주기에 딱이에요",19.10.23.,5,0,0,종류: 11 어금니-슬림형
8012,"재구매배송도빠르고 제품도 마음에 들었습니다
감사합니다",19.11.24.,5,재구매,0,종류: 03 성인올슬림모-고급형(민감성)
8013,"재구매배송도빠르고 제품도 마음에 들었습니다
감사합니다",19.11.24.,5,재구매,0,종류: 04 어린이올슬림모(24개월-6세)
8014,"재구매배송도빠르고 제품도 마음에 들었습니다
감사합니다",19.11.24.,5,재구매,0,종류: 06 유아올슬림모(13개월-36개월)
8015,항상쓰던 칫솔입니다^^어린이집에서 매달교체용으로 잘쓰고있어요,19.11.01.,5,0,0,종류: 04 어린이올슬림모(24개월-6세)
8016,"재구매매번쓰고 있어요
부드럽고 좋아요",19.11.14.,5,재구매,0,종류: 03 성인올슬림모-고급형(민감성)
8017,한달사용기칫솔모가 촘촘해서 부드러우면서 힘있게 잘 닦이는 느낌이에요. 우린 계속 여기칫솔만 쓰네요^^~,19.11.19.,5,0,한달사용기,종류: 01 성인이중슬림모(보편적인)
8018,만족합니다 좋아요ㅎ,19.11.15.,5,0,0,종류: 05 어린이이중슬림모(7세-10세)
8019,"잘쓸께요
싸게살쓰겠습니다",19.12.03.,5,0,0,종류: 00 성인일반모(단단한)
8020,재구매아주 잘 쓰고 있어요,19.12.05.,5,재구매,0,종류: 00 성인일반모(단단한)
8021,재구매저번에 사고 좋아서 또 사러 왔어요. 역시 좋아요.,19.11.26.,4,재구매,0,종류: 05 어린이이중슬림모(7세-10세)
8022,재구매항상 이용하고있습니다 좋아요,19.12.02.,5,재구매,0,종류: 01 성인이중슬림모(보편적인)
8023,재구매항상 이용하고있습니다 좋아요,19.12.02.,5,재구매,0,종류: 03 성인올슬림모-고급형(민감성)
8024,재구매항상 이용하고있습니다 좋아요,19.12.02.,5,재구매,0,종류: 08 교정칫솔-슬림형
8025,재구매항상 이용하고있습니다 좋아요,19.12.02.,5,재구매,0,종류: 09 어금니-일반형
8026,"빠른배송과 혀클리너 감사히 잘 받았습니다. 근데 치과에서 받은 것보다 좀 저렴(?)해 보이기도 하고, 칫솔모가 좀 더 부드러웠으면 좋겠어요.",19.10.25.,3,0,0,종류: 07 교정칫솔-일반형
8027,상품 사용전이지만 배송 등에 만족해요,19.11.10.,5,0,0,종류: 05 어린이이중슬림모(7세-10세)
8028,너무 부드러워요~~~,19.12.07.,3,0,0,종류: 00 초미세모(매우부드러운)
8029,재구매항상 언제나 잘쓰고있어요,19.11.12.,5,재구매,0,종류: 01 성인이중슬림모(보편적인)
8030,한달사용기손잡이가 도톰해서 잡기 편하고 모가 탄력이서요,19.11.08.,4,0,한달사용기,종류: 01 성인이중슬림모(보편적인)
8031,너무 부드러워서 이빨이 잘 안 닦일줄 알았는데 전 칫솔보다 잇몸에도 무리없고 너무 잘 닦여서 이제 칫솔은 여기서 사게 될것같아요~!!!,19.10.31.,5,0,0,종류: 08 교정칫솔-슬림형
8032,"치과 정품보다는 좀 싼느낌이긴 한대 , 
제가 막 쓰려고 사는거라 괜찮아요 .",19.11.25.,5,0,0,종류: 08 교정칫솔-슬림형
8033,"배송도 빨리 왔고, 제품도 좋아요~",19.12.04.,5,0,0,종류: 10 어금니-돔형
8034,완죤 좋아서 또 구매했습니다.,19.11.12.,5,0,0,종류: 00 성인일반모(단단한)
8035,항상 애용하고 있어요 사은품도 잘 받았어요~,19.11.10.,4,0,0,종류: 03 성인올슬림모-고급형(민감성)
8036,항상 애용하고 있어요 사은품도 잘 받았어요~,19.11.10.,4,0,0,종류: 05 어린이이중슬림모(7세-10세)
8037,재구매칫솔대만더단단해서 애들이씹어도 미세플라스틱안일어나면좋겠어요,19.11.25.,3,재구매,0,종류: 01 성인이중슬림모(보편적인)
8038,빠른배송과 꼼꼼한 포장이 좋아요.,19.12.01.,5,0,0,종류: 01 성인이중슬림모(보편적인)
8039,제품 품질이 너무 좋고 배송이 빨라 만족합니다.,19.11.30.,5,0,0,종류: 03 성인올슬림모-고급형(민감성)
8040,"배송도 빨리왔고, 제품도 좋아요!!",19.12.04.,5,0,0,종류: 09 어금니-일반형
8041,아내가 이 칫솔만 고집하네요~~ 재구매 할 정도로 좋은가보네요~~,19.11.02.,5,0,0,종류: 03 성인올슬림모-고급형(민감성)
8042,부드럽게 아주 잘 닦여요,19.12.03.,5,0,0,종류: 05 어린이이중슬림모(7세-10세)
8043,"매번 떨어질때 마다 구매해요
가격저렴하고 좋아요",19.11.29.,5,0,0,종류: 04 어린이올슬림모(24개월-6세)
8044,재구매칫솔대만더단단해서 애들이씹어도 미세플라스틱안일어나면좋겠어요~,19.11.25.,3,재구매,0,종류: 05 어린이이중슬림모(7세-10세)
8045,부드럽고 일단 사용감이 비싼 칫솔이랑 별반 차이 없어요 그립감도 나쁘지 않구요 앞으로 여기서 대량구매 할것같습니다 좋은 제품 많이 만들어주세요~~~,19.10.22.,5,0,0,종류: 10 어금니-돔형
8046,부드럽고 일단 사용감이 비싼 칫솔이랑 별반 차이 없어요 그립감도 나쁘지 않구요 앞으로 여기서 대량구매 할것같습니다 좋은 제품 많이 만들어주세요~~~,19.10.22.,5,0,0,종류: 11 어금니-슬림형
8047,부드럽고 일단 사용감이 비싼 칫솔이랑 별반 차이 없어요 그립감도 나쁘지 않구요 앞으로 여기서 대량구매 할것같습니다 좋은 제품 많이 만들어주세요~~~,19.10.22.,5,0,0,종류: 01 성인이중슬림모(보편적인)
8048,부드럽고 일단 사용감이 비싼 칫솔이랑 별반 차이 없어요 그립감도 나쁘지 않구요 앞으로 여기서 대량구매 할것같습니다 좋은 제품 많이 만들어주세요~~~,19.10.22.,5,0,0,종류: 00 초미세모(매우부드러운)
8049,부드럽고 일단 사용감이 비싼 칫솔이랑 별반 차이 없어요 그립감도 나쁘지 않구요 앞으로 여기서 대량구매 할것같습니다 좋은 제품 많이 만들어주세요~~~,19.10.22.,5,0,0,종류: 02 성인올슬림모-일반형(민감성)
8050,부드러워서 좋아요.,19.11.14.,5,0,0,종류: 02 성인올슬림모-일반형(민감성)
8051,"교정중이라 주문했어요
치과보다 저렴하고 같은v 칫솔모라 양치도 잘 되네요^^",19.10.24.,5,0,0,종류: 08 교정칫솔-슬림형
8052,한달사용기치솔이 부드럽고 사용감이좋네요,19.12.02.,5,0,한달사용기,종류: 01 성인이중슬림모(보편적인)
8053,한달사용기이제품만 사용해요 !!,19.11.14.,5,0,한달사용기,종류: 02 성인올슬림모-일반형(민감성)
8054,배송속도와 포장상태가 좋아요.,19.12.01.,5,0,0,종류: 02 성인올슬림모-일반형(민감성)
8055,"처음 써봤는데
만족스럽네요",19.11.25.,3,0,0,종류: 01 성인이중슬림모(보편적인)
8056,"처음 써봤는데
만족스럽네요",19.11.25.,3,0,0,종류: 03 성인올슬림모-고급형(민감성)
8057,"처음 써봤는데
만족스럽네요",19.11.25.,4,0,0,종류: 00 성인일반모(단단한)
8058,배송도 빠르고 원래쓰던 칫솔이라 여기가 젤싸길래 주문햇어요,19.11.25.,5,0,0,종류: 00 성인일반모(단단한)
8059,칫솔모 부드럽고 잘 닦이는거 같아요~,19.11.30.,5,0,0,종류: 03 성인올슬림모-고급형(민감성)
8060,칫솔모 부드럽고 잘 닦이는거 같아요~,19.11.30.,5,0,0,종류: 02 성인올슬림모-일반형(민감성)
8061,사용전이지만 배송에 만족해요,19.11.10.,5,0,0,종류: 01 성인이중슬림모(보편적인)
8062,한달사용기칫솔모가 탄력이 있어서 아이도 좋대요,19.11.08.,4,0,한달사용기,종류: 05 어린이이중슬림모(7세-10세)
8063,배송이틀걸렸어요 아직사용은 안해봤습니다,19.11.02.,5,0,0,종류: 10 어금니-돔형
8064,"잇몸이 약해져서 구입했어요.
잇몸에 자극적이지 않으면서 잘닦이네요",19.11.21.,5,0,0,종류: 00 초미세모(매우부드러운)
8065,"재구매두번째 구입해요~
잘닦이고 좋아요~",19.11.07.,5,재구매,0,종류: 01 성인이중슬림모(보편적인)
8066,튼튼해서 잘 닦이고 좋아요,19.11.24.,5,0,0,종류: 01 성인이중슬림모(보편적인)
8067,"가격도 좋고 사이즈도 적당하고 굉장히 부드럽네요, 혀클리너도 서비스로주셨네요ㅎㅎ 감사합니다,많이파세요!",19.10.27.,5,0,0,종류: 00 초미세모(매우부드러운)
8068,재구매계속 이용하고잇어요 좋아요,19.12.02.,5,재구매,0,종류: 07 교정칫솔-일반형
8069,한달사용기항상 쟁여놓고 써요. 인생칫솔입니다!!,19.11.04.,5,0,한달사용기,종류: 08 교정칫솔-슬림형
8070,아직사용은 안해봣지만 그립감도 좋고 색깔도 예뻐요!!,19.11.27.,5,0,0,종류: 12 해피덴-비타민이중슬림모(보편적인)
8071,한달사용기교정칫솔로 사용하고있어요,19.11.09.,5,0,한달사용기,종류: 00 성인일반모(단단한)
8072,믿고 씁니다 저렴해서 좋아요,19.11.30.,4,0,0,종류: 08 교정칫솔-슬림형
8073,"재구매잘쓰고 있어요
다 쓰고 또 사러 올께요",19.11.11.,5,재구매,0,종류: 01 성인이중슬림모(보편적인)
8074,쓰던것보다 슬림해서 잘 쓸거 같아요,19.11.28.,5,0,0,종류: 11 어금니-슬림형
8075,조아여저아여요조아요,19.12.03.,5,0,0,종류: 01 성인이중슬림모(보편적인)
8076,잘쓰겠습니다  좋은것 같습니다,19.11.30.,4,0,0,종류: 03 성인올슬림모-고급형(민감성)
8077,재구매쓰던제품이예요. .잘쓰고있어요 . .재주문했습니디ㆍ,19.10.07.,5,재구매,0,종류: 09 어금니-일반형
8078,좋아요 좋아요 좋아요,19.12.25.,5,0,0,종류: 00 성인일반모(단단한)
8079,미세모는 미세모대로 부드럽고 일반모는 일반모대로 또 강하게 잘 닦이는 느낌이 있어서 좋아요,19.11.21.,5,0,0,종류: 07 교정칫솔-일반형
8080,"만족합니다
다음에도 구매할께요",19.11.29.,5,0,0,종류: 5-1 너구리올슬림모(24개월-6세)
8081,아이들이 쓰기 너무 좋은것 같아요 만족하고 쓰고 있어요,19.11.25.,5,0,0,종류: 05 어린이이중슬림모(7세-10세)
8082,좋아요 싸고 질도좋고 칫솔질이 좋아요,19.11.30.,5,0,0,종류: 01 성인이중슬림모(보편적인)
8083,재구매매번사서쓰는제품이라믿고구매합니다,19.11.06.,5,재구매,0,종류: 03 성인올슬림모-고급형(민감성)
8084,"한달사용기한달사용 리뷰입니다. 이건 00번에 비해서는 정말 적당히 보드라운 느낌이에요. 

00번은 엄청 딱딱하고 치석 다 없애줄 것 같은 느낌이면 01번은 00번에 비해 정말 부드러운 느낌. 정확히 어떤지는 더 써봐야겠더라구요. 그래도 가격대비 좋습니다!!",19.11.06.,4,0,한달사용기,종류: 01 성인이중슬림모(보편적인)
8085,3살 아들 스스로치카치카하네요,19.11.29.,5,0,0,종류: 06 유아올슬림모(13개월-36개월)
8086,한달사용기지금 열심히 사용중입니다. 어금니용으로 치아 안쪽까지 양치하니 더 좋아요^^,19.11.17.,4,0,한달사용기,종류: 07 교정칫솔-일반형
8087,매번 사용합니다. 좋아요.,19.11.26.,5,0,0,종류: 01 성인이중슬림모(보편적인)
8088,좋은것 같습니다 개운하고,19.11.30.,4,0,0,종류: 03 성인올슬림모-고급형(민감성)
8089,좋은것 같아요 배송도 빠르고,19.11.03.,5,0,0,종류: 10 어금니-돔형
8090,딸아이가 전에 쓰던거보다 좋다고 하더라구요,19.11.25.,4,0,0,종류: 08 교정칫솔-슬림형
8091,"재구매인데, 초미세모라 좋네요",19.11.28.,5,0,0,종류: 00 초미세모(매우부드러운)
8092,한달사용기부드러운데 솔이 잘  누워서 자주 바꿔야해요,19.11.05.,4,0,한달사용기,종류: 08 교정칫솔-슬림형
8093,재구매좋아요 아주아주 좋아요 아주아주 좋아요 아주아주 좋아요 아주아주 좋아요 아주아주 좋아요 아주아주 좋아요 아주아주 좋아요 아주아주 좋아요 아주아주 좋아요,19.12.20.,5,재구매,0,종류: 03 성인올슬림모-고급형(민감성)
8094,칫솔도 좋고 마트에서 구매하는거 보다는 가격대비 좋은거같아요,19.11.02.,5,0,0,종류: 00 성인일반모(단단한)
8095,치솔이 좋아서 다시구매합니다,19.11.07.,5,0,0,종류: 01 성인이중슬림모(보편적인)
8096,"칫솔모 부드럽고 좋아요.
재구매해서 잘쓰고 있어요",19.11.21.,5,0,0,종류: 08 교정칫솔-슬림형
8097,늘 사용하는 칫솔이예요..이거 쓰기 시작하면 마트 칫솔 사용하기 힘들어요,19.11.23.,5,0,0,종류: 03 성인올슬림모-고급형(민감성)
8098,앞전에 다른거 샀다가 잇몸 다 상할뻔 하고 닷 구매했는데 좋아요~,19.11.22.,5,0,0,종류: 03 성인올슬림모-고급형(민감성)
8099,재구매교정 시작하고 주문해서 썼는데 너무 좋아서 또 재구매 했어요! 저렴하고 넘 좋아요 치과에서는 만원 받더라구여 ㅠ 앞으로 계속 재구매해 할생각이예요! 잘쓸게용,19.10.17.,5,재구매,0,종류: 08 교정칫솔-슬림형
8100,배송 빠르고 제품 좋아요,19.11.29.,5,0,0,종류: 06 유아올슬림모(13개월-36개월)
8101,배송 빠르고 제품 좋아요,19.11.29.,5,0,0,종류: 10 어금니-돔형
8102,배송 빠르고 제품 좋아요,19.11.29.,5,0,0,종류: 11 어금니-슬림형
8103,재구매입니다 아이가 교정을 시작해 교정칫솔이 필요해서 주문을 했는데 아이도 만족해하고 치과에서 구매하는것보다 저렴합니다,19.10.27.,4,0,0,종류: 08 교정칫솔-슬림형
8104,한달사용기잇몸에 닿으면 넘 아파요,19.11.08.,2,0,한달사용기,종류: 00 성인일반모(단단한)
8105,재구매아이가 부드러워 좋아해요,19.11.08.,5,재구매,0,종류: 04 어린이올슬림모(24개월-6세)
8106,거격 배송 품질 모두만족,19.11.08.,5,0,0,종류: 07 교정칫솔-일반형
8107,"치과칫솔만 꾸준히 써온 1인이에요.
늘 치과에서 구매했는데 같은품질에 인터넷쇼핑몰이 가격도 훨씬 저렴하고 득템한 기분들어요
그리고 가끔 치과칫솔아닌 칫솔로 양치하다가 다시 치과칫솔로 양치하면 텁텁함사라지고
완전 개운해요.
평생 사용할꺼에요^^",19.10.12.,4,0,0,종류: 03 성인올슬림모-고급형(민감성)
8108,사용하던거랑 같은거 주문해서 잘 사용하고 있습니다,19.11.05.,4,0,0,종류: 10 어금니-돔형
8109,가격도 저렴하고 배송도 빠름빠름요^^!!,19.12.20.,5,0,0,종류: 00 성인일반모(단단한)
8110,치과에서 판매하는거보다 저렴해서 좋아요,19.11.18.,4,0,0,종류: 00 성인일반모(단단한)
8111,치과에서 판매하는거보다 저렴해서 좋아요,19.11.18.,4,0,0,종류: 12 해피덴-비타민이중슬림모(보편적인)
8112,치과에서 판매하는거보다 저렴해서 좋아요,19.11.18.,4,0,0,종류: 02 성인올슬림모-일반형(민감성)
8113,"ㅠ상세설명 잘 안읽고 일반모샀다가
너무쎄서 놀랬어요 근데 슬림모가 떡하니있대요ㅋㅋ이미 써버렸고 교환같은거 귀찮고해서 걍쓰는데 넘나똑땅해여..ㅠㅠ",19.10.19.,2,0,0,종류: 07 교정칫솔-일반형
8114,재구매매번믿고구매하는제품입니다,19.11.06.,5,재구매,0,종류: 01 성인이중슬림모(보편적인)
8115,항상 사용하는 칫솔입니다 좋아요,19.11.26.,5,0,0,종류: 12 해피덴-비타민이중슬림모(보편적인)
8116,항상 사용하는 칫솔입니다 좋아요,19.11.26.,5,0,0,종류: 13 해피덴-비타민올슬림모(민감성)
8117,항상 사용하는 칫솔입니다 좋아요,19.11.26.,5,0,0,종류: 14 미소덴탈 금올슬림모(민감성)
8118,항상 사용하는 칫솔입니다 좋아요,19.11.26.,5,0,0,종류: 15 미소덴탈 숯올슬림모(민감성)
8119,항상 사용하는 칫솔입니자 좋아요,19.11.26.,5,0,0,종류: 00 성인일반모(단단한)
8120,"재구매가성비 좋아요!
스티커도 너무 저렴하네요 ^^",19.11.23.,5,재구매,0,종류: 06 유아올슬림모(13개월-36개월)
8121,부드럽고 너무 좋아요!!! 입안이 상쾌해집니다,19.10.31.,5,0,0,종류: 01 성인이중슬림모(보편적인)
8122,교정칫솔 구매했는데 기존에 쓰던 것처럼 부드럽진 않아요. 가성비는 정말 좋습니당,19.11.14.,3,0,0,종류: 08 교정칫솔-슬림형
8123,배송 정말 빨라요 제품은 너무 좋아서 교정 시작하고 매번 이용하고 있습니다,19.11.16.,5,0,0,종류: 08 교정칫솔-슬림형
8124,배송 정말 빨라요 제품은 너무 좋아서 교정 시작하고 매번 이용하고 있습니다,19.11.16.,5,0,0,종류: 07 교정칫솔-일반형
8125,"치과칫솔 누구나 한번쯤 사은품으로 한번씩 써보셨을...
비싼 마트 칫솔보다 훨 낫네요. 자주 바꾸구요. 좋습니다.",19.11.13.,5,0,0,종류: 15 미소덴탈 숯올슬림모(민감성)
8126,칫솔 항상 구매해요. 좋아요,19.11.04.,5,0,0,종류: 03 성인올슬림모-고급형(민감성)
8127,치과전용칫솔이라고해서 한번 써보려구요,19.11.24.,4,0,0,종류: 01 성인이중슬림모(보편적인)
8128,제 가족은 잇몸 상태가 다 달라서 강도에 맞춰 한꺼번에 주문할 수 있어서 좋아요. 항상 주문해서 잘 쓰고 있어요~,19.11.12.,5,0,0,종류: 10 어금니-돔형
8129,한달사용기이름 옆에 기제되어있는 것처럼 진짜 단단해요. 무난하고 좋아요. 시중에 판매되는 칫솔보다는 당연 퀄리티 좋아요. 보통 분들은 단단한 칫솔 요거 00번 사용하시면 괜찮을 것 같습니다.,19.11.06.,4,0,한달사용기,종류: 00 성인일반모(단단한)
8130,잇몸이 약한편인데 부드럽고 가격대비 괜찮은거 같습니다,19.11.21.,4,0,0,종류: 02 성인올슬림모-일반형(민감성)
8131,"한달사용기항상 사랑니,어금니 안쪽 찝찝했는데 요놈 있어서 양치질 한것 같습니다.",19.11.20.,4,0,한달사용기,종류: 09 어금니-일반형
8132,한달사용기우리가족유용하게잘씁니다,19.11.26.,4,0,한달사용기,종류: 05 어린이이중슬림모(7세-10세)
8133,"재구매늘 사용합니다
칫솔 교환시기를 짧게 가져가기에 부담없어 치아건강에 효과를 보고 잇습니다",19.11.18.,5,재구매,0,종류: 01 성인이중슬림모(보편적인)
8134,재구매잇몸이 약해서 항상 쓰는 제품이에요.,19.11.25.,5,재구매,0,종류: 15 미소덴탈 숯올슬림모(민감성)
8135,재구매잇몸이 약해서 항상 쓰는 제품이에요.,19.11.25.,5,재구매,0,종류: 14 미소덴탈 금올슬림모(민감성)
8136,재구매잇몸이 약해서 항상 쓰는 제품이에요.,19.11.25.,5,재구매,0,종류: 13 해피덴-비타민올슬림모(민감성)
8137,재구매잇몸이 약해서 항상 쓰는 제품이에요.,19.11.25.,5,재구매,0,종류: 03 성인올슬림모-고급형(민감성)
8138,가성비 좋아요! 재구매합니다,19.11.21.,4,0,0,종류: 08 교정칫솔-슬림형
8139,좋아요좋아요좋아요좋아요,19.11.30.,5,0,0,종류: 01 성인이중슬림모(보편적인)
8140,칫솔모가 힘이있어서 좋아요. 계속 구매할거에요.,19.11.17.,5,0,0,종류: 09 어금니-일반형
8141,한달사용기꼼꼼하게 마무리 잘 되어있어서 정말 많이 사용하고 있어요,19.11.20.,4,0,한달사용기,종류: 00 성인일반모(단단한)
8142,한달사용기우리가족 잘쓰고있어요,19.11.26.,4,0,한달사용기,종류: 08 교정칫솔-슬림형
8143,"한달사용기한달 사용 리뷰이지만 사실 어금니 칫솔을 어떻게 사용하는지 몰라서 아직 사용하지 않았는데 곳 사용하게 될 것 같습니다.

치과에서 팔지 않기도 해서 인터넷에서 저렴하게 구매해보았는데 구석구석 닿기 어려운 어금니까지에 도움이 될 것 같기도 해요.",19.11.06.,4,0,한달사용기,종류: 09 어금니-일반형
8144,한달사용기교정중에 사용하기 좋습니다,19.11.25.,5,0,한달사용기,종류: 08 교정칫솔-슬림형
8145,재구매배송빠르구요 교정중이라 항상 재구매사용입니다,19.11.16.,5,재구매,0,종류: 08 교정칫솔-슬림형
8146,"아이꺼 항상 여기서 쓰다가 어른껏도 한번 사 봤어요
아직 사용은 안해봤지만 괜찮았으면 좋겠네요~^^",19.11.11.,5,0,0,종류: 01 성인이중슬림모(보편적인)
8147,한달사용기교정하는 딸이쓰는겁니다  어금니칫솔은 온가족이 ~~,19.11.02.,4,0,한달사용기,종류: 07 교정칫솔-일반형
8148,가격대비 성능갠차나요,19.11.26.,4,0,0,종류: 01 성인이중슬림모(보편적인)
8149,가격대비 성능갠차나요,19.11.26.,4,0,0,종류: 07 교정칫솔-일반형
8150,잇몸이 약한편인데 가격대비 괜찮은거 같습니다,19.11.21.,5,0,0,종류: 01 성인이중슬림모(보편적인)
8151,재구매좋아요 좋아요~^^,19.12.21.,4,재구매,0,종류: 06 유아올슬림모(13개월-36개월)
8152,재구매좋아요 좋아요~^^,19.12.21.,4,재구매,0,종류: 01 성인이중슬림모(보편적인)
8153,재구매좋아요 좋아요~^^,19.12.21.,4,재구매,0,종류: 03 성인올슬림모-고급형(민감성)
8154,칫솔모가 좀더 부드러웠으면~,19.11.25.,4,0,0,종류: 03 성인올슬림모-고급형(민감성)
8155,한달사용기깨끗이 잘닦이며 가격도 좋으네요,19.11.24.,4,0,한달사용기,종류: 5-1 너구리올슬림모(24개월-6세)
8156,한달사용기깨끗이 잘닦이며 가격도 좋으네요,19.11.24.,4,0,한달사용기,종류: 01 성인이중슬림모(보편적인)
8157,"다양한 칫솔이 많아서 여러가지 신청해보았어요.
얼른쓰고 또 주문해야죠..",19.11.13.,5,0,0,종류: 14 미소덴탈 금올슬림모(민감성)
8158,깔끔하게 포장되어와요,19.11.26.,5,0,0,종류: 01 성인이중슬림모(보편적인)
8159,감사합니다 너무 좋아용,19.11.05.,5,0,0,종류: 09 어금니-일반형
8160,"재구매잇몸이 좋질 않아 여러 칫솔을 사용해 보다 드디어 찾았네요~^^
너무 좋아 13개나 더 대량 구매 해 버렸습니다.ㅋ",19.11.10.,5,재구매,0,종류: 00 초미세모(매우부드러운)
8161,언니가 치과에서 칫솔줘서 써본이후로 치과칫솔만 쓰는데 가격도 저렴하고 굳굳,19.11.18.,5,0,0,종류: 00 성인일반모(단단한)
8162,한달사용기교정용으로 잘 사용중,19.11.05.,4,0,한달사용기,종류: 03 성인올슬림모-고급형(민감성)
8163,모가 좀 작아서 구석구석 세심하게 닦아야해요 일반거 보다 사이즈가 작아요,19.11.17.,3,0,0,종류: 02 성인올슬림모-일반형(민감성)
8164,재구매좋아요 ^^ 애들이 좋아해요,19.11.23.,5,재구매,0,종류: 04 어린이올슬림모(24개월-6세)
8165,배송빠르고 부드러워요,19.11.05.,3,0,0,종류: 06 유아올슬림모(13개월-36개월)
8166,배송빠르고 부드러워요,19.11.05.,3,0,0,종류: 05 어린이이중슬림모(7세-10세)
8167,배송빠르고 부드러워요,19.11.05.,3,0,0,종류: 01 성인이중슬림모(보편적인)
8168,조으네여 양치하기싫어요!,19.11.18.,5,0,0,종류: 08 교정칫솔-슬림형
8169,부드러워서 정말좋아요,19.11.25.,4,0,0,종류: 00 초미세모(매우부드러운)
8170,아직사용은안해봤지만 오래 사용할것같아요!,19.11.22.,5,0,0,종류: 00 초미세모(매우부드러운)
8171,포장도 뜯기 쉽게 포장되어 있어서 너무 괜찮았어요!!,19.11.22.,5,0,0,종류: 14 미소덴탈 금올슬림모(민감성)
8172,"현재 쓰고 있는데 잘 닦이고 무엇보다 칫솔모가 잘 무뎌지지 않아서 좋네요. 잇몸 맛사지 하기에도 적당해서 앞으로 쭉 잘 쓸 것 같아요.
이런 칫솔을 이제서야 알게 되어 아쉬우면서도 반갑네요. ^^",19.10.12.,5,0,0,종류: 02 성인올슬림모-일반형(민감성)
8173,"배송도 빠르고 양치후 혀로 이빨을 만져보면(?) 치석이라고해야되나 그런 이물질감이 없이 매끈매끈하게 잘 닦여요!!
너무좋습니다.",19.11.06.,5,0,0,종류: 02 성인올슬림모-일반형(민감성)
8174,아직 써보진 않았지만 매번 쓰던거니 믿고 구매했어요,19.11.12.,5,0,0,종류: 05 어린이이중슬림모(7세-10세)
8175,재구매좋아요~~^^애들이 좋아해요,19.11.23.,5,재구매,0,종류: 5-1 너구리올슬림모(24개월-6세)
8176,부드러워서 쓰기 조아요~~^^,19.11.26.,4,0,0,종류: 5-1 너구리올슬림모(24개월-6세)
8177,부드러워서 쓰기 조아요~~^^,19.11.26.,4,0,0,종류: 04 어린이올슬림모(24개월-6세)
8178,부드러워서 쓰기 조아요~~^^,19.11.26.,4,0,0,종류: 02 성인올슬림모-일반형(민감성)
8179,덧니가 많아 교정용으로 주문했어요! 구석구석 깨끗이 닦인다는 느낌이 들어 좋아요^*^,19.11.11.,5,0,0,종류: 08 교정칫솔-슬림형
8180,좋아요좋아요좋아요좋아요,19.12.18.,5,0,0,종류: 13 해피덴-비타민올슬림모(민감성)
8181,처음시켜봤는데 좋네요 낱개구매도되고 품질좋아요  재구매할래요,19.11.18.,5,0,0,종류: 04 어린이올슬림모(24개월-6세)
8182,부드러워서 쓰기 조아요~~~^^,19.11.26.,4,0,0,종류: 00 초미세모(매우부드러운)
8183,배송 빠르고 포장도 깔끔하네요,19.11.22.,5,0,0,종류: 09 어금니-일반형
8184,교정칫솔 치과에서 사면 2천원임 ㄷ ㄷ 근데 4단계임에도 불구하고 치과칫솔보다는 부드러운 모임,19.11.11.,5,0,0,종류: 07 교정칫솔-일반형
8185,"일반칫솔로 아이들 스스로 한번 닦으면
  이후 교정 칫솔로 한번 더 닦아줍니다.",19.10.27.,4,0,0,종류: 11 어금니-슬림형
8186,일반칫솔보다 사이즈가 작아서 세심하게 닦아야해요,19.11.17.,3,0,0,종류: 01 성인이중슬림모(보편적인)
8187,"한달사용기두번째 구매입니다.
시중에서 파는 일반 칫솔 쓰다 재구매했어요.
부드러워서 좋아요",19.11.10.,5,0,한달사용기,종류: 01 성인이중슬림모(보편적인)
8188,맨날 치과에서 주는 것만 쓰다가 이거 쓰니까 훨씬 좋습니다!!!!,19.10.21.,5,0,0,종류: 08 교정칫솔-슬림형
8189,"재구매아들이 치아 교정중이라
항상 재구매  하구있어요
좋아요",19.11.18.,5,재구매,0,종류: 08 교정칫솔-슬림형
8190,좋아요 잘닦이는 느낌?,19.11.03.,5,0,0,종류: 03 성인올슬림모-고급형(민감성)
8191,쪼아요 쪼아!!ㅋㅋ,19.11.26.,5,0,0,종류: 04 어린이올슬림모(24개월-6세)
8192,좋아요 가격저렴하고 아이들 학교도 보내고 집에서도 쓰고 넘좋네요,19.11.10.,5,0,0,종류: 09 어금니-일반형
8193,사은품으로   혀클리너도 주셨어요,19.11.20.,5,0,0,종류: 00 성인일반모(단단한)
8194,사용하기 부담없어요..사용하던거라 재구매,19.11.15.,5,0,0,종류: 03 성인올슬림모-고급형(민감성)
8195,너무 만족합니다~~,19.11.05.,5,0,0,종류: 08 교정칫솔-슬림형
8196,교정용 칫솔보다는 덜 부드럽기는한데 다른 일반칫솔보다 좋아요,19.10.26.,3,0,0,종류: 02 성인올슬림모-일반형(민감성)
8197,배송잘받았습니다 잘써볼게요,19.11.02.,5,0,0,종류: 09 어금니-일반형
8198,"한달사용기아주 마음에 들어요.
주변지인들에게 적극 추천중입니당",19.11.11.,5,0,한달사용기,종류: 01 성인이중슬림모(보편적인)
8199,재구매항상쓰는칫솔 좋아요,19.11.02.,5,재구매,0,종류: 01 성인이중슬림모(보편적인)
8200,아이들이 다른 칫솔로 두번 닦으니 덜 지겨워해요,19.10.27.,4,0,0,종류: 08 교정칫솔-슬림형
8201,치과에서 준 칫솔이 너무 억세서 2단계 칫솔 구입했습니다.양치하기 훨씬 편해요,19.11.09.,5,0,0,종류: 08 교정칫솔-슬림형
8202,재구매부드럽고 사용하기 편해요..,19.11.22.,4,재구매,0,종류: 00 초미세모(매우부드러운)
8203,고양이칫솔로 좋아요,19.11.22.,5,0,0,종류: 10 어금니-돔형
8204,좋은ㄱ거같아여어엉ㅋ,19.11.26.,4,0,0,종류: 03 성인올슬림모-고급형(민감성)
8205,너무 만족합니다.!!,19.11.05.,5,0,0,종류: 07 교정칫솔-일반형
8206,"마찬가지로 너무 좋아요.
오히려 어떤걸 중점적으로 구매해서 사용해야할지 고민될정도에요.",19.11.06.,5,0,0,종류: 12 해피덴-비타민이중슬림모(보편적인)
8207,잘받었어요 ~~ 굿굿,19.11.02.,5,0,0,종류: 07 교정칫솔-일반형
8208,가격착하고 품질좋고  배송도 빨라서  만족합니다^^,19.11.18.,5,0,0,종류: 01 성인이중슬림모(보편적인)
8209,한달사용기구석구석 잘 닦이고 좋아용,19.11.21.,4,0,한달사용기,종류: 09 어금니-일반형
8210,재구매입니다. 품질 만족굿굿,19.11.18.,5,0,0,종류: 01 성인이중슬림모(보편적인)
8211,한달사용기잇몸을 세게 건드리지않아 피가 안나서 좋아요.,19.11.17.,5,0,한달사용기,종류: 01 성인이중슬림모(보편적인)
8212,"아직 써보지 않았지만, 빠른 배송과 많은 후기가 믿음이 가네요",19.10.25.,4,0,0,종류: 02 성인올슬림모-일반형(민감성)
8213,"아주 잘 닦여요
계속이용예정",19.11.15.,5,0,0,종류: 05 어린이이중슬림모(7세-10세)
8214,재구매항상 쓰던 기린말고 너구리로 주문했는데 너구리가 너무 어른스럽네요 ㅋㅋㅋ,19.10.25.,5,재구매,0,종류: 5-1 너구리올슬림모(24개월-6세)
8215,잘받었러요 굿굿!!!,19.11.02.,5,0,0,종류: 08 교정칫솔-슬림형
8216,"재구매교정후 4번째 구매해서 쓰고있네요 
사용하기편하고 휴대하기 좋아서 계속 쓰고있습니다.",19.10.24.,5,재구매,0,종류: 07 교정칫솔-일반형
8217,늘 사용하던 건데 다른곳보다 저렴하게 구매했어요,19.11.15.,4,0,0,종류: 01 성인이중슬림모(보편적인)
8218,늘 사용하던건데 다른곳 보다 저렴하게 구매했어요,19.11.15.,4,0,0,종류: 04 어린이올슬림모(24개월-6세)
8219,정말 좋아요 감사합니다,19.10.31.,5,0,0,종류: 03 성인올슬림모-고급형(민감성)
8220,한달사용기우선 칫솔이 작아서 좋고  칫설 커버가있어 가져 다니기조 좋아요~,19.11.14.,5,0,한달사용기,종류: 01 성인이중슬림모(보편적인)
8221,"서비스로 혀클리너도 주시고
칫솔도 잘 쓰고있습니다~",19.11.17.,5,0,0,종류: 08 교정칫솔-슬림형
8222,재구매교정중인데 사랑니랑 앞니 사이사이 닦는데 쓰고있어요 좋아요^^,19.11.15.,5,재구매,0,종류: 09 어금니-일반형
8223,교정 내내 이 칫솔만 사용 중입니다!!! 너무 좋아요~~~,19.11.12.,5,0,0,종류: 07 교정칫솔-일반형
8224,괜찮은거같은데 써보니 솔 힘은좀약한거깉아 1점 뺏어요,19.10.26.,4,0,0,종류: 00 초미세모(매우부드러운)
8225,배송빠르고 상품도 좋습니다 많이파세요,19.10.27.,5,0,0,종류: 09 어금니-일반형
8226,좋아요~~ 가격도 저렴 하고 미세모라 잇몸이 아프지않고 편해요~~,19.11.10.,5,0,0,종류: 01 성인이중슬림모(보편적인)
8227,"어린이집에서 쓰기 좋아요~
아이가 좋와하네요",19.11.12.,4,0,0,종류: 5-1 너구리올슬림모(24개월-6세)
8228,한달사용기칫솔이좋아요 자극없고 또구매예정입니다,19.11.11.,5,0,한달사용기,종류: 11 어금니-슬림형
8229,"너무 좋아요, 서비스도 주시고 감사합니다",19.10.27.,5,0,0,종류: 01 성인이중슬림모(보편적인)
8230,한달사용기배송도 빠르고 좋아요,19.11.20.,5,0,한달사용기,종류: 00 초미세모(매우부드러운)
8231,만족합니다 믿고 구매했어요,19.11.12.,5,0,0,종류: 03 성인올슬림모-고급형(민감성)
8232,만족합니다 믿고 구매했어요,19.11.12.,5,0,0,종류: 02 성인올슬림모-일반형(민감성)
8233,"다양한 상품이 있어서 하나씩 써보려고 여러게 주문 햇습니다.
좋아요~~",19.11.13.,5,0,0,종류: 03 성인올슬림모-고급형(민감성)
8234,이런게 있는지 유튜브 보고 바로 삼 ㅋㅋ 임플란트미 무서워서 양치 열심히 하려구요,19.10.17.,5,0,0,종류: 10 어금니-돔형
8235,"어린이집에서 쓰기 좋아요~
아이가 좋와하네요^^",19.11.12.,4,0,0,종류: 04 어린이올슬림모(24개월-6세)
8236,좋아요좋아유좋아유좋아,19.11.22.,5,0,0,종류: 03 성인올슬림모-고급형(민감성)
8237,부드럽고 좋아요!! 다음에도 여기서 재구매 할 것 같아요^^,19.11.11.,5,0,0,종류: 01 성인이중슬림모(보편적인)
8238,재구매저렴한가격에 좋은칫솔 만족합니다,19.11.17.,5,재구매,0,종류: 07 교정칫솔-일반형
8239,재구매가격저렴 품질만족...늘 이용하는 제품,19.11.13.,5,재구매,0,종류: 01 성인이중슬림모(보편적인)
8240,한달사용기늘 쓰는것이라.. 잇몸이 덜 아파요,19.11.13.,5,0,한달사용기,종류: 01 성인이중슬림모(보편적인)
8241,성인이 써도 좋아요. 손에 잘잡혀요,19.10.24.,5,0,0,종류: 05 어린이이중슬림모(7세-10세)
8242,"생각보다 솔이 좀 작네요
그래도 잘 사용 하고 있습니다",19.11.14.,4,0,0,종류: 03 성인올슬림모-고급형(민감성)
8243,"한달사용기작아서 그런지 안쪽까지
잘 닦이는거 같아 좋아요",19.11.15.,5,0,한달사용기,종류: 01 성인이중슬림모(보편적인)
8244,아직 써보진 않았지만 만족할것 같아요,19.11.16.,4,0,0,종류: 14 미소덴탈 금올슬림모(민감성)
8245,아직 써보진 않았지만 만족할것 같아요,19.11.16.,5,0,0,종류: 13 해피덴-비타민올슬림모(민감성)
8246,아직 다 써본건 아니지만 어금니칫솔은 모가 좁고 단단하고 집중적으로 닦을수잇다는것과 반면 보이지않눈곳은 닦기힘들지만 뭔가 더 깨긋한 느낌입니다,19.10.13.,4,0,0,종류: 13 해피덴-비타민올슬림모(민감성)
8247,서비스도 보내주시고 좋아요~,19.11.18.,5,0,0,종류: 08 교정칫솔-슬림형
8248,역시 치과칫솔이 좋네요 감사해요,19.11.18.,5,0,0,종류: 01 성인이중슬림모(보편적인)
8249,"재구매칫솔모가 몇 가닥 엉켜있는 부분이 있는데 대체적으로 칫솔모 강도, 칫솔모 길이 괜찮네요~",19.10.21.,4,재구매,0,종류: 01 성인이중슬림모(보편적인)
8250,"한달사용기해드부분이 작아서 아이한테 줄까.. 하다가 계속썼는데, 익숙해지니까 구석구석까지 너무 잘닦인다는.. 너무 만족하면서 쓰고 있습니다. 아동용도 좋아요",19.10.30.,4,0,한달사용기,종류: 05 어린이이중슬림모(7세-10세)
8251,구석구섭 안닦이는곳 없이 온가족이 개운해 합니당~^^,19.11.14.,5,0,0,종류: 10 어금니-돔형
8252,한달사용기재구매교정기 있는 부분은 칫솔모가 없어서 아주 좋아요ㅎㅎ 잘 닦이는 느낌,19.11.07.,5,재구매,한달사용기,종류: 08 교정칫솔-슬림형
8253,배송빠르고 상품도 너무 좋아요,19.10.27.,5,0,0,종류: 11 어금니-슬림형
8254,촘촘하고 부드러워요,19.11.19.,5,0,0,종류: 01 성인이중슬림모(보편적인)
8255,"한달사용기배송도 빠르고 가격도 착하고
치과에서 준것과도 같아서 재구매의사 있습니다",19.11.11.,5,0,한달사용기,종류: 08 교정칫솔-슬림형
8256,"너무너무너무좋아요
배송도 너무 빨라요",19.12.10.,5,0,0,종류: 09 어금니-일반형
8257,"아이가 교정을 시작해서 후기보고 구매했는데  만족했으면 좋겠어요  그럼  끝날때까지
죽~ 구매하겠죠",19.11.03.,3,0,0,종류: 09 어금니-일반형
8258,찻솔정착해보고싶내요,19.11.18.,5,0,0,종류: 07 교정칫솔-일반형
8259,칫솔정착해보고싶내용,19.11.18.,5,0,0,종류: 01 성인이중슬림모(보편적인)
8260,칫솔정착해보고싶내요,19.11.18.,5,0,0,종류: 05 어린이이중슬림모(7세-10세)
8261,칫솔정착해보고싶어요,19.11.18.,5,0,0,종류: 10 어금니-돔형
8262,칫솔 정착해보고 싶어요,19.11.18.,5,0,0,종류: 00 성인일반모(단단한)
8263,"혀클리너와 치실이 들어있어 생각지도 못한 선물받은 느낌이네요 ㅎㅎ
잘쓰겠습니다",19.10.15.,5,0,0,종류: 01 성인이중슬림모(보편적인)
8264,재구매좋아요~계속 재주문해서 쓰는 칫솔이에요,19.11.10.,5,재구매,0,종류: 01 성인이중슬림모(보편적인)
8265,재구매적당해요. 잘쓸께요.,19.11.18.,4,재구매,0,종류: 01 성인이중슬림모(보편적인)
8266,가격도 좋고 성능도 좋아요,19.10.30.,5,0,0,종류: 02 성인올슬림모-일반형(민감성)
8267,가격도 좋고 성능도 좋아요,19.10.30.,5,0,0,종류: 01 성인이중슬림모(보편적인)
8268,깨끗해 지는것 같고  모가 부드러워서 좋아요,19.11.14.,5,0,0,종류: 01 성인이중슬림모(보편적인)
8269,어금니칫솔을 처음 사용해보는데 중간중간 낀것들이 잘빠져나와서 시원해요,19.10.20.,5,0,0,종류: 11 어금니-슬림형
8270,재구매기존 쓰던거라 문안해요.,19.11.18.,4,재구매,0,종류: 00 성인일반모(단단한)
8271,늘 사용하던 제품이라 믿고 쓰고 이써요,19.11.15.,5,0,0,종류: 01 성인이중슬림모(보편적인)
8272,매우 부드러워서 환자에게 적합한것 같습니다,19.10.24.,5,0,0,종류: 00 초미세모(매우부드러운)
8273,꼼꼼하게 어금니까지 잘 닦을수 있어 좋아요.,19.11.14.,5,0,0,종류: 10 어금니-돔형
8274,잘 쓸게오~~~~~,19.11.05.,5,0,0,종류: 07 교정칫솔-일반형
8275,잘 쓸게오~~~~~,19.11.05.,5,0,0,종류: 09 어금니-일반형
8276,상품은 좋아요~ 저한테는 칫솔모가 조금더 강한게 맞는데...잘쓸께요~,19.11.07.,5,0,0,종류: 00 성인일반모(단단한)
8277,교정 중이라 잘쓰고 있습니다~,19.11.17.,5,0,0,종류: 07 교정칫솔-일반형
8278,재구매교정중인 중학생 딸아이 두번째 주문해서 잘 사용하고 있습니다.,19.11.11.,5,재구매,0,종류: 08 교정칫솔-슬림형
8279,구석구섭  안닦이는곳없이 잘 닦아 줍니다,19.11.14.,5,0,0,종류: 02 성인올슬림모-일반형(민감성)
8280,정말 너무만족스러웠습니다. 시중에 파는 칫솔보다 훨씬 좋네요,19.11.06.,5,0,0,종류: 03 성인올슬림모-고급형(민감성)
8281,한달사용기매번 잘 쓰고 있어요,19.11.18.,5,0,한달사용기,종류: 08 교정칫솔-슬림형
8282,어금니 칫솔 처음으로 써보는데 어금니 뒤쪽부분과 사이 부분들이 잘 닦입니다. 앞으로도 쭉 애용할 겁니다.,19.10.12.,5,0,0,종류: 10 어금니-돔형
8283,"교정 중이라
잘  쓰고있습니다~",19.11.17.,5,0,0,종류: 02 성인올슬림모-일반형(민감성)
8284,칫솔정착해보고싶어요ㅠㅠ,19.11.18.,5,0,0,종류: 09 어금니-일반형
8285,배송빠르고 너무 좋습니다,19.10.27.,5,0,0,종류: 02 성인올슬림모-일반형(민감성)
8286,디자인과 실용성 모두 마음에 드네요,19.10.25.,4,0,0,종류: 03 성인올슬림모-고급형(민감성)
8287,매일쓰는거예요 좋아용,19.11.17.,5,0,0,종류: 09 어금니-일반형
8288,좋아요.너무좋아요좋아요.너무좋아요좋아요.너무좋아요좋아요.너무좋아요좋아요.너무좋아요,19.12.10.,5,0,0,종류: 03 성인올슬림모-고급형(민감성)
8289,칫솔모도 좋구  가성비 좋네요,19.11.16.,5,0,0,종류: 07 교정칫솔-일반형
8290,재구매가족들 모두 쓰고있어요 좋습니다!,19.11.15.,5,재구매,0,종류: 01 성인이중슬림모(보편적인)
8291,매번쓰는 제품이에요!!!,19.11.19.,5,0,0,종류: 05 어린이이중슬림모(7세-10세)
8292,매번 쓰는제품이예요!!!,19.11.19.,5,0,0,종류: 01 성인이중슬림모(보편적인)
8293,재구매약한이에 문안해요.,19.11.18.,4,재구매,0,종류: 03 성인올슬림모-고급형(민감성)
8294,교정 때문에 칫솔은 V자로 된 칫솔을 사용하는 중이에요 칫솔은 여기가 좋다고 해서 샀는데 너무 좋더라고요 그래서 칫솔 다 쓸 때마다 여기 와서 사는 중이에요 좋은 칫솔 감사합니다 앞으로도 칫솔은 여기에서만 살게요,19.10.05.,5,0,0,종류: 08 교정칫솔-슬림형
8295,교정해서 칫솔 자주 바꿔야하는데 저렴하게 잘 구입했습니다. 어금니 칫솔은 편할 줄 알았는데 그냥 치실 사용하는게 저는 더 깔끔하고 확실해서 좋네요. 나머지는 재구매 의사 있어요.,19.10.25.,4,0,0,종류: 08 교정칫솔-슬림형
8296,미세모라 아이들이랑 성인 치아사이에 이물질제거하기 좋아요!!,19.10.20.,5,0,0,종류: 04 어린이올슬림모(24개월-6세)
8297,재구매올슬림모는 처음 써봤는데 왠걸 괜찮아요...강추,19.11.13.,5,재구매,0,종류: 13 해피덴-비타민올슬림모(민감성)
8298,아직 써보지는 못했어요. 어금니칫솔이라든가 이런것들은 잘 쓰고 있는데 좋을것으로 판단되네요 ㅋㅋ,19.10.12.,5,0,0,종류: 15 미소덴탈 숯올슬림모(민감성)
8299,진짜 좋아요..... 칫솔 여러 개 사용해봤는데 세 손가락 안에 들어가요 모가 거칠지 않고 탄력 있어서 힘 들이지 않아도 잘 닦이네요 이 닦고 혀로 잇몸 쓸어보면 뽀득뽀득해서 기분 좋아요!!,19.10.25.,5,0,0,종류: 01 성인이중슬림모(보편적인)
8300,배송빠르고 저렴하고 좋아요,19.10.26.,5,0,0,종류: 00 초미세모(매우부드러운)
8301,좋은거같아요 아직 써보지는 못했어요.,19.10.25.,4,0,0,종류: 01 성인이중슬림모(보편적인)
8302,잇몸과 이가 좋지 않아 부드러워 자극이 덜한 칫솔을 찾아 이것저것 사용해 봤는데 딱 암에 드는 칫솔을 찾았어요.감사드려요~^^,19.10.30.,5,0,0,종류: 00 초미세모(매우부드러운)
8303,주문한 상품이 꼼꼼히 포장되어 잘 왔고요 어금니칫솔부터 쓰고 잇는데 이전에 쓰던 좀 더 비싼거 보다는 덜 부드럽지만 그래도 성능은 비슷합니다. 다른 칫솔은 써봐야 할듯 하네요.,19.10.24.,3,0,0,종류: 00 초미세모(매우부드러운)
8304,가격이 조금더 저렴 했으면 좋겠네요ㅠㅠ,19.11.14.,4,0,0,종류: 00 성인일반모(단단한)
8305,"한달사용기치솔이 일단 작은편이라, 상처도 잘 안나고 좋습니다. 다만 손잡이 부분이 약간 미끄럽네요.",19.11.02.,4,0,한달사용기,종류: 00 성인일반모(단단한)
8306,좋아요~~ 좋아요~~ 좋아요~~ 좋아요~~ 좋아요~~ 좋아요~~ 좋아요~~ 좋아요~~ 좋아요~~,19.12.11.,4,0,0,종류: 02 성인올슬림모-일반형(민감성)
8307,좋아요~~ 좋아요~~ 좋아요~~ 좋아요~~ 좋아요~~ 좋아요~~ 좋아요~~ 좋아요~~ 좋아요~~,19.12.11.,4,0,0,종류: 13 해피덴-비타민올슬림모(민감성)
8308,재구매배송이 빠르고 사용하기 좋아요..,19.11.15.,4,재구매,0,종류: 09 어금니-일반형
8309,재구매배송이 빨라서 좋아요,19.11.16.,5,재구매,0,종류: 07 교정칫솔-일반형
8310,저렴하고 상품도 좋습니다,19.10.26.,5,0,0,종류: 03 성인올슬림모-고급형(민감성)
8311,잇몸에 부담이없어서 좋아용..,19.11.15.,5,0,0,종류: 5-2 너구리이중슬림모(7세-10세)
8312,이를 닦고나면 개운하고 좋아요.,19.11.14.,5,0,0,종류: 01 성인이중슬림모(보편적인)
8313,배송 품질 모두 좋아요,19.11.16.,5,0,0,종류: 07 교정칫솔-일반형
8314,좋아요 제품만족합니다 여러가지샀는데 좋아요 배송빠름요ㅎㅎ좋아요 제품만족합니다 여러가지샀는데 좋아요 배송빠름요ㅎㅎ,19.11.15.,5,0,0,종류: 01 성인이중슬림모(보편적인)
8315,배송이 빠르네요 ~~^^,19.10.30.,5,0,0,종류: 01 성인이중슬림모(보편적인)
8316,배송이 빠르네요 ~~^^,19.10.30.,5,0,0,종류: 02 성인올슬림모-일반형(민감성)
8317,부드럽기를 2단계루해서 그런지 뻣뻣한감이 있네용ㅜㅋㅋ 사실분들은 참고하세요,19.11.02.,5,0,0,종류: 01 성인이중슬림모(보편적인)
8318,좋아여 ㅎㅎ 쟁여둿어요,19.11.13.,5,0,0,종류: 07 교정칫솔-일반형
8319,재구매칫솔 좋아여~~ 배송도 빠르구여,19.11.12.,5,재구매,0,종류: 08 교정칫솔-슬림형
8320,2만원어치 삿어요 이 중에서 맘에드는게 잇으면 정착할 예정입니다,19.10.13.,5,0,0,종류: 03 성인올슬림모-고급형(민감성)
8321,고급형과 차이는 미끄럼방지 차이인거같네요,19.11.12.,5,0,0,종류: 02 성인올슬림모-일반형(민감성)
8322,칫솔모 작은게 필요했는데 저렴하게 잘 구매햇어요,19.10.20.,5,0,0,종류: 01 성인이중슬림모(보편적인)
8323,칫솔모 작은게 필요했는데 저렴하게 잘 구매햇어요,19.10.20.,5,0,0,종류: 02 성인올슬림모-일반형(민감성)
8324,원래 사용하던 칫솔입니다. 빠른 배송 감사합니다.,19.11.06.,5,0,0,종류: 05 어린이이중슬림모(7세-10세)
8325,기존캐릭터 어린이칫솔보다 부드러워요,19.11.12.,4,0,0,종류: 04 어린이올슬림모(24개월-6세)
8326,기존 캐릭터어린이칫솔보다 부드럽네요,19.11.12.,4,0,0,종류: 05 어린이이중슬림모(7세-10세)
8327,"이거는 잘 닦이는데 저에게는 좀 강한 느낌이여서
잇몸이 약하기때문에 요거슨 잇몸이 강한분들만 ㅋㅋㅋ",19.11.06.,4,0,0,종류: 00 성인일반모(단단한)
8328,강도1은 암환자 임신부용이네요 일반사람이 쓰기에는 3이 적당한듯 1은 잘안닦임,19.10.12.,5,0,0,종류: 01 성인이중슬림모(보편적인)
8329,한달사용기선물로 주기위해 구매한 제품이라 자세히 어떨진 모르겠지만 저렴하게 잘 구매한 것 같습니다!,19.11.06.,4,0,한달사용기,종류: 14 미소덴탈 금올슬림모(민감성)
8330,개끗이 다되네요 재구매 해야할것같네요,19.11.07.,4,0,0,종류: 01 성인이중슬림모(보편적인)
8331,"치과칫솔이라믿고구매했어요^^
칫솔질도잘되고만족하네요",19.11.04.,5,0,0,종류: 01 성인이중슬림모(보편적인)
8332,"좋아요 딸아이가 교정하고 있어서  교정칫솔 주문하는  편이에요 이번에도 잘 산것같아요 
양치잘해서 건강한치아유지하도록 해야겠어요",19.10.27.,5,0,0,종류: 12 해피덴-비타민이중슬림모(보편적인)
8333,배송빠르네요 ~~^^,19.10.30.,5,0,0,종류: 00 성인일반모(단단한)
8334,아직써보진않았지만 좋을거같아요,19.11.12.,4,0,0,종류: 00 성인일반모(단단한)
8335,아직써보진않았지만 좋을거같아요,19.11.12.,5,0,0,종류: 14 미소덴탈 금올슬림모(민감성)
8336,한달사용기칫솔모가 부드러워 바디솔로도 사용할 수 있는 지경,19.11.09.,4,0,한달사용기,종류: 08 교정칫솔-슬림형
8337,재구매항상 사용하던 제품 입니다 !! 좋아요 !,19.11.13.,5,재구매,0,종류: 08 교정칫솔-슬림형
8338,좋은 평이 있어서 구매합니다,19.11.13.,4,0,0,종류: 01 성인이중슬림모(보편적인)
8339,한달사용기재구매아주 좋아요 어금니는 잘 안될 때 사용합니다 아주 좋아요ㅎㅎ,19.11.07.,5,재구매,한달사용기,종류: 10 어금니-돔형
8340,좋아요 교정용칫솔 시켰는데 펑범하고 안좋은점 없습니다,19.10.13.,5,0,0,종류: 07 교정칫솔-일반형
8341,미세모라 잇몸도 아프지 않고 너무 좋아요,19.11.10.,5,0,0,종류: 05 어린이이중슬림모(7세-10세)
8342,재구매아직 써보진 않았지만 상품은 맞게 왔어요~,19.10.21.,5,재구매,0,종류: 07 교정칫솔-일반형
8343,재구매항상 떨어질때마다 주문합니다..제가 찾던 칫솔이에용 너무 좋아요!!,19.11.02.,5,재구매,0,종류: 08 교정칫솔-슬림형
8344,"매번 쓰던거예요 너무 조아여
이만한 게
없네여",19.11.06.,5,0,0,종류: 10 어금니-돔형
8345,이중모라 구석구석 잘되요 ㅎㅎ,19.10.24.,5,0,0,종류: 01 성인이중슬림모(보편적인)
8346,재구매잘쓰고 있어요....,19.11.18.,4,재구매,0,종류: 05 어린이이중슬림모(7세-10세)
8347,"어금니
칫솔
처음써봐요 잘 닦기도 개운해요",19.11.06.,5,0,0,종류: 09 어금니-일반형
8348,"칫솔모가 부드럽게 잘 닦여요~~
위생상 넘 오래 안쓰고  자주 바꿔쓰려구요~~
가격도 저렴하니  좋구요~^^
추천 합니다~~^^",19.10.29.,5,0,0,종류: 01 성인이중슬림모(보편적인)
8349,한달사용기딱맞은제품 잘산것같아요 또살게요,19.11.12.,4,0,한달사용기,종류: 03 성인올슬림모-고급형(민감성)
8350,재구매계속 쓰는제품이에요~온가족이 이칫솔로 해결~~^^,19.11.10.,5,재구매,0,종류: 00 성인일반모(단단한)
8351,써보진않았지만 좋을거같아요,19.11.12.,5,0,0,종류: 03 성인올슬림모-고급형(민감성)
8352,왜 여태까지 다른 칫솔을 썼는지 후회되네요ㅜㅜ,19.10.20.,5,0,0,종류: 01 성인이중슬림모(보편적인)
8353,애기가 잘 사용해요,19.11.14.,5,0,0,종류: 04 어린이올슬림모(24개월-6세)
8354,빠른 배송 감사합니다.,19.11.14.,5,0,0,종류: 10 어금니-돔형
8355,빠른 배송 감사합니다.,19.11.14.,5,0,0,종류: 11 어금니-슬림형
8356,빠른 배송 감사합니다.,19.11.14.,5,0,0,종류: 09 어금니-일반형
8357,전부터 쓰던거라 다른제품보다 좋아요,19.11.10.,5,0,0,종류: 05 어린이이중슬림모(7세-10세)
8358,와이프가 쓰고 있는데 기존 칫솔보다 모도 튼튼하고 구석구석 잘 닦인다고 합니다. 저도 곧 쓸 예정입니다.,19.10.12.,5,0,0,종류: 01 성인이중슬림모(보편적인)
8359,한달사용기항상쓰던건데 한개가ㅠ 이 닦자마자 모가 우두두두빠져서 이닦기 불편했어요 ㅜㅜ엄청놀랐네요,19.10.30.,3,0,한달사용기,종류: 01 성인이중슬림모(보편적인)
8360,잘받았습니다. 칫솔이랑 같이 샀어요,19.11.06.,5,0,0,종류: 09 어금니-일반형
8361,매번 대량으로 구매해서 쓰고있습니다,19.11.10.,5,0,0,종류: 01 성인이중슬림모(보편적인)
8362,배송 빠르고 칫솔모가 얇아서 아기 닦이기 좋아요!!,19.11.09.,4,0,0,종류: 06 유아올슬림모(13개월-36개월)
8363,칫솔이 작아서 안쪽 까지 잘 닦이는거 같아요,19.11.09.,4,0,0,종류: 01 성인이중슬림모(보편적인)
8364,저렴하고  품질좋고 잘  닦여요,19.10.22.,5,0,0,종류: 01 성인이중슬림모(보편적인)
8365,칫솔은 항상 여기에서 구매하는데 구매할 때마다 너무 만족해요 보내 주신 치실과 혀클리너도 잘 쓰겠습니다 감사합니다,19.10.05.,5,0,0,종류: 08 교정칫솔-슬림형
8366,배송이 빠르고 포장도 깔끔하네요,19.11.11.,4,0,0,종류: 10 어금니-돔형
8367,배송이 빠르고 포장도 깔끔하네요,19.11.11.,4,0,0,종류: 09 어금니-일반형
8368,배송이 빠르고 포장도 깔끔하네요,19.11.11.,4,0,0,종류: 11 어금니-슬림형
8369,"한달사용기워낙인기있는 치과 칫솔이라
잘쓰고 있어요^^
만족합니다~~",19.11.03.,5,0,한달사용기,종류: 01 성인이중슬림모(보편적인)
8370,배송도빠르고 다음에재구매할께요,19.11.10.,4,0,0,종류: 00 성인일반모(단단한)
8371,"재구매배송도빠르고 칫솔모 부드러워서 좋아요
만족합니다",19.11.07.,4,재구매,0,종류: 01 성인이중슬림모(보편적인)
8372,한달사용기뚜껑에 공기가 통해서 잘말려지는 느낌이다,19.11.08.,5,0,한달사용기,종류: 08 교정칫솔-슬림형
8373,"한달사용기배송빠르고.. 늘 사용하는 교정칫솔입니다
가격저렴해서 만족합니다",19.11.05.,5,0,한달사용기,종류: 07 교정칫솔-일반형
8374,"재구매의사있어요
칫솔모도 부드럽고 좋아요",19.11.10.,4,0,0,종류: 06 유아올슬림모(13개월-36개월)
8375,"어금니까지 칫솔이 안들어가서 좀 그랬는데, 빈틈없이 양치할수 있어서 좋아요",19.11.03.,4,0,0,종류: 10 어금니-돔형
8376,칫솔모 부드러워서 좋아요,19.11.11.,5,0,0,종류: 02 성인올슬림모-일반형(민감성)
8377,빠른배송 감사합니다!,19.10.24.,5,0,0,종류: 02 성인올슬림모-일반형(민감성)
8378,빠른배송감사합미다!,19.10.24.,5,0,0,종류: 01 성인이중슬림모(보편적인)
8379,이가격에 편의점 비싼 칫솔보다도 훨씬 잘 닦이고 좋습니다~!,19.11.06.,5,0,0,종류: 01 성인이중슬림모(보편적인)
8380,한달사용기재구매정말잘쓰고있습니다~~ ㅋㅋ잘닦이고좋아요~,19.11.07.,4,재구매,한달사용기,종류: 11 어금니-슬림형
8381,"항상 쓰는 제품 
넘 좋아요
아이가 쓰는데 너무 좋아요",19.11.09.,5,0,0,종류: 04 어린이올슬림모(24개월-6세)
8382,재구매좋아요 근데 일반모는좀 단단해서 잇몸이아플때일터요,19.10.31.,4,재구매,0,종류: 07 교정칫솔-일반형
8383,재구매제품 만족합니다.배송도빠르고,19.11.05.,4,재구매,0,종류: 00 초미세모(매우부드러운)
8384,원래쓰던거라 불편함없어요,19.11.10.,4,0,0,종류: 01 성인이중슬림모(보편적인)
8385,한달사용기치과에서 구매하여 사용하고 있는 수일내로 칫솔  생각해서 주문했는데 완전 꽝이예요.,19.11.01.,1,0,한달사용기,종류: 01 성인이중슬림모(보편적인)
8386,한달사용기치과에서 구매하여 사용하고 있는 수일내로 칫솔  생각해서 주문했는데 완전 꽝이예요.,19.11.01.,1,0,한달사용기,종류: 08 교정칫솔-슬림형
8387,일반  칫솔쓰다가  교정  칫솔쓰니  속이후령,19.11.09.,5,0,0,종류: 07 교정칫솔-일반형
8388,"단단한 모를 써야 개운할꺼같아
주문했는데
칫솔 몸통이 아주 작은건 아니라 잇몸이 조금 상했네요
요령이 생기면 낫겠죠",19.10.04.,4,0,0,종류: 00 성인일반모(단단한)
8389,남치니 모가 부드러운걸 쓰고싶다고 해서 찾다가 저렴하고 ㅇ리뷰많은 여기를 찾앗는데 기대됩니다,19.10.13.,5,0,0,종류: 11 어금니-슬림형
8390,배송이 빠르고 포장이 깔끔하네요,19.11.11.,4,0,0,종류: 06 유아올슬림모(13개월-36개월)
8391,재구매아이가 교정중인데 일반 칫솔 쓰다가 이걸로 바꿔서 잘 쓰고 있어요. 이번에 재구매했네요. 다 쓰면 또 살거에요.,19.10.24.,5,재구매,0,종류: 08 교정칫솔-슬림형
8392,"두번째 주문입니다
교정용 주문이고 가격대비 좋아요.
일반모 미세모 선택도 좋습니다",19.10.28.,5,0,0,종류: 08 교정칫솔-슬림형
8393,괜찮아욯 모가 좀더 튼튼햇으면,19.11.09.,3,0,0,종류: 03 성인올슬림모-고급형(민감성)
8394,한달사용기재구매항상 쓰는거에요 이제 제일 질 닦여요,19.10.13.,5,재구매,한달사용기,종류: 03 성인올슬림모-고급형(민감성)
8395,"너무 좋아요
계속 이 제품 쓰고 있어용",19.11.08.,5,0,0,종류: 04 어린이올슬림모(24개월-6세)
8396,재구매싸고좋아요~~~~~!!!,19.11.17.,4,재구매,0,종류: 07 교정칫솔-일반형
8397,재구매교정한 상태에서 잘 쓰고 있어요! 병원 한달에 한번씩 갈때마다 칫솔 하나씩 주시는데 그거보다 더 빨리 닳아서 사서써요!,19.10.24.,5,재구매,0,종류: 08 교정칫솔-슬림형
8398,빠른배송 감사합니다~~,19.11.12.,5,0,0,종류: 00 성인일반모(단단한)
8399,빠른배송 감사합니다~~,19.11.12.,5,0,0,종류: 01 성인이중슬림모(보편적인)
8400,재구매배송 빠르고 사은품도 좋습니다,19.10.19.,5,재구매,0,0
8401,칫솔은 쏘쑈~~ 치간칫솔은 가격대비 만족,19.10.21.,4,0,0,종류: 07 교정칫솔-일반형
8402,한달사용기재구매좋아요~잘닦이고정말좋네요^^,19.11.07.,4,재구매,한달사용기,종류: 05 어린이이중슬림모(7세-10세)
8403,성인올슬림모는 손잡이가 짧긴하지만 며칠 써본결과 갠찮은거 같아요 ㅎㅎㅎ,19.10.13.,4,0,0,종류: 00 초미세모(매우부드러운)
8404,써보니 괜찮더라고요 많이 파세요,19.10.18.,5,0,0,종류: 01 성인이중슬림모(보편적인)
8405,써보니 괜찮더라고요 많이 파세요,19.10.18.,5,0,0,종류: 02 성인올슬림모-일반형(민감성)
8406,한달사용기잘 사용하고 있어요.,19.11.11.,5,0,한달사용기,종류: 00 초미세모(매우부드러운)
8407,괜찮아요 예전에쓰던거랑 비슷해요,19.11.08.,3,0,0,종류: 10 어금니-돔형
8408,좋아서 재구매합니다,19.11.10.,5,0,0,종류: 02 성인올슬림모-일반형(민감성)
8409,"한달사용기치과에사면 비싸서 구입했는데
가격대비 만족입니다!
개인적으로 교정할땐 일반보다 슬림형이 
잘닦이네요~",19.10.23.,4,0,한달사용기,종류: 08 교정칫솔-슬림형
8410,한달사용기부드럽고 가성비도 좋아요,19.10.19.,5,0,한달사용기,종류: 15 미소덴탈 숯올슬림모(민감성)
8411,재구매배송빠르고 포장도 좋습니다,19.10.19.,5,재구매,0,0
8412,한달사용기부드러움..칫솔모가 너무 부드러워..,19.11.09.,4,0,한달사용기,종류: 11 어금니-슬림형
8413,"잇몸에 자극적이지 않고 잘닦이네요~
만족합니다^^",19.10.31.,5,0,0,종류: 13 해피덴-비타민올슬림모(민감성)
8414,배송 빠르고 생각만큼 좋네요!!,19.11.09.,4,0,0,종류: 10 어금니-돔형
8415,재구매또 구 매 할 예 정,19.11.04.,3,재구매,0,종류: 03 성인올슬림모-고급형(민감성)
8416,이거 쓰면 확실히 깔끔하고 개운해요,19.10.17.,5,0,0,종류: 11 어금니-슬림형
8417,재구매가성비 좋아서 자주 교체 해서 쓰기 좋아요,19.10.16.,5,재구매,0,종류: 12 해피덴-비타민이중슬림모(보편적인)
8418,가성비 갑 품질 강추강추,19.10.22.,5,0,0,종류: 00 성인일반모(단단한)
8419,깨끗이 잘되고 재구매해야겠네요,19.11.07.,4,0,0,종류: 5-1 너구리올슬림모(24개월-6세)
8420,처음써보는거라 아직 모르겠지만~ 믿고 써봅니다,19.11.06.,5,0,0,종류: 05 어린이이중슬림모(7세-10세)
8421,"한달사용기한번씩 사용하고 버리고 있어요.
완전 별루ㅠㅠ",19.11.01.,1,0,한달사용기,종류: 00 성인일반모(단단한)
8422,익숙해지려면 좀 걸릴 것 같긴 한데 이빨 안쪽 닦기 좋아요,19.10.13.,4,0,0,종류: 10 어금니-돔형
8423,교정용 칫솔인데 일반형은 쓰던것 같고 슬림형은 좀더 부드러워요,19.10.13.,5,0,0,종류: 08 교정칫솔-슬림형
8424,청결하게 쓸수있게끔 캡도 씌워서 주네요,19.11.05.,5,0,0,종류: 08 교정칫솔-슬림형
8425,한달사용기이제는 이 칫솔밖에 못 쓰겠어요. 단단해서 이도 잘닦여요,19.10.30.,5,0,한달사용기,종류: 01 성인이중슬림모(보편적인)
8426,저렴하고 퀄리티 좋습니다 잘쓸께요,19.11.06.,5,0,0,종류: 01 성인이중슬림모(보편적인)
8427,솔직히 아직잘모르겠으나 플라보효과로어금니 충치가없어진느낌,19.11.01.,4,0,0,종류: 10 어금니-돔형
8428,교정 중이라 구입했는데 치과에서 샀던거보다는 별로지만 사용할 만 해요.,19.10.31.,4,0,0,종류: 07 교정칫솔-일반형
8429,괜찮네요..괜찮네요..,19.12.03.,5,0,0,종류: 12 해피덴-비타민이중슬림모(보편적인)
8430,괜찮네요..괜찮네요..,19.12.03.,5,0,0,종류: 10 어금니-돔형
8431,괜찮네요..괜찮네요..,19.12.03.,4,0,0,종류: 09 어금니-일반형
8432,모가 좀더 튼튼햇으면,19.11.09.,3,0,0,종류: 01 성인이중슬림모(보편적인)
8433,한달사용기잘닦이고좋아요잘닦이고좋아요잘닦이고 좋아요잘닦이고좋아요잘닦이고 좋아요,19.11.30.,5,0,한달사용기,종류: 01 성인이중슬림모(보편적인)
8434,전에  한번 아이가 썼는데  다른칫솔에비해 쯤더 오래쓰는기분이예요  칫솔모는   부드러운 편이예요,19.10.29.,4,0,0,종류: 05 어린이이중슬림모(7세-10세)
8435,원래 사용하던 제품들,19.11.02.,5,0,0,종류: 11 어금니-슬림형
8436,원래 잘 사용하던 제품,19.11.02.,5,0,0,종류: 02 성인올슬림모-일반형(민감성)
8437,한달사용기재구매계속 재구매 꿀턱ㅁ,19.10.23.,5,재구매,한달사용기,종류: 03 성인올슬림모-고급형(민감성)
8438,재구매너무 저렴하고 부드럽고 좋아용,19.10.17.,5,재구매,0,종류: 03 성인올슬림모-고급형(민감성)
8439,재구매또 구 매  예 정,19.11.04.,3,재구매,0,종류: 08 교정칫솔-슬림형
8440,재구매또 구 매 예  정,19.11.04.,3,재구매,0,종류: 01 성인이중슬림모(보편적인)
8441,사용해으봐야 알겠지만 괜찮은것 같아요,19.10.15.,3,0,0,종류: 05 어린이이중슬림모(7세-10세)
8442,"기존쓰던 칫솔이 거친느낌이라 잇몸에 자극이가서 바꿨어요
부드럽고 좋은거같아요 :)",19.10.26.,5,0,0,종류: 03 성인올슬림모-고급형(민감성)
8443,배송도 빠르고 좋아요!,19.11.09.,5,0,0,종류: 07 교정칫솔-일반형
8444,이게 제일 쓰기좋아요,19.11.08.,4,0,0,종류: 03 성인올슬림모-고급형(민감성)
8445,아직 사용전이에요 잘 쓸께요,19.11.01.,4,0,0,종류: 01 성인이중슬림모(보편적인)
8446,어금니용으로 샀는데 잘 닦이는거같아서 만족합니다~~,19.10.13.,4,0,0,종류: 09 어금니-일반형
8447,어금니용으로 샀는데 잘 닦이는거같아서 만족합니다~~,19.10.13.,4,0,0,종류: 10 어금니-돔형
8448,아주좋습니다 다시구매의사있습니다,19.10.15.,5,0,0,종류: 01 성인이중슬림모(보편적인)
8449,한달사용기꼼꼼이 잘 닦여요 아이들도 잘쓰고 있어요,19.11.01.,4,0,한달사용기,종류: 03 성인올슬림모-고급형(민감성)
8450,모가 부드러워요! 만족합니다,19.11.02.,5,0,0,종류: 08 교정칫솔-슬림형
8451,조아요 조아요 조아요,19.11.12.,3,0,0,종류: 01 성인이중슬림모(보편적인)
8452,써보진 않았지만 기대됩니다~,19.11.06.,5,0,0,종류: 01 성인이중슬림모(보편적인)
8453,재구매교정 중에 사용하기 좋은 칫솔입니다. :D,19.11.05.,5,재구매,0,종류: 03 성인올슬림모-고급형(민감성)
8454,고양이 칫솔로 좋아요~~=,19.11.09.,5,0,0,종류: 06 유아올슬림모(13개월-36개월)
8455,"노란색 받았습니다.
요거 색감이랑 겉재질?이랑 디자인(디자인적 디테일)이 각각 다 조금씩 별로긴 한데 그래도 기능은 참 좋네요. 

다음에 칫솔 사야한다면 여기서 사야겠네요. 치과는 무조건 하나에 2000원이나 3000원.. 이제는 10000원에 팔더라구요.",19.10.14.,5,0,0,종류: 00 성인일반모(단단한)
8456,좋아요 좋아요~또 구매할께요^^,19.11.07.,5,0,0,종류: 05 어린이이중슬림모(7세-10세)
8457,아이가 교정을 하여 치과에서 파는 칫솔이 비싸 주문했는데 똑같아요~ 저렴하게 잘 샀네요,19.10.23.,4,0,0,종류: 07 교정칫솔-일반형
8458,"치아교정중에 사용하려고 구입했는데, 생각보다 모다 단단해서 힘있게 칫솔질을 하기에는 부담이 있습니다. 그리고 제가 상품군에서 못 본거겠지만, 미니캡도 있었스면 합니다.",19.10.14.,3,0,0,종류: 09 어금니-일반형
8459,저렴한 가격에 미세모 상태도 좋습니다.,19.11.04.,5,0,0,종류: 00 초미세모(매우부드러운)
8460,빠른 배송 양호한 품질 만족합니다~,19.11.05.,5,0,0,종류: 10 어금니-돔형
8461,1번 너무 부드러워 잘안딱님 암환자임산부용 3번 이중슬림모 적당,19.10.12.,5,0,0,종류: 00 초미세모(매우부드러운)
8462,그동안썼던 칫솔과는 차원이다르네요~,19.10.08.,5,0,0,종류: 10 어금니-돔형
8463,좋아요. 재구매했습니다.,19.11.03.,5,0,0,종류: 03 성인올슬림모-고급형(민감성)
8464,한달사용기좋아서 계속 재구매해서 쓰고있어요~,19.11.04.,5,0,한달사용기,종류: 03 성인올슬림모-고급형(민감성)
8465,잘딱임  져아여 ㅎ,19.11.09.,5,0,0,종류: 09 어금니-일반형
8466,치과에서 잇몸치료받고 쓰려고 구매했는데 부드럽고 좋아요^^,19.10.31.,5,0,0,종류: 03 성인올슬림모-고급형(민감성)
8467,배송도 빠르고 좋아요,19.10.17.,5,0,0,종류: 09 어금니-일반형
8468,배송도 빠르고 좋아요,19.10.17.,5,0,0,종류: 11 어금니-슬림형
8469,배송도 빠르고 좋네요,19.10.17.,5,0,0,종류: 10 어금니-돔형
8470,배송도 빠르고 좋네요,19.10.17.,5,0,0,종류: 04 어린이올슬림모(24개월-6세)
8471,한달사용기만족합니다. 양치가 개운하게 되요,19.10.30.,5,0,한달사용기,종류: 01 성인이중슬림모(보편적인)
8472,"잘받았습니다
괜찮은것같아요",19.10.15.,3,0,0,종류: 11 어금니-슬림형
8473,"늘 구매하는 상품.
이것만한 칫솔이 없네요",19.10.13.,5,0,0,종류: 01 성인이중슬림모(보편적인)
8474,어금니까지 양치까지 할수 있어서 느무 좋아요.,19.11.03.,4,0,0,종류: 09 어금니-일반형
8475,전에잔동치솔을 사용했는데 어금니칫솔질이 보다세밀하게 할수있네요.,19.10.29.,4,0,0,종류: 13 해피덴-비타민올슬림모(민감성)
8476,어금니 칫솔이 생각보다 작아서 놀랐지만 써보니 작은게 더 좋네요 자세한건 한달 더 사용해봐야 알 것 같네요ㅎㅎ,19.10.25.,4,0,0,종류: 09 어금니-일반형
8477,"칫솔을 교체해야되서 구매합니다
리뷰보고 구입했어요~",19.10.11.,3,0,0,종류: 03 성인올슬림모-고급형(민감성)
8478,한달사용기재구매잘쓰고있습니다~~잘닦이고좋아요^^,19.11.07.,4,재구매,한달사용기,종류: 03 성인올슬림모-고급형(민감성)
8479,한달사용기재구매잘쓰고있어요 아기가 잘물어서 자주 갈아주고 있는데 저렴해서 부담없네요,19.10.30.,5,재구매,한달사용기,종류: 04 어린이올슬림모(24개월-6세)
8480,항상 쓰던거라 믿고 재구매했어요^^,19.11.04.,5,0,0,종류: 03 성인올슬림모-고급형(민감성)
8481,항상 쓰던거라 믿고 재구매했어요^^,19.11.04.,5,0,0,종류: 05 어린이이중슬림모(7세-10세)
8482,"시댁 갔다가 어머님이 추천해주셔서 써보고 구매했어요
손잡이도 미끄럽지않고 칫솔모도 작아서 안쪽까지 잘 닦이고 좋은거 같아요
2만원이상 무료배송이라 딱 2만원치 구매했어요 ㅎ
혀클리너도 서비스로 주셨네요 ㅎ 감사합니다~",19.09.19.,5,0,0,종류: 01 성인이중슬림모(보편적인)
8483,치실이 잘 안닿는 어금니뒤쪽 닦으려고 샀고 처음사용해봐서 어색한데 쓸만한거 같아요!,19.10.26.,5,0,0,종류: 10 어금니-돔형
8484,양치 열심히 하는 중,19.10.17.,5,0,0,종류: 09 어금니-일반형
8485,재구매배송빠르고 만족합니다,19.11.05.,4,재구매,0,종류: 03 성인올슬림모-고급형(민감성)
8486,배송도 빠르고 칫솔모 부드러움이 정말 좋네요 각 칫솔마다 캡도 씌워져있고 가격도 저렴하고 앞으로 계속 이용할듯요,19.10.19.,5,0,0,종류: 01 성인이중슬림모(보편적인)
8487,항상 쓰던거라 믿고 재구매 했어요.^^,19.11.04.,5,0,0,종류: 01 성인이중슬림모(보편적인)
8488,"예전에는 치과에서 구매하다가 저번에 한번 구매하고 나서
이제는 여기에서 저렴한 가격에 좋은 칫솔 잘 사용하고 있습니다",19.10.25.,5,0,0,종류: 03 성인올슬림모-고급형(민감성)
8489,부드러워 사용감 좋습니다.잇몸상처기 잦아 칫솔을 자주 교체하기에 이것저것 많이 사용해봤는데 이만한게 없네요. 제품좋고 가격도 좋아 쭉 재구매 할 예정입니다.,19.10.13.,5,0,0,종류: 01 성인이중슬림모(보편적인)
8490,한달사용기당분간은  칫솔 걱정없이 잘사용할께요,19.10.12.,5,0,한달사용기,종류: 02 성인올슬림모-일반형(민감성)
8491,아직은 안써봐서 모르지만 저렴해서 마니사놨어요,19.10.31.,3,0,0,종류: 07 교정칫솔-일반형
8492,한달사용기좋은거같아여 수고하세요,19.11.04.,5,0,한달사용기,종류: 01 성인이중슬림모(보편적인)
8493,부드럽게 양치할 수 있어 좋아요,19.11.03.,5,0,0,종류: 01 성인이중슬림모(보편적인)
8494,배송도 빠르고 물건도 조아요,19.11.05.,5,0,0,종류: 00 초미세모(매우부드러운)
8495,배송도 빠르고 물건도 조아요,19.11.05.,5,0,0,종류: 5-2 너구리이중슬림모(7세-10세)
8496,"깔끔하게 배송왔습니다.
잇몸에 무리안가는 칫솔 사서 기분좋아요",19.10.08.,5,0,0,종류: 02 성인올슬림모-일반형(민감성)
8497,재구매항상 사용하고있습니다 감사합니다,19.11.02.,5,재구매,0,종류: 03 성인올슬림모-고급형(민감성)
8498,한달사용기좋습니다 다만 제가 느끼기엔 좀 부드러워서 더 뻣뻣한 칫솔종류가 나왔으면 좋곘어요,19.10.27.,4,0,한달사용기,종류: 00 성인일반모(단단한)
8499,아이가 치과 교정중이라 계속 사용하던 칫솔 주문또했습니다 약국에서 사면 비싼지라...여기서 20개씩 주문해놓고 쓰고 있어요 이번엔 일반칫솔도 어른들이 쓰려고 사놧는데 어떨지 기대되네요ㅎㅎ,19.10.11.,5,0,0,종류: 08 교정칫솔-슬림형
8500,재구매감사합니다 감사합니다,19.11.27.,5,재구매,0,종류: 01 성인이중슬림모(보편적인)
8501,기분인지모르겠지만 치아가좋아진느낌,19.11.01.,4,0,0,종류: 01 성인이중슬림모(보편적인)
8502,재구매두번째 구매입니다 써보니 좋습니다,19.10.12.,5,재구매,0,종류: 01 성인이중슬림모(보편적인)
8503,가격대비 부드럽고 잇몸에 무리가 안가서 좋았습니다.,19.10.30.,5,0,0,종류: 03 성인올슬림모-고급형(민감성)
8504,재구매재구매했어요. 잘 사용하고 있습니다.,19.10.28.,4,재구매,0,종류: 03 성인올슬림모-고급형(민감성)
8505,저렴하고 사용감이 나쁘지않아서 재구매했어요,19.10.30.,4,0,0,종류: 08 교정칫솔-슬림형
8506,가격도 착하고 괜찮았어요,19.11.03.,3,0,0,종류: 00 성인일반모(단단한)
8507,처음 샀는데 이제 써봐야죠,19.11.03.,3,0,0,종류: 05 어린이이중슬림모(7세-10세)
8508,"한달사용기잘사용하고있어요
사용편리하고 컬러가 다양하면 좋겠네요
식구가 6명이라..중복안되게...",19.10.03.,5,0,한달사용기,종류: 12 해피덴-비타민이중슬림모(보편적인)
8509,부드럽고 양치하기 편해요,19.11.03.,5,0,0,종류: 00 초미세모(매우부드러운)
8510,부드럽고 양치하기 편해요,19.11.03.,5,0,0,종류: 05 어린이이중슬림모(7세-10세)
8511,만족합니다만족합니다 만족합니다 만족합니다만족합니다 만족합니다 만족합니다만족합니다 만족합니다 만족합니다,19.11.04.,5,0,0,종류: 10 어금니-돔형
8512,만족합니다만족합니다 만족합니다 만족합니다만족합니다 만족합니다 만족합니다만족합니다 만족합니다 만족합니다,19.11.04.,5,0,0,종류: 5-2 너구리이중슬림모(7세-10세)
8513,만족합니다만족합니다 만족합니다 만족합니다만족합니다 만족합니다 만족합니다만족합니다 만족합니다 만족합니다,19.11.04.,5,0,0,종류: 01 성인이중슬림모(보편적인)
8514,만족합니다만족합니다 만족합니다 만족합니다만족합니다 만족합니다 만족합니다만족합니다 만족합니다 만족합니다,19.11.04.,5,0,0,종류: 03 성인올슬림모-고급형(민감성)
8515,만족합니다만족합니다 만족합니다 만족합니다만족합니다 만족합니다 만족합니다만족합니다 만족합니다 만족합니다,19.11.04.,5,0,0,종류: 05 어린이이중슬림모(7세-10세)
8516,슥슥 잘 닦이는기분이고 소리도 좋아요 즐겁네요 양치하는게,19.10.08.,5,0,0,0
8517,치과칫솔이라던데  마니 부드러운모는 아닌듯해요,19.10.29.,3,0,0,종류: 02 성인올슬림모-일반형(민감성)
8518,한달사용기사용해보니 좋아요 맘에 들어요,19.11.03.,4,0,한달사용기,종류: 10 어금니-돔형
8519,무난한 칫솔입니당!,19.11.05.,5,0,0,종류: 01 성인이중슬림모(보편적인)
8520,나쁘지 않아요 그냥저냥,19.11.03.,3,0,0,종류: 11 어금니-슬림형
8521,재구매가격대비 사용하기 좋아요..,19.11.04.,4,재구매,0,종류: 10 어금니-돔형
8522,"한달사용기국산치솔이라
믿고구매했어요",19.10.12.,5,0,한달사용기,종류: 01 성인이중슬림모(보편적인)
8523,일반 칫솔모에 비해서 확실히 치과용 칫솔이 남달릅니다.. ㅎㅎ,19.10.29.,3,0,0,종류: 01 성인이중슬림모(보편적인)
8524,한달사용기칫솔모가 좀작아서 당황했으나 적응돼서 잘닦고있어요 이따끔씩 모가 한두개씩빠져서 별하나뺐어요,19.10.22.,4,0,한달사용기,종류: 03 성인올슬림모-고급형(민감성)
8525,아주아주부드러워요~~,19.11.25.,3,0,0,종류: 13 해피덴-비타민올슬림모(민감성)
8526,조금부드러우나 건강해진느낌,19.11.01.,4,0,0,종류: 15 미소덴탈 숯올슬림모(민감성)
8527,잇몸에 무리가 안가는 가성비 좋은 칫솔,19.10.30.,5,0,0,0
8528,"교정때매
사이사이 닦기에 아주 좋아요",19.10.30.,5,0,0,종류: 10 어금니-돔형
8529,칫솔머리도 작고 부드럽네요,19.11.01.,4,0,0,종류: 03 성인올슬림모-고급형(민감성)
8530,좀 허접하긴한데 그냥 쓸만해여,19.10.31.,4,0,0,종류: 03 성인올슬림모-고급형(민감성)
8531,재구매가성비짱조아요옹ㅇ <~,19.10.13.,5,재구매,0,종류: 08 교정칫솔-슬림형
8532,아이꺼 주문만 해봤는데 이번엔 제것도 같이 주문했어요 우선 낱개로 몇개만 써보려구요,19.09.28.,5,0,0,종류: 01 성인이중슬림모(보편적인)
8533,좋은것 같아요 잘 닦이는것 같아요,19.11.03.,5,0,0,종류: 09 어금니-일반형
8534,저렴한 가격에 좋은 제품이네요,19.10.31.,5,0,0,종류: 01 성인이중슬림모(보편적인)
8535,저렴한 가격에 좋은 제품이네요,19.10.31.,5,0,0,종류: 10 어금니-돔형
8536,한달사용기이것저것 다 써봤는데 이 칫솔이 제일 좋아요,19.10.30.,5,0,한달사용기,종류: 00 성인일반모(단단한)
8537,아기용 사용하기 좋은듯,19.10.12.,5,0,0,종류: 06 유아올슬림모(13개월-36개월)
8538,한달사용기치솔이 부드럽고 잘 닦이는 기분입니다. 잘 사용하고 또 재구매할께요. 감사합니다.,19.09.29.,4,0,한달사용기,종류: 02 성인올슬림모-일반형(민감성)
8539,잇몸 안좋아 주문했는데 부드럽고 좋아요~,19.10.31.,5,0,0,종류: 02 성인올슬림모-일반형(민감성)
8540,한달사용기가격이 저렴해서 만족합니다! 뻣뻣하긴하나 좋아요~,19.10.23.,4,0,한달사용기,종류: 07 교정칫솔-일반형
8541,배송도 빠르고 서비스로 주신 것도 잘 받았어요,19.10.29.,4,0,0,종류: 02 성인올슬림모-일반형(민감성)
8542,배송 품질 가격 모두 만족합니다,19.10.31.,5,0,0,종류: 03 성인올슬림모-고급형(민감성)
8543,배송  품질 가격 모두 만족합니다,19.10.31.,5,0,0,종류: 02 성인올슬림모-일반형(민감성)
8544,배송 품질 가격 모두 만족합니다,19.10.31.,5,0,0,종류: 01 성인이중슬림모(보편적인)
8545,배송 품질 가격 모두 만족합니다,19.10.31.,5,0,0,종류: 00 초미세모(매우부드러운)
8546,교정하는동안 걱정없이 쓰게 쟁여놨어요 만족해용!!,19.10.02.,5,0,0,종류: 08 교정칫솔-슬림형
8547,항상 쓰던거라 좋아요,19.11.01.,5,0,0,종류: 03 성인올슬림모-고급형(민감성)
8548,항상 쓰던거라 좋아요,19.11.01.,5,0,0,종류: 04 어린이올슬림모(24개월-6세)
8549,좋아용 잘쓸게여 ㅋㅋ,19.11.04.,5,0,0,종류: 01 성인이중슬림모(보편적인)
8550,편하고 좋넹~ 사무실에서 사용하려고 주문했어요!!,19.10.21.,5,0,0,종류: 03 성인올슬림모-고급형(민감성)
8551,아직 사용 전인데 포장을 엄청 꼼꼼하게 하셨네요 구강용품이라 신경을 많이 쓰신거 같아요~ 아이것도 부드러운것 같네요 사용해보고 후기 또 올릴게요!,19.09.21.,4,0,0,종류: 01 성인이중슬림모(보편적인)
8552,배송  칫솔  모두 만족합니다,19.10.31.,5,0,0,종류: 10 어금니-돔형
8553,민감형보단 일반형이 제겐 더 잘 맞는 것 같습니다.잇몸상처없이 부드럽게 잘 닦이는게 만족스럽습니다.재구매의사 있습니다.,19.10.13.,5,0,0,종류: 02 성인올슬림모-일반형(민감성)
8554,재구매잘받았습니다 매번쓰던거라 또시켰어요,19.10.07.,5,재구매,0,종류: 00 성인일반모(단단한)
8555,재구매항상 사용합니다 감사합니다,19.11.02.,5,재구매,0,종류: 01 성인이중슬림모(보편적인)
8556,한달사용기재구매동생이 써요 싸게 잘삿어요,19.10.27.,5,재구매,한달사용기,종류: 08 교정칫솔-슬림형
8557,한달사용기매번 같은 칫솔 구입해서 쓰게되네요,19.10.29.,5,0,한달사용기,종류: 03 성인올슬림모-고급형(민감성)
8558,네 져아요 미세모 ㅎㅎㅎ,19.11.04.,4,0,0,종류: 01 성인이중슬림모(보편적인)
8559,재구매계속구매중이예요좋아요,19.10.10.,5,재구매,0,종류: 04 어린이올슬림모(24개월-6세)
8560,치과칫솔이라 그런지 좋은거 같아요,19.10.29.,5,0,0,종류: 00 초미세모(매우부드러운)
8561,캿태ㅛ리ㅛ포춋ㅇ7ㅌ샷ㅌ,19.11.29.,4,0,0,종류: 05 어린이이중슬림모(7세-10세)
8562,칫솔 브너쉬끝이 좀 두꺼운감이 있어 좀 아쉽지만 쓰기에 적당합니다,19.10.26.,4,0,0,종류: 03 성인올슬림모-고급형(민감성)
8563,빠른배송 감사합니다ㅎ,19.11.01.,5,0,0,종류: 01 성인이중슬림모(보편적인)
8564,평소쓰던거라괜찮아요,19.10.10.,5,0,0,종류: 00 초미세모(매우부드러운)
8565,"추천받고 주문해봤어요
생각보다 부드러운데 그만큼 탄탄했음 좋겠어요",19.10.24.,4,0,0,종류: 5-1 너구리올슬림모(24개월-6세)
8566,"잘받있습니다
잘쓸게요",19.10.11.,3,0,0,종류: 01 성인이중슬림모(보편적인)
8567,교정하는데 꼼꼼하게 닦기 좋네요 완전 만족해요,19.10.02.,5,0,0,종류: 10 어금니-돔형
8568,재구매잘사용하고있어요배송드ㅡ빨라요,19.10.10.,4,재구매,0,종류: 03 성인올슬림모-고급형(민감성)
8569,"칫솔브러쉬끝이 두꺼운감이 있지만
쓰기에 적당합니다",19.10.26.,4,0,0,종류: 00 성인일반모(단단한)
8570,너무좋아서 바로 가족선물드렸습니다.,19.10.08.,5,0,0,종류: 00 초미세모(매우부드러운)
8571,"2개 시켰는데 보라색 한개는 불량이네요
그래도 가격에 비하면 완전 만족합니다
칫솔모도 품질 좋고 부드럽더라구요!
별 하나 뺀 이유는 보라색은 제가 가위로 잘랐다 망해서 ㅠ 하나 뺐습니다",19.09.17.,4,0,0,종류: 08 교정칫솔-슬림형
8572,잘 쓰고 있어요 ㅎㅎ,19.11.03.,3,0,0,종류: 01 성인이중슬림모(보편적인)
8573,😊😁😁😁😁😁😁😁😁,19.11.08.,4,0,0,종류: 01 성인이중슬림모(보편적인)
8574,가격도 저렴하고 빠른배송해주셔서 고맙습니다,19.10.05.,5,0,0,종류: 01 성인이중슬림모(보편적인)
8575,재구매교정중인데 여기고 사용하고있습니다. 1달쓰고 바꾸고하는중입니다.,19.10.24.,4,재구매,0,종류: 07 교정칫솔-일반형
8576,이중미세모라서 좋아요,19.10.09.,5,0,0,종류: 01 성인이중슬림모(보편적인)
8577,교정용 칫솔 사면서 함께 구매했는데 일반칫솔보다 잘 닦이고 좋아요,19.10.23.,4,0,0,종류: 01 성인이중슬림모(보편적인)
8578,색깔별로 쓸수있어서 좋아요,19.10.29.,5,0,0,종류: 03 성인올슬림모-고급형(민감성)
8579,"한달사용기치과에서 구입한것과 퀄리티가 비슷하거나 같은거같아요
잘쓰고 있습니다.",19.10.21.,5,0,한달사용기,종류: 10 어금니-돔형
8580,"한달사용기치과에서 구입한것과 퀄리티가 비슷하거나 같은거같아요
잘쓰고 있습니다.",19.10.21.,5,0,한달사용기,종류: 11 어금니-슬림형
8581,"리평이 좋은것같아 주문해봅니다
잘쓰겠습니다~~",19.10.26.,4,0,0,종류: 01 성인이중슬림모(보편적인)
8582,아주만족합니다.가격좋고 상품좋아요,19.10.22.,5,0,0,종류: 05 어린이이중슬림모(7세-10세)
8583,한달사용기칫솔이 ㅂ 부드럽고 잘 닦이는 기분입니다. 치실도 잘 되네요.  감사합니다.,19.09.29.,4,0,한달사용기,종류: 01 성인이중슬림모(보편적인)
8584,좋아요좋아요좋아요좋아요,19.11.22.,4,0,0,종류: 10 어금니-돔형
8585,저렴히 구매해서 살짝 걱정이 있었는데 너무 잘 닦이고 부드러워 만족스럽습니다. 재구매의사있어요.,19.10.13.,5,0,0,종류: 05 어린이이중슬림모(7세-10세)
8586,항상쓰던제품 어금니도 잘 닦여요,19.10.27.,4,0,0,종류: 03 성인올슬림모-고급형(민감성)
8587,좋아요좋아요좋아요좋아요~,19.11.22.,4,0,0,종류: 09 어금니-일반형
8588,꼼꼼하게 포장해주시고 가격도 저렴합니다,19.10.05.,5,0,0,종류: 04 어린이올슬림모(24개월-6세)
8589,한달사용기어금니 돔형 너무 좋네요 상쾌해요,19.10.29.,5,0,한달사용기,종류: 07 교정칫솔-일반형
8590,"솔도부드럽고 배송도빠릅니다
만족해요",19.10.26.,4,0,0,종류: 01 성인이중슬림모(보편적인)
8591,치과에서  사용하는 칫솔 기대되네요,19.10.26.,5,0,0,종류: 03 성인올슬림모-고급형(민감성)
8592,치과에서  사용하는 칫솔 기대되네요,19.10.26.,5,0,0,종류: 01 성인이중슬림모(보편적인)
8593,치과에서  사용하는 칫솔 기대되네요,19.10.26.,5,0,0,종류: 00 초미세모(매우부드러운)
8594,치과에서 사용하는칫솔 기대되네요,19.10.26.,5,0,0,종류: 05 어린이이중슬림모(7세-10세)
8595,만족합니다 헣ㅇㅍㅎ,19.11.07.,4,0,0,종류: 02 성인올슬림모-일반형(민감성)
8596,이제 이 칫솔만 시킬 예정입니다 아이것이나 어른것이나 좋네요,19.10.03.,5,0,0,종류: 01 성인이중슬림모(보편적인)
8597,"이거 칫솔 물건입니다~~~
시중에서 파는거 살려면 이거싸니깐 먼저 몇개 써보고 사새요~일단 헤드가 작아서 야무지게 닦이고 칫솔모도 적당히 부드럽고 탄탄해서 양치하고 개운했어요!",19.10.11.,5,0,0,종류: 03 성인올슬림모-고급형(민감성)
8598,"한달사용기사용감도 좋아용, ,",19.11.01.,5,0,한달사용기,종류: 10 어금니-돔형
8599,재구매두번째 구매인데 좋습니다,19.10.28.,5,재구매,0,종류: 03 성인올슬림모-고급형(민감성)
8600,부드러워서 잘 닦여요.양치후 개운합니다,19.10.21.,5,0,0,종류: 00 초미세모(매우부드러운)
8601,조아요 배송이 빠르고 조아요,19.10.27.,5,0,0,종류: 01 성인이중슬림모(보편적인)
8602,조아요 배송이 빠르고 조아요,19.10.27.,5,0,0,종류: 00 성인일반모(단단한)
8603,이전 쓰던 이중모 보다 좀 더 힘이 있는거 같아 맘에 들어요,19.10.02.,4,0,0,종류: 01 성인이중슬림모(보편적인)
8604,쏘쏘합니다. 왠지 어금이가 다 안닦이는 느낌이 들기도 하고.. 아무래도 제가 일반모로 사서 그런 것 같아요. 다음엔 둥근모로 써봐야겠습니다ㅠㅠ,19.10.09.,3,0,0,종류: 00 성인일반모(단단한)
8605,"한달사용기아~~리뷰가 좋아서 사긴했는데 ..저랑은 안맞네요. 구석구석 닦이는 느낌이 없어요
칫솔 머리도 커서 맨 구석  어금니도 잘 안닿구요.",19.10.12.,3,0,한달사용기,종류: 01 성인이중슬림모(보편적인)
8606,"칫솔 좋습니다. 
재구매 하면서 어린이 칫솔도 추가로 샀네요",19.10.24.,5,0,0,종류: 05 어린이이중슬림모(7세-10세)
8607,좋아 좋아 좋아 좋아 좋아,19.11.21.,5,0,0,종류: 03 성인올슬림모-고급형(민감성)
8608,부드러워서 초등학생도 쓰기좋아요,19.10.26.,4,0,0,종류: 01 성인이중슬림모(보편적인)
8609,"솔이 조금 작지만 잘 닦이는것 같아요
좋아요",19.10.26.,5,0,0,종류: 03 성인올슬림모-고급형(민감성)
8610,처음 어금니 칫솔을 구매하게 되어서 그런지 손이 잘 안 가네요. 그래두 좋아 보입니다.,19.10.14.,4,0,0,종류: 09 어금니-일반형
8611,재구매항상 쓰던거 부드럽고 좋아요,19.10.27.,5,재구매,0,종류: 03 성인올슬림모-고급형(민감성)
8612,"견고하고 품질이 좋아보여요! 
다만 솔의 사이즈가 더 큰게 있었으면 좋겠어여 ㅠㅠ 한싸이즈만 컸으면 하는 바람!",19.09.20.,4,0,0,종류: 10 어금니-돔형
8613,한달사용기재구매저렴한가격 정말좋아요,19.10.07.,5,재구매,한달사용기,종류: 03 성인올슬림모-고급형(민감성)
8614,한달사용기재구매저렴한가격 정말좋아요,19.10.07.,5,재구매,한달사용기,종류: 00 초미세모(매우부드러운)
8615,한달사용기재구매저렴한가격 정말좋아요,19.10.07.,5,재구매,한달사용기,종류: 00 성인일반모(단단한)
8616,한달사용기재구매저렴한가격 정말좋아요,19.10.07.,5,재구매,한달사용기,종류: 01 성인이중슬림모(보편적인)
8617,한달사용기좋아요 아주아주 좋아요 아주아주 좋아요 아주아주 좋아요 아주아주 좋아요 아주아주 좋아요 아주아주 좋아요 아주아주 좋아요 아주아주 좋아요 아주아주 좋아요 아주아주 좋아요,19.11.17.,5,0,한달사용기,종류: 03 성인올슬림모-고급형(민감성)
8618,"양치할때 솔이 부드러워요 
칫솔모가 원래 사용했던 것보다 작아서
어색한데 구석구석 잘닦여요
잇몸에 무리도 안가구 좋네요",19.09.19.,4,0,0,종류: 03 성인올슬림모-고급형(민감성)
8619,"두번쩨 구매입니다. 
가격대비 너무 좋습니다",19.10.25.,5,0,0,종류: 01 성인이중슬림모(보편적인)
8620,"상품평보단 마니 별루에요
치간사이 안닦이네요",19.10.18.,1,0,0,종류: 01 성인이중슬림모(보편적인)
8621,전에 쓰던거라 재 구매합니다! 솔 넓이가 작어서 구서구석 잘 딱여요!,19.09.25.,5,0,0,종류: 03 성인올슬림모-고급형(민감성)
8622,머리부분이 작아 맘에듭니다,19.10.27.,4,0,0,종류: 01 성인이중슬림모(보편적인)
8623,머리부분이 작아 맘에듭니다,19.10.27.,4,0,0,종류: 03 성인올슬림모-고급형(민감성)
8624,머리부분이 작아 맘에듭니다,19.10.27.,4,0,0,종류: 05 어린이이중슬림모(7세-10세)
8625,죠아용 두번째 사서 써요! 교정하는 친구도 좋다고 하네요~,19.10.18.,5,0,0,종류: 08 교정칫솔-슬림형
8626,처음 사용해보는데  구석구석  치아에 잔여물이  깨끗하게   닦을수있어  좋으네요.,19.10.19.,5,0,0,종류: 10 어금니-돔형
8627,한달사용기좋아요 아주아주 좋아요 아주아주 좋아요 아주아주 좋아요 아주아주 좋아요 아주아주 좋아요 아주아주 좋아요 아주아주 좋아요 아주아주 좋아요 아주아주 좋아요,19.11.17.,5,0,한달사용기,종류: 00 초미세모(매우부드러운)
8628,너무너무너무만족해요,19.11.19.,5,0,0,종류: 01 성인이중슬림모(보편적인)
8629,한달사용기좋은제품 감사합니다 ^^,19.10.29.,5,0,한달사용기,종류: 01 성인이중슬림모(보편적인)
8630,한달사용기좋은제품 감사합니다 ^^,19.10.29.,5,0,한달사용기,종류: 00 초미세모(매우부드러운)
8631,한달사용기좋은제품 감사합니다 ^^,19.10.29.,5,0,한달사용기,종류: 11 어금니-슬림형
8632,한달사용기좋은제품 감사합니다 ^^,19.10.29.,5,0,한달사용기,종류: 10 어금니-돔형
8633,한달사용기좋은제품 감사합니다 ^^,19.10.29.,5,0,한달사용기,종류: 09 어금니-일반형
8634,한달사용기좋은제품 감사합니다 ^^,19.10.29.,5,0,한달사용기,종류: 02 성인올슬림모-일반형(민감성)
8635,혀클리너 감사합니다.,19.10.08.,5,0,0,종류: 03 성인올슬림모-고급형(민감성)
8636,치과보다 훨씬 저렴해서 좋아요,19.10.26.,5,0,0,종류: 08 교정칫솔-슬림형
8637,배송 빠르고 후기가 좋아 바로 구매했습니다. 어금니가 상하기 쉬운 치아인데 열심히 관리할 예정입니다.,19.10.12.,5,0,0,종류: 11 어금니-슬림형
8638,사진과 똑같고 잘 닦이고 좋아요!,19.10.05.,5,0,0,종류: 09 어금니-일반형
8639,아직 사용전이라 잘모르겠지만 잘싸볼게요~*,19.10.05.,4,0,0,종류: 03 성인올슬림모-고급형(민감성)
8640,가성비ㅎ좋아요ㅎㅎㅎ,19.10.27.,5,0,0,종류: 03 성인올슬림모-고급형(민감성)
8641,냥이들 치아관리에 최고,19.10.27.,5,0,0,종류: 09 어금니-일반형
8642,"한달사용기한달쓰기용.
나쁘다는거아니고, 많이 사놓고 쓰니까 교체하기좋고 모질도 가성비갑",19.10.18.,5,0,한달사용기,종류: 01 성인이중슬림모(보편적인)
8643,"한달사용기가족이사용할거라
여기저기검색해서
후기좋은상품으로사용하고있어요",19.10.12.,5,0,한달사용기,종류: 00 성인일반모(단단한)
8644,재구매자주쓰는데 교정하시는분 슬림말고 일반형 추천해요,19.10.01.,5,재구매,0,0
8645,만족합니다 이제 칫솔은 무조건 여기서 삽니다,19.10.02.,5,0,0,종류: 03 성인올슬림모-고급형(민감성)
8646,아직 안 써봤는데 그래두 별점 납깁니다. 단단한 성인용 칫솔은 좋았아요.,19.10.14.,4,0,0,종류: 14 미소덴탈 금올슬림모(민감성)
8647,재구매좋아요 늘 쓰던 제품이라 좋아요^^,19.11.17.,5,재구매,0,종류: 14 미소덴탈 금올슬림모(민감성)
8648,사용전이지만 평이좋아 사보았여요,19.10.23.,4,0,0,종류: 02 성인올슬림모-일반형(민감성)
8649,"치아교정중에 사용하려고 구입했는데, 생각보다 모다 단단해서 힘있게 칫솔질을 하기에는 부담이 있습니다.",19.10.14.,3,0,0,종류: 10 어금니-돔형
8650,한달사용기어금니 구석구석 닦을수있어서 좋아요,19.10.23.,3,0,한달사용기,종류: 09 어금니-일반형
8651,아직 안 써봤는데 좋을듯 합니다. 단단한 모 옵션의 칫솔은 좋았습니다. 굿굿,19.10.14.,5,0,0,종류: 01 성인이중슬림모(보편적인)
8652,배송이 빠르고 칫솔 튼튼해요,19.10.25.,5,0,0,종류: 10 어금니-돔형
8653,치솔모가 부드럽고 크기가 작아서 사용감 좋아요,19.10.02.,5,0,0,종류: 02 성인올슬림모-일반형(민감성)
8654,솔도 부드럽고 잘 사용하고 있습니다 감사합니다빨리 보내주셔서,19.10.19.,5,0,0,종류: 02 성인올슬림모-일반형(민감성)
8655,좋습니다~부드러워요!,19.10.08.,5,0,0,종류: 01 성인이중슬림모(보편적인)
8656,잇몸이   자주들떠   예민한데  칫솔모가 부드러워  자극없이 좋으네요.,19.10.19.,5,0,0,종류: 00 초미세모(매우부드러운)
8657,재구매치과에서 파는거랑 같은거라 이전에 시킨것들 다쓰고 2번째 구매입니다! 추석전에 안올줄 알았는데 빠른배송 감사드려요! 가격도 쭉 저렴하면 좋겠네요,19.09.14.,5,재구매,0,종류: 09 어금니-일반형
8658,조아여 계속구매예정 이요,19.10.05.,4,0,0,종류: 00 성인일반모(단단한)
8659,배송도 빠르고 좋아요,19.10.26.,4,0,0,종류: 07 교정칫솔-일반형
8660,배송도 빠르고 조아요,19.10.26.,4,0,0,종류: 08 교정칫솔-슬림형
8661,칫솔모가 좋네요~~~,19.10.29.,4,0,0,종류: 01 성인이중슬림모(보편적인)
8662,"재구매항상사용하는제품이예요
아이들칫솔자주바꿔줘야하는데부담없이잘사용하고있어요",19.10.16.,5,재구매,0,종류: 04 어린이올슬림모(24개월-6세)
8663,한달사용기칫솔모가 작아서 구석구석 잘 닦여요.계속이용할겁니다.,19.10.15.,5,0,한달사용기,종류: 10 어금니-돔형
8664,"처음 써봤는데 좋아요~~ 칫솔모도 작고, 손에 잡히는것도 편하네요~~",19.10.16.,5,0,0,종류: 00 성인일반모(단단한)
8665,배송도 빠르고 포장도 꼼꼼합니다,19.10.05.,5,0,0,종류: 05 어린이이중슬림모(7세-10세)
8666,재구매몇년째쓰고있어요~~,19.10.27.,5,재구매,0,종류: 07 교정칫솔-일반형
8667,한달사용기아이가 잘 사용하고 있습니다,19.10.24.,5,0,한달사용기,종류: 08 교정칫솔-슬림형
8668,빠른배송과 물건이 좋았습니다. 일반모는 너무 딱딱합니다. 슬림모추천ㅋㅋ38류2ㅐ프제후채주팯,19.10.13.,5,0,0,종류: 00 성인일반모(단단한)
8669,빠른배송과 물건이 좋았습니다. 일반모는 너무 딱딱합니다. 슬림모추천ㅋㅋ38류2ㅐ프제후채주팯,19.10.13.,5,0,0,종류: 01 성인이중슬림모(보편적인)
8670,한달사용기항상 치과용 칫솔만 사용합니다ㆍ,19.10.26.,4,0,한달사용기,종류: 01 성인이중슬림모(보편적인)
8671,일반 칫솔보다 잘 닦이고 좋아요,19.10.23.,4,0,0,종류: 02 성인올슬림모-일반형(민감성)
8672,저렴하게 구매잘했습니다.,19.10.25.,4,0,0,종류: 09 어금니-일반형
8673,"촘촘하고 거칠지 않아서 좋아요
퀄리티가 좋다할 순 없지만 쓸만해요",19.09.28.,4,0,0,종류: 03 성인올슬림모-고급형(민감성)
8674,이 상태에 맞춰서 살 수 있어서 좋았어요 적당히 부드러워서 양치하기 좋아요,19.10.12.,4,0,0,종류: 01 성인이중슬림모(보편적인)
8675,교정중에 사용하기 좋아요,19.10.24.,5,0,0,종류: 08 교정칫솔-슬림형
8676,교정중에 사용하기 좋아요,19.10.24.,5,0,0,종류: 01 성인이중슬림모(보편적인)
8677,별루에요  기대를 넘 했나봐요,19.10.18.,1,0,0,종류: 03 성인올슬림모-고급형(민감성)
8678,한달사용기항상쓰던거에요 일반칫솔보다 치과칫솔이 이도더잘닦이고 아프지않아요,19.09.22.,5,0,한달사용기,종류: 03 성인올슬림모-고급형(민감성)
8679,너무빠른배송에 감사합니다.아직사용안해 봤지만 칫솔모가 제가원하는거라  딱 맘에듭니다.사용하고좋으면 또 재구매할게요.수고하세요.,19.10.05.,5,0,0,종류: 02 성인올슬림모-일반형(민감성)
8680,좋아요..좋아요..,19.11.19.,4,0,0,종류: 00 성인일반모(단단한)
8681,좋아요..좋아요..,19.11.19.,4,0,0,종류: 07 교정칫솔-일반형
8682,좋아요..좋아요..,19.11.19.,4,0,0,종류: 08 교정칫솔-슬림형
8683,"좋네요? 칫솔 왜 교정기용만 샀는지 후회,,",19.09.27.,5,0,0,종류: 03 성인올슬림모-고급형(민감성)
8684,재구매감사해요~~ 배송도 빠르고 좋네요,19.10.21.,5,재구매,0,종류: 08 교정칫솔-슬림형
8685,"재구매칫솔모가 부드러워서 좋아요
매번 사용하고 있습니다",19.10.20.,4,재구매,0,종류: 02 성인올슬림모-일반형(민감성)
8686,재구매교정중에 잘쓰고있습니다.,19.10.24.,4,재구매,0,종류: 08 교정칫솔-슬림형
8687,민족합니다 좋아요 추천헤요,19.10.23.,4,0,0,종류: 01 성인이중슬림모(보편적인)
8688,가격대비도 좋고 상품도 마음에 듭니다~~,19.10.24.,5,0,0,종류: 08 교정칫솔-슬림형
8689,저렴하게 구매 잘했네요,19.10.24.,4,0,0,종류: 00 초미세모(매우부드러운)
8690,재구매항상 잘 사용하고 있어요,19.10.03.,5,재구매,0,종류: 08 교정칫솔-슬림형
8691,"배송 완전 빨랐어요! 튼튼한고같아요 ㅋㅋ
솔의 크기가 조금만 더 컸으면 ㅠㅠ 닦기가 좀 힘들어요",19.09.20.,4,0,0,종류: 09 어금니-일반형
8692,무난하게 괜찮은거같아요,19.10.23.,4,0,0,종류: 00 성인일반모(단단한)
8693,재구매항상 이 칫솔만 씁니다!,19.10.25.,5,재구매,0,종류: 03 성인올슬림모-고급형(민감성)
8694,굿굿 괜찮네요 첨구매입니다,19.09.29.,4,0,0,종류: 07 교정칫솔-일반형
8695,치과에사 구입하던 칫솔이라 좋으네요,19.10.21.,5,0,0,종류: 03 성인올슬림모-고급형(민감성)
8696,저렴하개 잘구매했어요.,19.10.24.,5,0,0,종류: 10 어금니-돔형
8697,"튼튼하고 좋아요
교정용 사용하고 있는데 좋아요",19.10.22.,4,0,0,종류: 08 교정칫솔-슬림형
8698,모가 부드러워서 양치질후에 개운해요,19.10.21.,5,0,0,종류: 15 미소덴탈 숯올슬림모(민감성)
8699,좋아요좋앙좋아좋아좋아,19.10.25.,5,0,0,종류: 02 성인올슬림모-일반형(민감성)
8700,"뾰족해서 잇몸 약하면 좀 아플듯
칫솔모가 좀 더 짧았으면 좋겠다",19.09.28.,4,0,0,종류: 09 어금니-일반형
8701,잘쓰고있어요. 칫솔이 작아서 닦기 편해요,19.09.26.,4,0,0,종류: 03 성인올슬림모-고급형(민감성)
8702,한달사용기잇몸이 안 붓고 칫솔이 가벼워서 좋아요,19.10.22.,5,0,한달사용기,종류: 01 성인이중슬림모(보편적인)
8703,좋아요~~~~~~~~~,19.11.02.,4,0,0,종류: 00 성인일반모(단단한)
8704,잘받았습니다!....,19.10.09.,4,0,0,종류: 03 성인올슬림모-고급형(민감성)
8705,사용감 좋은 크기와 모예요,19.10.02.,5,0,0,종류: 03 성인올슬림모-고급형(민감성)
8706,한달사용기구석구석 잘 닦여요~,19.10.25.,4,0,한달사용기,종류: 02 성인올슬림모-일반형(민감성)
8707,가성비갑입니다 좋습니다,19.10.23.,5,0,0,종류: 01 성인이중슬림모(보편적인)
8708,좋아요. 잘 닦이고 만족합니다.,19.09.28.,5,0,0,종류: 03 성인올슬림모-고급형(민감성)
8709,재구매잘받았어요 잘받았어요,19.10.25.,4,재구매,0,종류: 09 어금니-일반형
8710,재구매항상 사용하는 칫솔인데 좋아요!,19.10.01.,4,재구매,0,종류: 07 교정칫솔-일반형
8711,역시 치과전용이라 미세모도 넘 좋고 부드러워요,19.09.28.,5,0,0,종류: 08 교정칫솔-슬림형
8712,한달사용기구석구석 잘 닦여요~~,19.10.25.,4,0,한달사용기,종류: 03 성인올슬림모-고급형(민감성)
8713,한달사용기칫솔모 빠지는거 없이 좋아요,19.10.22.,5,0,한달사용기,종류: 08 교정칫솔-슬림형
8714,치아교정하는 아이가 있어서 주문했습니다 잘쓸께요,19.10.17.,5,0,0,종류: 07 교정칫솔-일반형
8715,"상품후기가 좋아서 구입했어요.
아직 사용은 안 했지만 기대됩니다",19.10.11.,5,0,0,종류: 02 성인올슬림모-일반형(민감성)
8716,"재구매내년에7세라어린이칫솔도미리구입해보았어요
유아칫솔만큼만족도높겠죠ㅋ",19.10.16.,5,재구매,0,종류: 05 어린이이중슬림모(7세-10세)
8717,배송 빠르구 각각 박스포장으로 되어있어서 넘좋아요 솔도 좋구,19.10.10.,5,0,0,종류: 03 성인올슬림모-고급형(민감성)
8718,재구매아주좋아여 간가합니다,19.10.22.,5,재구매,0,종류: 03 성인올슬림모-고급형(민감성)
8719,강도도 적당하고 크기도 적당해요,19.10.02.,5,0,0,종류: 01 성인이중슬림모(보편적인)
8720,어금니 썩으면 안대요 잘닦아야 합니다,19.10.14.,4,0,0,종류: 09 어금니-일반형
8721,안쓰는것보다 낫지 않을까하는 생각으로,19.09.28.,4,0,0,종류: 10 어금니-돔형
8722,한달사용기잘 닦이고 좋은데 칫솔모가 작아 아쉽네요,19.10.19.,4,0,한달사용기,종류: 03 성인올슬림모-고급형(민감성)
8723,부드러운 미세모가 구석구석 잘 닦아줍니다,19.09.28.,5,0,0,종류: 03 성인올슬림모-고급형(민감성)
8724,제품 설명이 잘되어있어서 저한테맞는 강도로 주문했더니 칫솔모가 만족스러웠고 잘못 배송온거에대해서도 빠르게 대처해주셔서 제품을 모두 빠르게받아볼수있었어요 언니한테도 써보라고 두종류줬더니 같이 번갈아가면서 사용하니 좋다고하더라구요 재구매의사 완전 100프로예요ㅋㅋㅋ 배송도빠르고상담도친절하시고 제품은당연만족이네요,19.08.29.,5,0,0,종류: 00 성인일반모(단단한)
8725,고양이들용 칫솔로 어금니 칫솔 사면서 제가 쓸 치실이랑 칫솔 구매했습니다. 어금니 칫솔 미세모인데 탄력있네요,19.09.17.,5,0,0,종류: 11 어금니-슬림형
8726,재구매배송도 빠르고  부드럽고 만족합니다~~,19.10.20.,4,재구매,0,종류: 05 어린이이중슬림모(7세-10세)
8727,"가격대비 좋은것같습니다
추천드립니다",19.10.19.,5,0,0,종류: 09 어금니-일반형
8728,한달사용기가성비 쓰기 좋아요,19.10.23.,4,0,한달사용기,종류: 01 성인이중슬림모(보편적인)
8729,치과용칫솔이 좋더라구요,19.10.21.,4,0,0,종류: 11 어금니-슬림형
8730,치과용칫솔이라 더 믿음이가서 계속 쓰고있는 제품이에요,19.10.15.,5,0,0,종류: 05 어린이이중슬림모(7세-10세)
8731,조아요 ㅋㅋㅋ배송도 빠르구요,19.10.20.,4,0,0,종류: 01 성인이중슬림모(보편적인)
8732,한달사용기명절에 선물 들어온거 있어서 그것 썼다가 치아잇몸이 너무 아파서 이걸로 바로 구매했어요~ 칫솔모 부드럽고 머리 작아서 구석구석 닦을 수 있어 좋습니다~,19.09.30.,5,0,한달사용기,종류: 01 성인이중슬림모(보편적인)
8733,늘 쓰던 칫솔이에요 확실히 엄청 부드러워요 이거 쓰다 마트에서 파는 칫솔 쓰면 거칠어서 못써요,19.10.12.,5,0,0,종류: 03 성인올슬림모-고급형(민감성)
8734,이가시원해진 느낌입니다,19.09.30.,5,0,0,종류: 09 어금니-일반형
8735,배송 빠르고 좋습니다 ^^ 다음에 또 주문할게요~~ 칫솔이 가볍고 잇몸이 붓지 않아서 좋습니다!!,19.09.18.,5,0,0,종류: 02 성인올슬림모-일반형(민감성)
8736,한달사용기가성비도  좋고 부드럽고 좋아요,19.10.19.,5,0,한달사용기,종류: 08 교정칫솔-슬림형
8737,후기보고 구매했는데 부드럽고 구석구석 잘닦기네요,19.10.15.,5,0,0,종류: 09 어금니-일반형
8738,재구매가격도 저렴 딱 좋아요,19.10.01.,5,재구매,0,0
8739,좋아요~ 잘씁니다~,19.09.29.,5,0,0,종류: 01 성인이중슬림모(보편적인)
8740,아직 사용해보진 않았지만 초미세모라 잇몸아플때 사용하기 좋을것같아요,19.09.22.,3,0,0,종류: 00 초미세모(매우부드러운)
8741,아직 안 써봤지만 좋을거 같아요 서비스도 주시고 감사합니당 ㅎ,19.10.14.,5,0,0,종류: 01 성인이중슬림모(보편적인)
8742,교정중이라 매번 구매하고 있어요,19.10.18.,5,0,0,종류: 08 교정칫솔-슬림형
8743,다른 칫솔 사용ㅇ살 때 조심해서 앙치질해도 잇몸 손상을 일으켜 피가 나고 했는데 이 칫솔 너무 좋아요.,19.10.12.,5,0,0,종류: 15 미소덴탈 숯올슬림모(민감성)
8744,"개별 케이스를 같이 주는게 좋네여
잘쓸게여",19.09.28.,4,0,0,종류: 03 성인올슬림모-고급형(민감성)
8745,빠른배송감사합니다.제품도 제가원하는거라  맘에듭니다.써보고 좋으면 재구매할게요.,19.10.05.,5,0,0,종류: 01 성인이중슬림모(보편적인)
8746,저는 치간사이 안 닦여 별루네요,19.10.18.,1,0,0,종류: 00 초미세모(매우부드러운)
8747,재구매올슬림모 쓰다가 이번엔 이중슬림모 샀습니다. 올슬림모 가끔 칫솔모가 우수수 빠지는 경우가 있던데 이건 괜찮았음 싶네요.,19.09.18.,5,재구매,0,종류: 01 성인이중슬림모(보편적인)
8748,"한달사용기직장에선 이걸로.
하루한번 단단모로 닦음, 시원",19.10.18.,5,0,한달사용기,종류: 00 성인일반모(단단한)
8749,배송 빠르고 칫솔도 좋아요 되게 부드럽게 닦여서 잇몸에 상처가 안나요 ^^,19.09.18.,5,0,0,종류: 01 성인이중슬림모(보편적인)
8750,개운합니다 좋아요..,19.10.02.,5,0,0,종류: 05 어린이이중슬림모(7세-10세)
8751,그나마 주문했던것 중 이게나음,19.10.18.,1,0,0,종류: 02 성인올슬림모-일반형(민감성)
8752,가성비 좋아요. 구석구석 잘 닦여요,19.09.25.,5,0,0,종류: 05 어린이이중슬림모(7세-10세)
8753,아직 사용전인데   좋을듯  합니다.,19.10.19.,5,0,0,종류: 14 미소덴탈 금올슬림모(민감성)
8754,치약 주문하면서 같이 구매했어요~,19.10.18.,5,0,0,종류: 5-1 너구리올슬림모(24개월-6세)
8755,배송빠르고 조아요 호,19.10.20.,4,0,0,종류: 00 성인일반모(단단한)
8756,"재구매두번째 주문했어요~ 
포장도 잘 해 주셨네요~ 

다음엔 주문 할 때는 개별박스 포장은 하지 않고 플락스틱덮개만 부탁볼까 합니다~ 그렇게 주문 가능하다면요~~^^지인들에게도 추천했어요~",19.09.28.,5,재구매,0,종류: 01 성인이중슬림모(보편적인)
8757,양치한후     입안이  개운하네요.,19.10.19.,5,0,0,종류: 13 해피덴-비타민올슬림모(민감성)
8758,생각보다 튼튼한것 같아요,19.10.19.,4,0,0,종류: 03 성인올슬림모-고급형(민감성)
8759,재구매부드럽고 좋아서 재구매해요~,19.10.19.,5,재구매,0,종류: 01 성인이중슬림모(보편적인)
8760,칫솔이 힘이 있고 부드러운 느낌이 들고 좋아요.,19.09.28.,5,0,0,종류: 10 어금니-돔형
8761,"정말 초미세모라 마음에 들어요. 너무 부드러워서 
자극이 1도 없는 느낌입니다.",19.10.06.,4,0,0,종류: 00 초미세모(매우부드러운)
8762,재구매다른 종류로 재구매해요~. 배송도 빠르고 마음에 듭니다.,19.10.09.,5,재구매,0,종류: 01 성인이중슬림모(보편적인)
8763,배송도 빠르고 마음에 듭니다 재구매의향 백퍼~,19.10.15.,5,0,0,종류: 01 성인이중슬림모(보편적인)
8764,가성비 좋아요. 구석구석 잘 닦입니ㅏ.,19.09.25.,5,0,0,종류: 01 성인이중슬림모(보편적인)
8765,"아이들 모두같이 쓰고있어요
넘 잘닦입니다
또 구매할게요",19.10.14.,5,0,0,종류: 04 어린이올슬림모(24개월-6세)
8766,젛아여............,19.10.29.,3,0,0,종류: 08 교정칫솔-슬림형
8767,한달사용기미세모 좋습니다. ㅎ,19.10.22.,5,0,한달사용기,종류: 01 성인이중슬림모(보편적인)
8768,사용전이지만 다른제품 사용시 만족했기에 기대하고있습니다.,19.10.13.,5,0,0,종류: 15 미소덴탈 숯올슬림모(민감성)
8769,"재구매마트에서 저렴이도 써보고 또 비싼칫솔도 사보았는데 모가 빨리 닳고 별로더라구요
그래서 치과전용 칫솔 이제품 우연히 알게되서 샀는데 좋아요 다만 세게 칫솔질하면 칫솔머리 잘 부러집니다~ ㅜㅜ
그럼에도 불구하고 재구매가 몇번째인지...^^",19.09.21.,5,재구매,0,종류: 01 성인이중슬림모(보편적인)
8770,"항상 쓰는 제품..
근데 사은품으로 혀클리너는 그만 보내주셨으면 좋겠네요^^;;",19.10.11.,5,0,0,종류: 01 성인이중슬림모(보편적인)
8771,아직 한번밖에  안써봐서 모르겠는데 괜찮은거 같아요~!! 보편적인걸로 샀는데도 약간 거칠다는 느낌도 들고~~ 민감성도 써봐야겠어요~~,19.09.25.,4,0,0,종류: 10 어금니-돔형
8772,진짜 좋아요~~ 잇몸이 안좋아서 양치질 살살해도 잇몸 시리고 그랬는데 이 칫솔쓰고 그런게 없네요 담엔 애기 칫솔도 구매해보려구요~ 배송도 빨랐어용^^,19.09.09.,5,0,0,종류: 02 성인올슬림모-일반형(민감성)
8773,"아직 사용은 하지 않았으나 칫솔 몸체 재질이 아주 튼튼하고 투명한게 고급스러워 보입니다. 미세모 자체는 상당히 부드러우면서도 탄력이 느껴집니다.
모 한가닥은 길고 옆 가닥은 짧고 길이가 2열로 되어 있어 구석구석 잘 닦이겠네요.",19.09.27.,4,0,0,종류: 08 교정칫솔-슬림형
8774,"오~~치과칫솔 검색후 구매해보았는데 배송하루만에 왔구요.
어린이칫솔,어른칫솔 골고루 샀어요.집에서랑 회사에서 각각 일반과 숯  칫솔 사용하는데요.둘다 잘 닦이는것같아요.",19.09.27.,5,0,0,종류: 02 성인올슬림모-일반형(민감성)
8775,솔이 작아서 어금니랑 사랑니 닦기에 괜찮은것같아요,19.09.22.,4,0,0,종류: 10 어금니-돔형
8776,배송에 문제가 생긴건지 발송중만 며칠째였다가 이제 받았네요,19.09.20.,4,0,0,종류: 08 교정칫솔-슬림형
8777,"미세모인데 솔이 힘없는 솔이 아니고 탄력이 있어서 쉽게 벌어지지 않을듯 해요. 
칫솔 머리가 작아서 어금니 안쪽까지 쉽게 들어가서 칫솔질 하기 좋아요. 
사실 다른 유명 브랜드 쓰다가 후기가 좋아서 구매했는데, 만족합니다.",19.09.02.,5,0,0,종류: 03 성인올슬림모-고급형(민감성)
8778,치카할때 잇몸에서 피가 줄줄 나올때가 있어서 제일 부드러운 것으로 주문했는데 정말 너무 부드러워서 놀랄정도에요 그래서 잘 안닦이는 거 같고ㅠㅠ 한참을 박박 닦아도 이물질이 남아있는거같아요..ㅠㅠ 이빨에는 이게 좋은걸까요?,19.09.22.,3,0,0,종류: 00 성인일반모(단단한)
8779,잘받앗어요 잘쓸게요,19.10.18.,3,0,0,종류: 08 교정칫솔-슬림형
8780,잘받앗어요 잘쓸게요,19.10.18.,3,0,0,종류: 07 교정칫솔-일반형
8781,원래 쓰던것은 좋은데 초미세 부드러운 모는 조금 일반적으로는 별로예요.제가 잘못 주문 했네요.,19.10.02.,4,0,0,종류: 01 성인이중슬림모(보편적인)
8782,색상이 다양해서 좋네요~~ 보편적인 걸로ㅈ샀는데 제 잇몸이 약한건지 살짝 거친 느낌이 있네요~~ 2단계로 샀어야하나 싶은데 좀 더 써봐야죠~,19.09.25.,4,0,0,종류: 02 성인올슬림모-일반형(민감성)
8783,한달사용기좋아요 계속 구매예정입니다,19.10.17.,4,0,한달사용기,종류: 03 성인올슬림모-고급형(민감성)
8784,가나다라마바사얻ㄴㄷ,19.10.22.,5,0,0,종류: 05 어린이이중슬림모(7세-10세)
8785,"동네치과에서 오픈기념품으로
아이들 치카해보니 부드럽고 프러그도 잘 닦여서 검색하여 재구매했어요 추천해요",19.09.10.,5,0,0,종류: 04 어린이올슬림모(24개월-6세)
8786,"완전 만족입니다.
이걸 왜 이제야 샀을까 후회를 하지만, 앞으로 내 인생에 오늘이 제일 빠른 날일거라고 생각하며.
어금니 닦기가 너무 고통이었는데.
이제는 고통과 헤어짐.
가족 모두가 쓰고 있습니다.",19.09.23.,5,0,0,종류: 11 어금니-슬림형
8787,한달사용기재구매아주 좋습니다 가성비가 좋아요,19.10.16.,5,재구매,한달사용기,종류: 03 성인올슬림모-고급형(민감성)
8788,한달사용기칫솔좋아요. 칫솔 홀더? 캡? 아무튼 가지고 다닐수있게 캡씌워져있어서 좋아요,19.10.08.,5,0,한달사용기,종류: 08 교정칫솔-슬림형
8789,몇가지써보고 구입하려고 일단 하나구입해봤어요 기대되네요^^ 칫솔모는 부드러운듯요,19.09.14.,5,0,0,종류: 03 성인올슬림모-고급형(민감성)
8790,솔이 적당히 부드러워서 잇몸아프지않고 좋네요,19.09.22.,4,0,0,종류: 02 성인올슬림모-일반형(민감성)
8791,좋아요~~잘쓸께요...,19.10.19.,5,0,0,종류: 05 어린이이중슬림모(7세-10세)
8792,잘닦이고~ 사이즈도 딱 좋아요,19.10.16.,5,0,0,종류: 05 어린이이중슬림모(7세-10세)
8793,빠른배송에 만족 훗,19.10.18.,4,0,0,종류: 08 교정칫솔-슬림형
8794,재구매마음에 들어요. 여러 종류로 구매해봤어요~. 잘 쓸게요.,19.10.09.,5,재구매,0,종류: 02 성인올슬림모-일반형(민감성)
8795,잘안닦이는 어금니는 이제품이 최고네영,19.10.14.,5,0,0,종류: 11 어금니-슬림형
8796,쓰던거랑 좋은거같아용,19.10.18.,5,0,0,종류: 07 교정칫솔-일반형
8797,쓰던거라 좋은거 같아용,19.10.18.,5,0,0,종류: 08 교정칫솔-슬림형
8798,"아빠랑 저랑 잘쓰고 있습니다
구매또할게요",19.10.14.,5,0,0,종류: 00 성인일반모(단단한)
8799,한달사용기늘사용하던거라 좋네요,19.10.16.,5,0,한달사용기,종류: 03 성인올슬림모-고급형(민감성)
8800,한달사용기치솔모 적당히 부드럽고 크기도 딱 좋아요 잘 사용할게요. 재구매의사 있습니다,19.10.03.,5,0,한달사용기,종류: 01 성인이중슬림모(보편적인)
8801,부드럽고 쓰기 편해요,19.09.26.,4,0,0,종류: 08 교정칫솔-슬림형
8802,신랑은 일반 단단한걸로 주문했는데 안닦이는거 같다고 해요..칫솔 이상하다고..그래서 치과에서 쓰는 거라고 좋은거니 써보라고 했어요 그런데 어쨌든 잘 안닦이는 거같은데ㅠ 열개나 샀으니 쓰긴 써야할거같아요,19.09.22.,4,0,0,종류: 00 초미세모(매우부드러운)
8803,한달사용기손잡이 좋고 치솔모두 적당히 부드럽고 만족스럽네요. 재구매의사 있습니다,19.10.03.,5,0,한달사용기,종류: 02 성인올슬림모-일반형(민감성)
8804,"재구매재구매입니다..
칫솔 좋아요",19.10.17.,5,재구매,0,종류: 01 성인이중슬림모(보편적인)
8805,배송 진짜 빠르고 서비스로 주신 혀클리너랑 치간칫솔도 잘 받았습니다~!,19.10.09.,5,0,0,종류: 03 성인올슬림모-고급형(민감성)
8806,저렴하게 구입했어요 . 감사합니다 ~^^,19.10.11.,5,0,0,종류: 01 성인이중슬림모(보편적인)
8807,한달사용기금방헤져서 벌어지긴하지만 쓸만해요,19.09.23.,5,0,한달사용기,종류: 07 교정칫솔-일반형
8808,"와..진짜 대박이에요 
항상 일어나면 입안이 텁텁해서 치약만 바꿔서 이것저것 많이 사용했는데 칫솔이 중요한거였나봐요
좀 얇은폭이라 첫느낌이 낯설지만 개운함이 너무좋네요
감사합니다 좋은제품 만들어주셔서 고맙습니다",19.09.20.,5,0,0,종류: 01 성인이중슬림모(보편적인)
8809,가나다라마바사앉ㄴㅈ,19.10.22.,5,0,0,종류: 01 성인이중슬림모(보편적인)
8810,잘씁니다.; 좋아요,19.09.29.,5,0,0,종류: 00 성인일반모(단단한)
8811,잘받았습니다. 배송도 빠르고 만족해요,19.09.22.,5,0,0,종류: 10 어금니-돔형
8812,잘받았습니다. 배송도 빠르고 만족해요,19.09.22.,5,0,0,종류: 01 성인이중슬림모(보편적인)
8813,잘받았습니다. 배송도 빠르고 만족해요,19.09.22.,5,0,0,종류: 03 성인올슬림모-고급형(민감성)
8814,한달사용기재구매가성비가 너무 좋아요,19.10.16.,5,재구매,한달사용기,종류: 08 교정칫솔-슬림형
8815,"한달사용기늘 사용하던 제품이예요. .
쟁겨두다 떨어져서 샀네요",19.10.11.,5,0,한달사용기,종류: 03 성인올슬림모-고급형(민감성)
8816,"이빨이 시려서 미세모를 샀어요
모가 조금 까끌거리기는한데 
그만큼 이빨 사이를 잘 닦아 주는것 같아요",19.09.30.,5,0,0,종류: 01 성인이중슬림모(보편적인)
8817,빠른 배송 및 상품 만족합니다,19.10.14.,5,0,0,종류: 03 성인올슬림모-고급형(민감성)
8818,만족해요ㅎ 치과에서 쓰던 칫솔이었네요,19.10.09.,5,0,0,종류: 01 성인이중슬림모(보편적인)
8819,"재구매다쓰고 또 주문 했네요
잘쓰고 있어요",19.09.20.,5,재구매,0,종류: 04 어린이올슬림모(24개월-6세)
8820,"배송도 빠르고 칫솔도 좋습ㄴ다
다음에 또 구매할게요",19.09.23.,5,0,0,종류: 08 교정칫솔-슬림형
8821,"교정칫솔 검색했다가 인기 상품이길래 아무 생각 없이 구입...ㅠㅠ 나중에 다시 보니 교정칫솔이 아니었......ㅠㅠ  어쩌겠어요.. 제 떵눈을 원망해야지..ㅠㅠ
근데 칫솔은 좋아 보이네요... 잘 쓰겠습니다.",19.09.03.,4,0,0,종류: 01 성인이중슬림모(보편적인)
8822,"교정칫솔 검색했다가 인기 상품이길래 아무 생각 없이 구입...ㅠㅠ 나중에 다시 보니 교정칫솔이 아니었......ㅠㅠ  어쩌겠어요.. 제 떵눈을 원망해야지..ㅠㅠ
근데 칫솔은 좋아 보이네요... 잘 쓰겠습니다.",19.09.03.,4,0,0,종류: 09 어금니-일반형
8823,교정용 칫솔 언제든지 부탁해요,19.10.13.,5,0,0,종류: 07 교정칫솔-일반형
8824,칫솔모가 너무 뻣뻣하지도 않고 빠지지않아서 좋아요!!,19.10.10.,5,0,0,종류: 11 어금니-슬림형
8825,"배송빠르고  칫솔이 상당히 부드러워 기대가 되요
감사합니다~~",19.09.19.,5,0,0,종류: 03 성인올슬림모-고급형(민감성)
8826,"아이들 좋아합니다
다쓰면 재구매!!",19.10.14.,5,0,0,종류: 01 성인이중슬림모(보편적인)
8827,아이가 교정을해서 급하게 샀는데 배송빠르게 왔어요. 사은품으로 몇개 더 챙겨주셔서 감사,19.09.29.,4,0,0,종류: 08 교정칫솔-슬림형
8828,치과 칫솔이라고 해서 사긴 했으나 평소 다른 회사 칫솔에 비해선 잘 모르겠습니다 엄마가 평소에도 칫솔이 잘 벌어지는 편이기도 한데 얼마 안써서 칫솔이 벌어지더라구요 상품평이 좋아서 다량 구입했는데 다음부터는 좀 신중해야할듯 합니다,19.09.18.,3,0,0,종류: 03 성인올슬림모-고급형(민감성)
8829,치과 칫솔이라고 해서 사긴 했으나 평소 다른 회사 칫솔에 비해선 잘 모르겠습니다 엄마가 평소에도 칫솔이 잘 벌어지는 편이기도 한데 얼마 안써서 칫솔이 벌어지더라구요 상품평이 좋아서 다량 구입했는데 다음부터는 좀 신중해야할듯 합니다,19.09.18.,3,0,0,종류: 12 해피덴-비타민이중슬림모(보편적인)
8830,치과 칫솔이라고 해서 사긴 했으나 평소 다른 회사 칫솔에 비해선 잘 모르겠습니다 엄마가 평소에도 칫솔이 잘 벌어지는 편이기도 한데 얼마 안써서 칫솔이 벌어지더라구요 상품평이 좋아서 다량 구입했는데 다음부터는 좀 신중해야할듯 합니다,19.09.18.,3,0,0,종류: 02 성인올슬림모-일반형(민감성)
8831,배송 빠르고 좋아요,19.10.15.,5,0,0,종류: 02 성인올슬림모-일반형(민감성)
8832,가격 싼건 좋은데 직접 써보니 한달도 안돼서 솔이 벌어지기 시작하네요,19.09.15.,3,0,0,종류: 08 교정칫솔-슬림형
8833,좋아요 좋아요 좋아요 좋아요 좋아요^^,19.11.07.,5,0,0,종류: 03 성인올슬림모-고급형(민감성)
8834,교정용 칫솔 언제던지 부탁스,19.10.13.,5,0,0,종류: 08 교정칫솔-슬림형
8835,"일반모 너무 거칠어요.
처음엔 입안이 다 까졌어요~~",19.10.06.,3,0,0,종류: 00 성인일반모(단단한)
8836,좋아요 칫솔모도 부드럽고 자극없어요,19.10.08.,5,0,0,종류: 03 성인올슬림모-고급형(민감성)
8837,재구매탄력도 적당하고 초기에 약간 쓸리긴하나 좋은 칫솔입니다,19.10.08.,5,재구매,0,종류: 01 성인이중슬림모(보편적인)
8838,좋아요 재구매할 예정이에요,19.10.08.,5,0,0,종류: 00 초미세모(매우부드러운)
8839,배송도 빠르고 만족해요,19.10.14.,5,0,0,종류: 01 성인이중슬림모(보편적인)
8840,한달사용기항상 주문해요. 좋습니다.,19.10.10.,5,0,한달사용기,종류: 03 성인올슬림모-고급형(민감성)
8841,부드럽고 사용감 좋아요,19.09.23.,5,0,0,종류: 08 교정칫솔-슬림형
8842,개운하고 거품도 잘나고 좋네요,19.10.12.,5,0,0,종류: 01 성인이중슬림모(보편적인)
8843,알록달록해서 남매가 구별하여 사용하기 좋아요,19.09.18.,5,0,0,종류: 05 어린이이중슬림모(7세-10세)
8844,배송도 빠르고 좋습니다,19.09.23.,5,0,0,종류: 15 미소덴탈 숯올슬림모(민감성)
8845,좋아요 재구매 예정입니다,19.10.08.,5,0,0,종류: 10 어금니-돔형
8846,만족합니다 감사합니다,19.11.04.,5,0,0,종류: 03 성인올슬림모-고급형(민감성)
8847,부드럽고 좋은거 같아요,19.10.13.,5,0,0,종류: 00 초미세모(매우부드러운)
8848,이도 잘 닦이고 잇몸에 부담도 없고 좋음 ㅎㅎ,19.10.11.,5,0,0,종류: 01 성인이중슬림모(보편적인)
8849,한달사용기한달동안 사용햇는데  참좋아요....,19.10.13.,5,0,한달사용기,종류: 01 성인이중슬림모(보편적인)
8850,한달사용기치솔모 적당히 부드럽고 좋아요. 교정용두 일반용두. 모두 만족해요,19.10.03.,5,0,한달사용기,종류: 07 교정칫솔-일반형
8851,재구매칫솔이 너무부드럽고 이가 작은 성인한테 너무 잘닦이고 좋아요! 이 칫솔쓴 이후로 다른 칫솔 못써요!,19.10.01.,5,재구매,0,종류: 07 교정칫솔-일반형
8852,두번째 시키는 거에요!!! 교정러에게 추천합니당,19.09.14.,5,0,0,종류: 07 교정칫솔-일반형
8853,"빠른배송과
저렴하게 잘구입했습니다",19.09.20.,5,0,0,종류: 03 성인올슬림모-고급형(민감성)
8854,"빳빳한 칫솔모를 좋아하는분은 강추에요
치과에서 판매하는 칫솔입니다.",19.09.30.,5,0,0,종류: 05 어린이이중슬림모(7세-10세)
8855,"처음 구매인데 칫솔모도 괜찮구요
구석구석 잘 닦여요",19.10.09.,5,0,0,종류: 01 성인이중슬림모(보편적인)
8856,재구매배송도 빠르고 제품도 너무 좋아요,19.10.12.,5,재구매,0,종류: 07 교정칫솔-일반형
8857,아이들이 좋아해요 색깔이 이뻐요,19.09.18.,5,0,0,종류: 04 어린이올슬림모(24개월-6세)
8858,생각했던대로입니다. 많이파세요.,19.10.06.,4,0,0,종류: 02 성인올슬림모-일반형(민감성)
8859,배송도 빠르고 저렴하니 좋아용,19.09.21.,5,0,0,종류: 10 어금니-돔형
8860,배송도 빠르고 저렴하니 좋아용,19.09.21.,5,0,0,종류: 00 초미세모(매우부드러운)
8861,한달사용기매번 요기서 사서 씁니다,19.10.12.,5,0,한달사용기,종류: 03 성인올슬림모-고급형(민감성)
8862,재구매늘 사용하는 제품이예요~~잘 쓸께요.,19.10.11.,5,재구매,0,종류: 03 성인올슬림모-고급형(민감성)
8863,한달사용기너무 좋아요 그냥 칫솔질할때는 어금니쪽에 안빠지는 음식물 긁어낸다는느낌??? 여튼 무튼 너무좋습니다,19.09.26.,5,0,한달사용기,0
8864,항상 주문해서 쓰고 있어요!,19.10.12.,4,0,0,종류: 00 성인일반모(단단한)
8865,부드럽고 좋습니당~,19.10.14.,4,0,0,종류: 08 교정칫솔-슬림형
8866,아직은 사용전이라서 ...  착한가격에 구입했어요.,19.09.18.,4,0,0,종류: 10 어금니-돔형
8867,한달사용기칫솔 귀엽고 부드러워요  아이가좋아합니다,19.10.03.,5,0,한달사용기,종류: 5-2 너구리이중슬림모(7세-10세)
8868,"신랑은 모가 잘벌어져서 올슬림말고 이중했어요
만족합니다",19.09.10.,5,0,0,종류: 01 성인이중슬림모(보편적인)
8869,칫솔모가 적당히 힘있어서 잘 닦여요,19.10.09.,4,0,0,종류: 01 성인이중슬림모(보편적인)
8870,좋아요오오 굿굿굿ㄴ,19.09.20.,5,0,0,종류: 09 어금니-일반형
8871,그냥 그래요 지인은 개이빨 닦는데 좋다대요,19.10.04.,3,0,0,종류: 01 성인이중슬림모(보편적인)
8872,칫솔헤드?가 작아서 안쪽까지 닦기 편해요!!,19.09.19.,5,0,0,종류: 03 성인올슬림모-고급형(민감성)
8873,세번째구입이에요 좋습니다,19.09.20.,5,0,0,종류: 01 성인이중슬림모(보편적인)
8874,어른꺼 아이꺼 둘다 좋아용,19.09.22.,5,0,0,종류: 03 성인올슬림모-고급형(민감성)
8875,매번 쓰고 있는 칫솔입니다. 싸게 사서 좋았어요~!,19.10.03.,5,0,0,0
8876,감사합니다잘쓰겟습니다,19.10.11.,5,0,0,종류: 01 성인이중슬림모(보편적인)
8877,아직 사용 전인데 좋아보여요,19.09.20.,3,0,0,종류: 15 미소덴탈 숯올슬림모(민감성)
8878,아직 사용 전인데 좋아보여요,19.09.20.,3,0,0,종류: 01 성인이중슬림모(보편적인)
8879,조하요. 이도 구서쿠석 잘 딱여요,19.09.15.,4,0,0,종류: 02 성인올슬림모-일반형(민감성)
8880,이 사이사이 잘 닦이는거 같아요 ㅎㅎ,19.10.11.,5,0,0,종류: 02 성인올슬림모-일반형(민감성)
8881,교정하는 딸애를 위해 상품평이 좋아서 10개 구매했어요.. 병원에서 사용하는 교정칫솔보다 더 괜찮은거같아서 다시 재구매하려고 합니다.,19.09.23.,5,0,0,종류: 09 어금니-일반형
8882,"한달사용기시중에 파는 칫솔은 까칠까칠해서 자꾸 피가 나서 이걸로 바꿨는데, 대만족입니다.
아이도 칫솔이 부드럽다고 이 칫솔만 쓰려 하네요^^
부드러운데 이도 잘 닦여요.",19.09.22.,5,0,한달사용기,종류: 10 어금니-돔형
8883,좋아요다시구매할의사있습니다,19.10.09.,5,0,0,종류: 03 성인올슬림모-고급형(민감성)
8884,잘받았아요~ 10개 넘게 샀더니 혀클리너도 주셨네요 잘쓸게요~^^,19.10.04.,5,0,0,종류: 10 어금니-돔형
8885,헤드가 커서 마음에 들어요,19.09.20.,5,0,0,종류: 12 해피덴-비타민이중슬림모(보편적인)
8886,아직 사용해보지는 않았지만 원래 사용하던 거랑 비슷해요,19.09.15.,4,0,0,종류: 10 어금니-돔형
8887,부드럽게 잘 닦여서 재주문했어요,19.10.09.,5,0,0,종류: 03 성인올슬림모-고급형(민감성)
8888,한달사용기일반모가 더 좋더라구요ㅎ,19.09.21.,5,0,한달사용기,종류: 00 성인일반모(단단한)
8889,많이사서 재놓고 씁니나,19.09.20.,5,0,0,종류: 02 성인올슬림모-일반형(민감성)
8890,크기가 적당해서 구석까지 닦기 좋아요,19.09.17.,5,0,0,종류: 01 성인이중슬림모(보편적인)
8891,항상 치과용 칫솔 사용하고 있습니다. 성인 보통모는 일반분들 적응안되실만큼 탄력도가 최고네여!!,19.09.30.,5,0,0,종류: 02 성인올슬림모-일반형(민감성)
8892,항상 치과용 칫솔 사용하고 있습니다. 성인 보통모는 일반분들 적응안되실만큼 탄력도가 최고네여!!,19.09.30.,5,0,0,종류: 00 성인일반모(단단한)
8893,어른꺼 아이꺼 둘다 좋네요^^,19.09.22.,5,0,0,종류: 04 어린이올슬림모(24개월-6세)
8894,좋아요 자주이용할께요,19.10.08.,5,0,0,종류: 11 어금니-슬림형
8895,제가 잇몸 않 좋은데 쓰기 좋아요..,19.09.19.,5,0,0,종류: 02 성인올슬림모-일반형(민감성)
8896,친정칫솔도 여기서 사주려고요. 다르네요,19.09.27.,5,0,0,종류: 02 성인올슬림모-일반형(민감성)
8897,칫솔모가 부드러워 좋아요,19.10.10.,5,0,0,종류: 08 교정칫솔-슬림형
8898,"항상 여기서 주문해요
가격대비 좋고 아이들도 거부없이 잘 사용해요",19.09.29.,5,0,0,종류: 04 어린이올슬림모(24개월-6세)
8899,제품 내용 설명 잘되어있어서 구매할때 결정하기 너무좋았고 받아본 제품또한 모가 부드럽운 강도가 맘에 드네요 너무자극적이지않고 구석구석 양치잘되는기분이예요,19.08.29.,5,0,0,종류: 01 성인이중슬림모(보편적인)
8900,"저렴하고 품질
우수합니다
엄지척~~~!!",19.09.20.,5,0,0,종류: 00 성인일반모(단단한)
8901,평소쓰던거라 괜찮아요,19.10.10.,5,0,0,종류: 10 어금니-돔형
8902,평소쓰던거라 괜찮아요,19.10.10.,5,0,0,종류: 12 해피덴-비타민이중슬림모(보편적인)
8903,어금니 뒷부분 닦기 좋아요 ㅎㅎ,19.10.11.,5,0,0,종류: 10 어금니-돔형
8904,재구매항상 여기서 칫솔사유 ~~~~~ 넘나 좋아요 ㅎㅎ,19.10.10.,5,재구매,0,종류: 03 성인올슬림모-고급형(민감성)
8905,모가 튼튼해서 사용할 때 잘 닦이는 기분이듭니다,19.10.05.,4,0,0,종류: 00 성인일반모(단단한)
8906,한달사용기조금 더 짧고 강했으면 해요.,19.10.10.,4,0,한달사용기,종류: 10 어금니-돔형
8907,써본 칫솔 중 최고에요,19.10.10.,5,0,0,종류: 01 성인이중슬림모(보편적인)
8908,"한달사용기재구매늘쓰던거에요 좋아요ㅋ
교정중이라 오래 쓰지눈 못하고 맨날 바꿔야 하지만..ㅋ",19.09.27.,4,재구매,한달사용기,종류: 08 교정칫솔-슬림형
8909,"한달사용기재구매늘쓰던거에요 좋아요ㅋ
교정중이라 오래 쓰지눈 못하고 맨날 바꿔야 하지만..ㅋ",19.09.27.,4,재구매,한달사용기,종류: 11 어금니-슬림형
8910,재구매슬림형 이번엔 좀 단단한걸로 사보았는데 괜찮은듯,19.09.14.,5,재구매,0,종류: 08 교정칫솔-슬림형
8911,비슷한 다른것보다 처음 사용시 잇몸이 안아프네요.,19.10.05.,5,0,0,종류: 01 성인이중슬림모(보편적인)
8912,한달사용기늘 재주문해서 사용하고있어요 어머니도 좋아하십니다,19.09.29.,5,0,한달사용기,종류: 10 어금니-돔형
8913,처음 주문인데 마음에 들어요~,19.10.09.,5,0,0,종류: 01 성인이중슬림모(보편적인)
8914,확실히 모가 좋아요,19.09.21.,5,0,0,종류: 04 어린이올슬림모(24개월-6세)
8915,확실히 모가 좋아요,19.09.21.,5,0,0,종류: 09 어금니-일반형
8916,울아이 교정칫솔 병윈에서 산 칫솔보다 못하다고 하네요ㅠㅠ,19.10.06.,3,0,0,종류: 08 교정칫솔-슬림형
8917,"단단하고 미세하여 말끔하게 닦여요
암튼 좋아요 ㅎㅎ 잔득 쟁겨놓고 씁니당",19.09.07.,5,0,0,종류: 12 해피덴-비타민이중슬림모(보편적인)
8918,재구매좋아 2번째 재구매입니다~^^,19.09.21.,5,재구매,0,종류: 03 성인올슬림모-고급형(민감성)
8919,한달사용기항상 여기서 구입합니다.,19.10.10.,5,0,한달사용기,종류: 14 미소덴탈 금올슬림모(민감성)
8920,"우연히 교정카페에서 알게되어서 샀어요!어금니칫솔만 사려다가 여러가지유형의 칫솔을 사봤습니다
어금니칫솔은 어금니쪽이 잘 안닦여서 샀는데 좋네요.
다만 돔형을 먼저썼는데 잇몸뒤에 너무 쎄게해서그런가 잇몸이 갈려서 ㅋ 조심해야게더라고요. 다음엔 부드러운걸로 써야겠어요. 앞으로 어금니칫솔 계속 쓸듯해요",19.08.17.,5,0,0,종류: 12 해피덴-비타민이중슬림모(보편적인)
8921,재구매좀 짧고 강했으면 합니다.,19.10.10.,4,재구매,0,종류: 09 어금니-일반형
8922,늘 쓰던제품 좋아요~,19.10.11.,4,0,0,종류: 02 성인올슬림모-일반형(민감성)
8923,늘 쓰던제품  좋아요~,19.10.11.,4,0,0,종류: 05 어린이이중슬림모(7세-10세)
8924,재구매좋아요~헤드부분 작아서 젤안쪽어금니 잘딱임,19.09.10.,4,재구매,0,종류: 05 어린이이중슬림모(7세-10세)
8925,만족합니다 배송빨라요~,19.09.19.,5,0,0,종류: 03 성인올슬림모-고급형(민감성)
8926,만족합니다 배송 빨라요~,19.09.19.,5,0,0,종류: 00 초미세모(매우부드러운)
8927,처음에는 딱딱해서 아픈데 계속 쓰면 괜찮아요 좋아요,19.09.15.,5,0,0,종류: 07 교정칫솔-일반형
8928,늘 쓰던거에요. 배송 빠르고. 포장 꼼꼼하고. 잘 받았어요. 잘 쓰겠습니다.,19.09.28.,5,0,0,종류: 01 성인이중슬림모(보편적인)
8929,잘 쓰겠습니다~~~~~!!!!!,19.09.25.,5,0,0,종류: 00 초미세모(매우부드러운)
8930,잘 쓰겠습니다~~~~~!!!!!,19.09.25.,5,0,0,종류: 03 성인올슬림모-고급형(민감성)
8931,배송 빠르고 제품 써봤는데 좋아요 쓰고 또 구매할꺼에요,19.09.07.,5,0,0,종류: 10 어금니-돔형
8932,만족합니다 배송 빨라요~!,19.09.19.,5,0,0,종류: 02 성인올슬림모-일반형(민감성)
8933,"돔형 이 좋더라구요 슬림형은 너무 날카로워서 아프더라구요 
아이들 칫솔은 제가 직접 써 볼 수가 없었지만 어금니 칫솔은 너무 좋았어요 
피가 너무 많이 나서 놀랐는데 ~ 마사지하듯 닦아주니깐 시원해요",19.08.28.,4,0,0,종류: 10 어금니-돔형
8934,배송도빠르고 부드러워서 쓰기좋아요~~^^,19.10.07.,5,0,0,종류: 05 어린이이중슬림모(7세-10세)
8935,잇몸이 안아파서 좋습니다,19.10.08.,5,0,0,종류: 08 교정칫솔-슬림형
8936,정말 만족해요. 사랑니와 어금니 사이 이물질이 정말 잘 안닦여서 잇몸이 조금만 피곤해도 아픈사람이에요.. 사랑니가 어금니를 받치고 있어 뺄수도 없고..관리하기 너무 힘들었는데 요 어금니칫솔 있다는걸 우연히 알아서 구입해 사용 했는데 완전 신세계입니다요. 깨운하고 너무 좋아요. 깊은 틈까지 닦기 좋아요~,19.08.17.,5,0,0,종류: 10 어금니-돔형
8937,아직  써보진  않아서  모르겠어요   리뷰보고  산거예요,19.09.28.,3,0,0,종류: 03 성인올슬림모-고급형(민감성)
8938,착한 가격에 구입합니다.,19.09.18.,4,0,0,종류: 01 성인이중슬림모(보편적인)
8939,재구매항상 잘쓰고있어요 서비스까지 굿,19.10.06.,5,재구매,0,종류: 01 성인이중슬림모(보편적인)
8940,한달사용기전보다 칫솔모가 자주 빠져서 아쉬워요,19.10.05.,3,0,한달사용기,종류: 5-1너구리올슬림모(24개월-6세)
8941,꼼꼼하게 닦이는게 뭔지 금칫솔로 느껴보세요,19.09.27.,5,0,0,종류: 14 미소덴탈 금올슬림모(민감성)
8942,부드럽게 잘 닦여요^^,19.09.20.,5,0,0,종류: 01 성인이중슬림모(보편적인)
8943,딱 제가 원하는 칫솔모양이라 주문합니다 아직 사용전인데 질도 좋기를 바랍니다,19.09.29.,5,0,0,종류: 03 성인올슬림모-고급형(민감성)
8944,딱 제가 원하는 칫솔모양이라 주문합니다 아직 사용전인데 질도 좋기를 바랍니다,19.09.29.,5,0,0,종류: 01 성인이중슬림모(보편적인)
8945,좋은 평가보고샀는데 맘에 듭니다,19.09.15.,5,0,0,종류: 10 어금니-돔형
8946,재구매여기 칫솔사용후 이것만써요,19.09.16.,5,재구매,0,종류: 01 성인이중슬림모(보편적인)
8947,재구매재구매입니다!!!!,19.10.13.,5,재구매,0,종류: 09 어금니-일반형
8948,좋아요.......,19.10.17.,3,0,0,종류: 01 성인이중슬림모(보편적인)
8949,좋아요.......,19.10.17.,3,0,0,종류: 04 어린이올슬림모(24개월-6세)
8950,한달사용기사랑니가 똑바로 아주 잘 났다고 발치하지 말래서 그냥 두고 있는데 일반 칫솔질만으로는 사랑니 안쪽 깊숙한 부분은 양치가 잘 안되더라구요 그런데 어금니 칫솔 쓴 이후로는 만족합니다 제대로 이물질 제거를 잘 하는지 양치 후 손톱으로 사랑니 안쪽을 긁어보는데 거의 나오질 않아요 개운합니다 다만 너무 욕심내서 하시면 피가 많이 나오고 좀 시큰해요 그래서 저도 하루에 두세번 쓰다가 요즘은 자기 전에 한번만 해줍니다 저한텐 오히려 살짝 칫솔모가 벌어진 상태가 더 좋네요,19.08.30.,5,0,한달사용기,종류: 10 어금니-돔형
8951,좋아요1526=8/99/,19.09.27.,4,0,0,종류: 04 어린이올슬림모(24개월-6세)
8952,처음사봤는데 좀더 잘 닦이는 기분입니다,19.09.27.,5,0,0,종류: 10 어금니-돔형
8953,재구매쓰던거 또시켰는데 이만한 칫솔없는듯 강한거로 빠르게 닦는거보다 약한걸로 오래닦는게 더좋다고 들었음! 그래서 잇몸이약한 체질은 아니지만 교정도하고있고하니 제일약한걸로 주문!,19.08.26.,5,재구매,0,종류: 03 성인올슬림모-고급형(민감성)
8954,좋아요~~%163748₩9₩,19.09.27.,5,0,0,종류: 00 초미세모(매우부드러운)
8955,좋아요~~123647/89₩,19.09.27.,5,0,0,종류: 02 성인올슬림모-일반형(민감성)
8956,조아요조아요조아요조아요,19.10.31.,3,0,0,종류: 08 교정칫솔-슬림형
8957,"디자인 깔끔하고  가성비가 좋아요
일반모 칫솔만 사용해서  미세모는 모르겠지만  괜찮은거 같아요",19.09.26.,4,0,0,종류: 01 성인이중슬림모(보편적인)
8958,치과에서 어금니 칫솔질이 잘 안된다고하여 구매해봤는데 편하고 좋아요,19.09.29.,5,0,0,종류: 10 어금니-돔형
8959,보편적인걸로 했는데도ㅈ거친 느낌이 들어서 5단계 했음 난감했을거 같아요ㅎㅎ,19.09.25.,4,0,0,종류: 03 성인올슬림모-고급형(민감성)
8960,"아주 맘에 듭니다, 이도 잘 딱이고",19.09.15.,5,0,0,종류: 03 성인올슬림모-고급형(민감성)
8961,"배송도 빠르고 맘에 듭니다
아직 사용전이지만 치과전용이라 왠지 믿음이 갑니다",19.09.07.,5,0,0,종류: 01 성인이중슬림모(보편적인)
8962,한달사용기칫솔모가 너무 부드러워요,19.10.06.,5,0,한달사용기,종류: 00 초미세모(매우부드러운)
8963,"재구매상품잘도착했습니다
고맙습니다",19.10.05.,5,재구매,0,종류: 02 성인올슬림모-일반형(민감성)
8964,너무 좋아서 이제 칫솔 정착할려구요,19.09.14.,5,0,0,종류: 00 성인일반모(단단한)
8965,어금니 잘 닦이고 좋아요 또 구매할께요,19.10.05.,5,0,0,종류: 03 성인올슬림모-고급형(민감성)
8966,재구매10개씩 3번째 구매입니다. 치과에서 주는것 보다 좋아요. 교정끝날때까지 여기서 살듯싶네요.,19.09.22.,5,재구매,0,종류: 07 교정칫솔-일반형
8967,"포장도 꼼꼼하고, 배송도 빠르네요. ^^",19.10.08.,5,0,0,종류: 01 성인이중슬림모(보편적인)
8968,생각했던대로 입니다. 만족,19.10.06.,4,0,0,종류: 01 성인이중슬림모(보편적인)
8969,한달사용기칫솔이 잘 닿지않는 부분까지 닦을 수 있어서 안심되고 좋아요 칫솔모도 단단하구요,19.09.22.,5,0,한달사용기,종류: 10 어금니-돔형
8970,칫솔이 힘이 있으면서도 미세하게 사이사이 잘 닦여요,19.10.02.,5,0,0,종류: 01 성인이중슬림모(보편적인)
8971,"아이들꺼랑 항상 같이 주문해서
쓰고있어요
가격대비 부드럽고 좋아요",19.09.29.,5,0,0,종류: 03 성인올슬림모-고급형(민감성)
8972,깔끔한 디자인 빠른 배송 좋은 기능,19.09.14.,5,0,0,종류: 01 성인이중슬림모(보편적인)
8973,재구매재구매계속하고  있어요 좋아요,19.09.16.,5,재구매,0,종류: 00 성인일반모(단단한)
8974,교정중이라 칫솔 알아보다가 가격도 착해서 구매했어요 !!,19.09.10.,4,0,0,종류: 10 어금니-돔형
8975,둘다 부드러운형태라 돔형이랑 일반형 차이가 거의 느껴지지 않았어요,19.09.29.,5,0,0,종류: 09 어금니-일반형
8976,좋습니다^^ 재주문할게요,19.10.02.,5,0,0,종류: 01 성인이중슬림모(보편적인)
8977,빠른 배송과 합리적인 가격으로 좋은 제품 구매했네요,19.09.30.,5,0,0,종류: 00 성인일반모(단단한)
8978,두번째 구매인데 전에 쓰던 칫솔말고 다른거로 구매했는데 좋았음 하네요~교정을 하게 되서 써보려고 하는데 좋겠죠,19.09.18.,5,0,0,종류: 00 초미세모(매우부드러운)
8979,재구매엄마가 잇몸이 약해서 매번 피가 나는데 이 칫솔 쓰고 피가 안난다고 했어요!!,19.10.01.,5,재구매,0,종류: 00 초미세모(매우부드러운)
8980,항상 사용 하는 칫솔 이예요.,19.10.06.,4,0,0,종류: 02 성인올슬림모-일반형(민감성)
8981,"딸이교정중인데 병원서받은 칫솔보다 더부드럽고 좋다하네요 칫솔도 예쁘다고
다음에 또 구매할께요",19.08.31.,5,0,0,종류: 02 성인올슬림모-일반형(민감성)
8982,교정중이라 샀는데 약국에서 산것보다 좋네요 자극적이지 않고 깔끔합니다,19.09.22.,5,0,0,종류: 5-1 너구리올슬림모(24개월-6세)
8983,교정중이라 샀는데 약국에서 산것보다 좋네요 자극적이지 않고 깔끔합니다,19.09.22.,5,0,0,종류: 11 어금니-슬림형
8984,교정중이라 샀는데 약국에서 산것보다 좋네요 자극적이지 않고 깔끔합니다,19.09.22.,5,0,0,종류: 10 어금니-돔형
8985,교정중이라 샀는데 약국에서 산것보다 좋네요 자극적이지 않고 깔끔합니다,19.09.22.,5,0,0,종류: 08 교정칫솔-슬림형
8986,교정중이라 샀는데 약국에서 산것보다 좋네요 자극적이지 않고 깔끔합니다.,19.09.22.,5,0,0,종류: 00 초미세모(매우부드러운)
8987,잘 받았습니다~잘 사용하겠습니다,19.09.17.,5,0,0,종류: 00 초미세모(매우부드러운)
8988,믿음이 가요. 배송 빠릅니다.,19.10.06.,5,0,0,종류: 04 어린이올슬림모(24개월-6세)
8989,한달사용기편안하게 잘 닦여요,19.09.16.,4,0,한달사용기,종류: 05 어린이이중슬림모(7세-10세)
8990,아주좋아요 아주좋아요 아주좋아요 아주좋아요 아주좋아요,19.10.08.,4,0,0,종류: 03 성인올슬림모-고급형(민감성)
8991,교정칫솔은 무조건여기서구먀,19.09.27.,5,0,0,종류: 08 교정칫솔-슬림형
8992,보편적인걸로했는데도 약간 거칠다는 느낌ㅈ이 들어요,19.09.25.,4,0,0,종류: 01 성인이중슬림모(보편적인)
8993,재구매엄마가 당뇨병이신데 모가부드러워 너무 좋다고 하시네요ㆍ 앞으로도 자주 이용하겠습니다,19.09.23.,5,재구매,0,종류: 00 초미세모(매우부드러운)
8994,아직 사용해보지는 않았지만 잘 닦일거 같아요 ~^^,19.09.11.,4,0,0,종류: 03 성인올슬림모-고급형(민감성)
8995,교정모보다 보다는 좀 더 단단하기는 한데 사용에는 무리가 없겠네요.,19.09.27.,4,0,0,종류: 01 성인이중슬림모(보편적인)
8996,일반모보다는 조금 낫네요^^,19.10.06.,4,0,0,종류: 01 성인이중슬림모(보편적인)
8997,사용하던 것보다 칫솔모 사이즈가 작아서 불편함. 잘 닦이기는 함,19.09.24.,3,0,0,0
8998,교정한 아이 사용하려고 구매햇어요,19.10.02.,5,0,0,종류: 07 교정칫솔-일반형
8999,교정한 아이 사용하려고 구매햇어요,19.10.02.,5,0,0,종류: 07 교정칫솔-일반형
9000,교정한 아이 사용하려고 구매햇어요,19.10.02.,5,0,0,종류: 08 교정칫솔-슬림형
9001,칫솔모는 부드럽고 좋아요 손잡이가 일자라 좀 불편하긴 하네요,19.09.24.,4,0,0,종류: 12 해피덴-비타민이중슬림모(보편적인)
9002,칫솔모도 단단하면서 부드러워서 교정기에 걸려서 칫솔모가 빠지지 않고 좋아요,19.09.27.,5,0,0,종류: 01 성인이중슬림모(보편적인)
9003,재구매 여러번 해서 사용합니다.잘 닦이고 좋아요,19.09.05.,5,0,0,종류: 01 성인이중슬림모(보편적인)
9004,"항상 쓰던거라 주문했어요
좋아요~",19.09.30.,5,0,0,종류: 04 어린이올슬림모(24개월-6세)
9005,"항상 쓰던거라 주문했어요~
좋아요",19.09.30.,5,0,0,종류: 01 성인이중슬림모(보편적인)
9006,재구매항상 잘쓰고있어요 좋아요,19.10.06.,5,재구매,0,종류: 04 어린이올슬림모(24개월-6세)
9007,한달사용기치아사이사이 깨끗이닦을수있아 좋아요,19.10.01.,5,0,한달사용기,종류: 10 어금니-돔형
9008,재구매이가 작은 성인한테 너무 잘닦이고 좋아요!,19.10.01.,5,재구매,0,종류: 06 유아올슬림모(13개월-36개월)
9009,한달사용기모가섬세해서 좋아요,19.09.14.,5,0,한달사용기,종류: 05 어린이이중슬림모(7세-10세)
9010,굿입니다여 굿입니다여,19.10.06.,5,0,0,종류: 03 성인올슬림모-고급형(민감성)
9011,굿입니다여 굿입니다여,19.10.06.,5,0,0,종류: 02 성인올슬림모-일반형(민감성)
9012,굿입니다여 굿입니다여,19.10.06.,5,0,0,종류: 01 성인이중슬림모(보편적인)
9013,만족합니다.만족합니다.,19.10.08.,5,0,0,종류: 00 성인일반모(단단한)
9014,잘 받 았습니다. ..,19.09.18.,4,0,0,종류: 02 성인올슬림모-일반형(민감성)
9015,재구매해서 잘 사용하고 있습니다,19.10.02.,5,0,0,종류: 03 성인올슬림모-고급형(민감성)
9016,배송도 빠르고 원래 쓰던 것이라 품질은 좋아요,19.09.29.,5,0,0,종류: 07 교정칫솔-일반형
9017,저렴하게 잘 구매해서 좋네요ㅎㅎ 많이 파세요!,19.09.06.,5,0,0,종류: 08 교정칫솔-슬림형
9018,한달사용기모가 얇아 잘 닦여요,19.09.14.,5,0,한달사용기,종류: 01 성인이중슬림모(보편적인)
9019,항상 여기서 칫솔 구매해요. 좋습니다,19.10.01.,5,0,0,종류: 03 성인올슬림모-고급형(민감성)
9020,한달사용기잘닦인것같아요추천해요,19.10.05.,5,0,한달사용기,종류: 05 어린이이중슬림모(7세-10세)
9021,재구매아주좋라요 감사합니다,19.10.03.,4,재구매,0,종류: 5-1 너구리올슬림모(24개월-6세)
9022,늘 만족 합니다 잘 쓸데요,19.10.03.,5,0,0,종류: 01 성인이중슬림모(보편적인)
9023,재구매굿압니다. 조아ㅏ요,19.10.04.,5,재구매,0,종류: 12 해피덴-비타민이중슬림모(보편적인)
9024,잇몸관리위해 자녀위해 구매했어요,19.09.12.,5,0,0,종류: 00 초미세모(매우부드러운)
9025,재구매교정 중인데 칫솔이 가격도 저렴하고 잘 닦이고 좋습니다 ㅎㅎ,19.09.07.,5,재구매,0,종류: 08 교정칫솔-슬림형
9026,재구매항상 주문해서 사용하는 칫솔이라 다 좋아요,19.09.29.,4,재구매,0,종류: 01 성인이중슬림모(보편적인)
9027,너무 부드러워서 약한분들만 써야 겠네요~,19.09.30.,4,0,0,종류: 00 초미세모(매우부드러운)
9028,잘받ㅇㅇ아습니다라니경,19.10.09.,5,0,0,0
9029,그냥그래요;;;;;;;,19.10.10.,3,0,0,종류: 02 성인올슬림모-일반형(민감성)
9030,그냥그래요;;;;;;;,19.10.10.,3,0,0,종류: 10 어금니-돔형
9031,그냥그래요;;;;;;;,19.10.10.,3,0,0,종류: 11 어금니-슬림형
9032,그냥그래요;;;;;;;,19.10.10.,3,0,0,종류: 09 어금니-일반형
9033,그냥그래요;;;;;;;,19.10.10.,3,0,0,종류: 00 초미세모(매우부드러운)
9034,그냥그래요;;;;;;;,19.10.10.,3,0,0,종류: 03 성인올슬림모-고급형(민감성)
9035,한달사용기어금니 안쪽까지 싹싹 닦기 가능,19.10.02.,4,0,한달사용기,종류: 10 어금니-돔형
9036,온가족이 이 칫솔만 써여 한번 사용하고는 다른거 못쓰겠더라구요 엄마집에 필요하데서 보내줬는데 좋아요 ㅋㅋ,19.08.27.,5,0,0,종류: 02 성인올슬림모-일반형(민감성)
9037,배송이 너~~~~무 느렸어요 그것 빼곤 만족이용,19.09.05.,4,0,0,종류: 06 유아올슬림모(13개월-36개월)
9038,재구매계속 재구매해서 사용하고 있습니다,19.09.10.,4,재구매,0,종류: 08 교정칫솔-슬림형
9039,칫솔모도 그렇고 크기도 그렇고 부드러워 좋아요,19.10.02.,5,0,0,종류: 03 성인올슬림모-고급형(민감성)
9040,한달사용기구석구석닦을수있어서 좋아요,19.10.01.,5,0,한달사용기,종류: 09 어금니-일반형
9041,생각만큼 부드럽진 않아요~ 그래도 가성비는 좋아요,19.09.24.,4,0,0,종류: 02 성인올슬림모-일반형(민감성)
9042,일부러 찾아 쓰는 제품입니다,19.10.02.,5,0,0,종류: 01 성인이중슬림모(보편적인)
9043,항상 치과칫솔을 사용해서 일반 칫솔은 불편하고 잇몸이 아팠는데 이건좋아요,19.09.24.,5,0,0,종류: 03 성인올슬림모-고급형(민감성)
9044,미세모라 부드럽고 잘닦이네요.가격대비 만족이에요,19.09.22.,3,0,0,종류: 01 성인이중슬림모(보편적인)
9045,재구매두번째 주문했어요. 배송도 빠르고 제품도 좋아요,19.09.25.,5,재구매,0,종류: 03 성인올슬림모-고급형(민감성)
9046,교정칫솔도 일반칫솔도 괜찮은듯합니다. 쭉 써보고 좋은듯하면 다시금 구매하려합니다. 많이파세요.,19.08.28.,5,0,0,종류: 08 교정칫솔-슬림형
9047,재구매몇번씩 재구매 했습니다 좋아요,19.09.10.,4,재구매,0,종류: 00 초미세모(매우부드러운)
9048,좋아요 좋아요  좋아요,19.10.26.,5,0,0,종류: 01 성인이중슬림모(보편적인)
9049,아이 칫솔보고 어른것도 괜찮겠지 하고 구매해요~~,19.09.07.,4,0,0,종류: 00 초미세모(매우부드러운)
9050,찾던 제품 맞네요.잘 쓰겠습니다,19.09.26.,5,0,0,종류: 00 성인일반모(단단한)
9051,사랑니 너무 잘 닦여요~ 덧니가 있는 딸도 잘 쓰고 있습니다,19.09.02.,5,0,0,종류: 10 어금니-돔형
9052,한달사용기칫솔모가부드러워아이가 잘서여,19.10.02.,5,0,한달사용기,종류: 03 성인올슬림모-고급형(민감성)
9053,그런대로 좋은거 같습니다.,19.10.02.,4,0,0,종류: 00 초미세모(매우부드러운)
9054,배송도빠르고 치솔이 좋네요,19.10.01.,5,0,0,종류: 00 성인일반모(단단한)
9055,잘 쓰겠습니다. 만족 합니다.,19.09.27.,5,0,0,종류: 00 초미세모(매우부드러운)
9056,잘받았습ㄴ다ㄷㄷㄷ차,19.10.09.,5,0,0,0
9057,잘받았스므니다ㄷㅂㅁ타,19.10.09.,5,0,0,0
9058,신랑이 좋데요 또 살거예요,19.09.10.,5,0,0,종류: 03 성인올슬림모-고급형(민감성)
9059,재주문해서 사용하고 있습니다. 이제까지 사용했던 칫솔 중에서 가장 부드러워서 가족 모두 아주 만족하며 잘 사용하고 있습니다.,19.08.26.,5,0,0,종류: 02 성인올슬림모-일반형(민감성)
9060,교정중이라 후기보고 기대합니다~~~~,19.10.01.,3,0,0,종류: 07 교정칫솔-일반형
9061,교정한 아들을 위해 일반모 부드러운모 반반씩 사봤습니다 치과에선 개당 3000원씩 하던걸 배송비 포함 1500원씩 샀네요 써본 아들은 치과꺼랑 비슷하다 하네요 외출시에도 들고다닐수 있게 개당 뚜껑도 있어 편리합니다~~^^,19.08.18.,4,0,0,종류: 07 교정칫솔-일반형
9062,재구매빠른배송 감사합니다,19.10.02.,5,재구매,0,종류: 03 성인올슬림모-고급형(민감성)
9063,양치할 때 치아가 개운하고 좋아요,19.09.29.,5,0,0,종류: 03 성인올슬림모-고급형(민감성)
9064,좋아요좋아요좋아좋아,19.10.25.,5,0,0,종류: 01 성인이중슬림모(보편적인)
9065,재구매항상 사용하는 칫솔이라 다좋아용,19.09.29.,3,재구매,0,종류: 05 어린이이중슬림모(7세-10세)
9066,치과에서 판매하는 칫솔입니다.,19.09.30.,5,0,0,종류: 00 성인일반모(단단한)
9067,좋아요 양치가 깨끗하게 되는 느낌입니다,19.09.02.,5,0,0,종류: 01 성인이중슬림모(보편적인)
9068,"항상써요
제일좋은거같아요",19.09.27.,4,0,0,종류: 01 성인이중슬림모(보편적인)
9069,칫솔모 사이즈가 작아서 약간 불편하나 구석구석 잘 닦여서 괜찮음,19.09.24.,3,0,0,0
9070,"지금까지 마트에서 파는 칫솔만 쓰다가 미세모 여기 칫솔로 써보니 완전히 다름을 느껴요~ 
특히 아들 교정중인데 치과에서 교정용 칫솔은비싼데 여기는 가격도 싸고 성능도 좋아 아주 민족합니다~ 
이번에 우리가족 칫솔 여기로 쏵 다꿔야 겠어용~~",19.08.16.,5,0,0,종류: 01 성인이중슬림모(보편적인)
9071,좋아요 구강세정제도 쓰고 이것저것 다써봤는데 최곱니다,19.09.20.,5,0,0,종류: 14 미소덴탈 금올슬림모(민감성)
9072,요건 아직 안써봤는데 이것도 솔이 부드러운편이네요 좋아요,19.08.31.,4,0,0,종류: 07 교정칫솔-일반형
9073,재구매재구매 많이 했는데 좋아요,19.09.10.,5,재구매,0,종류: 03 성인올슬림모-고급형(민감성)
9074,배송도빠르고 제품만족합니다,19.09.29.,4,0,0,종류: 04 어린이올슬림모(24개월-6세)
9075,"한달사용기배송과 포장도 모두 만족합니다~ 
또 구매예정입니다~~^^",19.09.22.,5,0,한달사용기,종류: 01 성인이중슬림모(보편적인)
9076,칫솔모 끝이 뾰족하지 않아서 잘 닦이는지는 써봐야 알겠네요. 생각보다 가격이 싸지는 않아서 사요해보고 계속 사용할지는 생각해봐야 할거 같아요,19.09.13.,4,0,0,종류: 05 어린이이중슬림모(7세-10세)
9077,교정칫솔도 일반칫솔도 한번 써봤지만 괜찮은듯해요. 장기간 써보고 좋으면 재구매 예정입니다.,19.08.28.,5,0,0,종류: 15 미소덴탈 숯올슬림모(민감성)
9078,재구매잇몸에는 무리없고 치간 사이사이 잘 닦여서 좋아요 많이 파세요.,19.09.24.,4,재구매,0,종류: 02 성인올슬림모-일반형(민감성)
9079,배송도빠르고 제품 만족합니다~,19.09.29.,4,0,0,종류: 01 성인이중슬림모(보편적인)
9080,확실히 시중에 파는 칫솔보다 잇몸의 자극이 적어서 좋네용,19.09.24.,5,0,0,종류: 15 미소덴탈 숯올슬림모(민감성)
9081,구석구석 닦으려면 칫솔이 큰 것 보다 작은게 나아서 이걸 사용하는데 좋아요~^^,19.09.22.,5,0,0,종류: 04 어린이올슬림모(24개월-6세)
9082,"잘받았습니다
빠른배송좋아요
칫솔모가 부드러우면서도 힘이 있는거 같아요",19.09.02.,5,0,0,종류: 07 교정칫솔-일반형
9083,한달사용기겉모습이 조금 싼티 나서 그동안 안썼었는데 막상 사용해보니 정말 좋네요 만족합니다,19.08.31.,5,0,한달사용기,종류: 01 성인이중슬림모(보편적인)
9084,배송도 빠르고 좋아요~교체할 때 되면 또 구매하러 올게요~,19.09.21.,5,0,0,종류: 11 어금니-슬림형
9085,한달사용기완전만족해요!! 두번째주문하는건데 남편도아들도 좋아해요ㅎㅎ,19.09.21.,5,0,한달사용기,종류: 03 성인올슬림모-고급형(민감성)
9086,"좋아요
개별포장되서좋네요",19.10.01.,5,0,0,종류: 01 성인이중슬림모(보편적인)
9087,교정중이라 치과에서 구매한 칫솔 1차 사용 후 여기서 구매한 걸로 2차로 사용합니다. 1차에서 잘 닦이지 않은 부분을 여기서 구매한걸로 후에 닦으면 더 깨끗하게 닦입니다. 또한 칫솔모가 부드러워 잇몸이 아프지 않고 좋습니다 ^^,19.09.07.,5,0,0,종류: 08 교정칫솔-슬림형
9088,사용해 보고 리뷰를 다시 남기겠습니다. 제품은 원하던 거라 만족스러울 것 같으며 사은품도 감사합니다,19.09.18.,5,0,0,종류: 03 성인올슬림모-고급형(민감성)
9089,좋아요 배송도 빠르구,19.09.05.,4,0,0,종류: 02 성인올슬림모-일반형(민감성)
9090,배송도 빠르고 치솔도 좋네요,19.10.01.,5,0,0,종류: 05 어린이이중슬림모(7세-10세)
9091,빠른 배송과 물건 좋네요~,19.09.30.,5,0,0,종류: 03 성인올슬림모-고급형(민감성)
9092,힘있어서 잘닦여서좋아요,19.09.29.,4,0,0,종류: 01 성인이중슬림모(보편적인)
9093,제가원하던칫솔이예요 ㅋ좋아요,19.09.23.,4,0,0,종류: 03 성인올슬림모-고급형(민감성)
9094,한달사용기칫솔모 빠지는거 빼고는 너무 만족합니다,19.09.26.,5,0,한달사용기,0
9095,재구매가격대비 좋아요.배송도 빨라요,19.09.23.,5,재구매,0,종류: 08 교정칫솔-슬림형
9096,좋아요좋아  요 호  좋아용~,19.10.01.,4,0,0,종류: 03 성인올슬림모-고급형(민감성)
9097,아이들이 이닦을때 아프다고 안하고 잘닦이는것 같아요,19.09.04.,3,0,0,종류: 05 어린이이중슬림모(7세-10세)
9098,잇몸이 마모되고 치아가 시려서 지금쓰는 칫솔이 크고 뭉툭해서 불편해서 구매했습니다 사용해보고 좋으면 재구매할께요~크리너도 잘쓸께요^^,19.08.20.,4,0,0,종류: 03 성인올슬림모-고급형(민감성)
9099,진짜 부드러워요~ 배송도 진짜 빠르고요^^ 교정 한달차인데 잇몸에 무리가지 않게하려 시켜봤어요 좋아서 다음에도 시켜야겠어요,19.08.22.,5,0,0,종류: 03 성인올슬림모-고급형(민감성)
9100,좋아요 ㅎㅎㅎ치아 사이사이 잘닦야요,19.09.24.,5,0,0,종류: 01 성인이중슬림모(보편적인)
9101,빠른배송으로 받았습니다 만족합니다,19.09.26.,5,0,0,종류: 03 성인올슬림모-고급형(민감성)
9102,한달사용기칫솔맘에들어요 머리가작아서좋아요,19.09.22.,5,0,한달사용기,종류: 05 어린이이중슬림모(7세-10세)
9103,제품사용중인데 만족합니다,19.09.21.,5,0,0,종류: 05 어린이이중슬림모(7세-10세)
9104,한달사용기좋아요 모도 적당하고 세지도 약하지도 않고 딱 좋아용ㅎㅎ,19.09.21.,5,0,한달사용기,종류: 01 성인이중슬림모(보편적인)
9105,배송도빠르고 치솔도 좋네요~~,19.10.01.,5,0,0,종류: 01 성인이중슬림모(보편적인)
9106,"빠른배송으로 받았습니다 
감사합니다",19.09.26.,5,0,0,종류: 07 교정칫솔-일반형
9107,칫솔질이 잘되서 만족해요.,19.09.29.,5,0,0,종류: 01 성인이중슬림모(보편적인)
9108,딱 가격정도의 질입니다,19.09.29.,4,0,0,종류: 08 교정칫솔-슬림형
9109,딸아이 교정 중이라 구매합니다^^ 잘 쓸께요~,19.09.21.,4,0,0,종류: 07 교정칫솔-일반형
9110,이 칫솔만 사용할겁니다 가즈아~~,19.09.21.,5,0,0,종류: 01 성인이중슬림모(보편적인)
9111,한달사용기모질이 빠진 제품이 있었지만 저렴하게 구매해서 아주 잘 사용했습니다! 추천추천!!,19.09.17.,4,0,한달사용기,종류: 08 교정칫솔-슬림형
9112,적당히 부드럽고 잘닦이네요,19.09.27.,5,0,0,종류: 01 성인이중슬림모(보편적인)
9113,통에 넣어서 칫솔하나하나  갗고다닐수있도록와서 참감사했어요,19.09.21.,5,0,0,종류: 10 어금니-돔형
9114,빠른 배송 좋네요~ 잘쓰고 또 구매할께요 ^^,19.09.23.,5,0,0,종류: 10 어금니-돔형
9115,가격도 저렴하고!! 너무 좋네여 ㅋㅋ,19.09.24.,5,0,0,종류: 03 성인올슬림모-고급형(민감성)
9116,재구매빠른배송 만족합니다,19.09.29.,5,재구매,0,종류: 01 성인이중슬림모(보편적인)
9117,"잘받았습니다 배송도 빠르고요
앞으로 계속 구매할듯",19.09.02.,5,0,0,종류: 03 성인올슬림모-고급형(민감성)
9118,"적당히 부드럽고, 크기도 적당해서 교정한 이에 딱 좋아요.",19.09.23.,5,0,0,종류: 08 교정칫솔-슬림형
9119,배송도 빠르고 만족합니다,19.09.07.,5,0,0,종류: 00 초미세모(매우부드러운)
9120,딱딱하니  조어네요,19.09.29.,5,0,0,종류: 00 성인일반모(단단한)
9121,괜찮운거같아욜~~~~,19.10.23.,4,0,0,종류: 01 성인이중슬림모(보편적인)
9122,조아요 조아요~~~^^,19.09.15.,5,0,0,종류: 01 성인이중슬림모(보편적인)
9123,어제 받고 아직 사용하지 않아서 잘은 모르겠지만 배송도 만족스러웠고 제품도 좋을 것 같습니다,19.09.18.,5,0,0,종류: 02 성인올슬림모-일반형(민감성)
9124,부드럽고 괜찮네요 제가 찾던거예요,19.09.20.,4,0,0,종류: 08 교정칫솔-슬림형
9125,한달사용기저렴해서 쓸만해요ㅋㅋ,19.09.30.,5,0,한달사용기,종류: 09 어금니-일반형
9126,"약국에서 3000,4000원 주고 1개사기 넘 아까웠는데 가성비 최고입니다.",19.09.24.,5,0,0,종류: 05 어린이이중슬림모(7세-10세)
9127,좋아요좋아요좋아요좋아요좋아요좋아요좋아요,19.10.21.,5,0,0,종류: 01 성인이중슬림모(보편적인)
9128,"여기저기 알아보는데 미세모라고 이름은 되있는데도 진짜 미세모가 아니더라구요, 근데 여기는 진짜 퀄리티도 좋고 맘에 듭니다.",19.09.04.,5,0,0,0
9129,재구매가격대비 좋아요. 배송도빨라요,19.09.23.,5,재구매,0,종류: 04 어린이올슬림모(24개월-6세)
9130,배송도 빠르고 상품도 만족합니다,19.09.07.,5,0,0,종류: 03 성인올슬림모-고급형(민감성)
9131,아직안써봐서 모르겠자ㅣ만 배송은 빠름요,19.09.26.,3,0,0,종류: 01 성인이중슬림모(보편적인)
9132,잘받았습니다. 적당한 크기에 제가 원한 강도네요.,19.09.23.,5,0,0,종류: 01 성인이중슬림모(보편적인)
9133,한달사용기사용하기 편하고 좋아요,19.09.28.,4,0,한달사용기,종류: 10 어금니-돔형
9134,치과칫솔이라서 그런지 부드럽고 좋아요,19.09.24.,5,0,0,종류: 00 초미세모(매우부드러운)
9135,한달사용기아들이  좋다고  잘 사용하고 있어요,19.09.25.,5,0,한달사용기,종류: 08 교정칫솔-슬림형
9136,한달사용기나느나너류누니어유나나,19.09.06.,4,0,한달사용기,종류: 08 교정칫솔-슬림형
9137,한달사용기저렴하고 괜찮아요 ㅋㅋㅋ,19.09.30.,5,0,한달사용기,종류: 07 교정칫솔-일반형
9138,칫솔 괜찮아서 부모님도 사드렸어요~^^,19.09.05.,5,0,0,종류: 02 성인올슬림모-일반형(민감성)
9139,어른꺼 사면서 아가것두 샀는데 아직 써보진 않았지만 좋을것 같아요. 어른꺼는 어금니칫솔이랑 썻을때 아주 만족스러웠거든요~^^,19.08.21.,5,0,0,종류: 06 유아올슬림모(13개월-36개월)
9140,확실히 치과칫솔이라 그런지 잘 닦이는거같아요,19.09.22.,5,0,0,종류: 00 성인일반모(단단한)
9141,칫솔모크기 적당하고 좋아요,19.09.26.,5,0,0,종류: 06 유아올슬림모(13개월-36개월)
9142,칫솔 너무 좋아용~ 제가 사용하던거보다 사이즈는 작은ㄷㅔ 그래서 그런지 어금니사이까지 잘 닦이네요ㅎㅎ 칫솔모도 많이 부드러워요,19.08.20.,5,0,0,종류: 01 성인이중슬림모(보편적인)
9143,잘 받았습니다 감사합니다,19.09.26.,5,0,0,종류: 08 교정칫솔-슬림형
9144,재구매늘 쓰던거린 재구매했어요,19.09.26.,5,재구매,0,종류: 02 성인올슬림모-일반형(민감성)
9145,배송이 빨랐어요 칫솔도 좋네요 감사합니다!,19.09.19.,5,0,0,종류: 01 성인이중슬림모(보편적인)
9146,좋습니다......,19.10.02.,5,0,0,종류: 00 성인일반모(단단한)
9147,한달사용기잘사용하고있어요!!!,19.09.29.,4,0,한달사용기,종류: 07 교정칫솔-일반형
9148,"재구매2번째 구매입니다
사용해보니 만족해서 이가 아프신 친정엄마꺼 구매후 보내드렸는데 엄마도 칫솔모도 부드럽고 오히려 시중 칫솔보다 더 구석구석 시원하게 잘 닦이신다네요
아이꺼두 다 바꾸고 암웨이꺼 사용했었는데
이제품로 모두 교체완료
우리집 칫솔은 앞으로 바로 너!!!!",19.08.08.,5,재구매,0,종류: 03 성인올슬림모-고급형(민감성)
9149,좋습니다~~~~~~.,19.10.02.,5,0,0,종류: 01 성인이중슬림모(보편적인)
9150,배송은 느렸지만 제품은 맘에 들어용!,19.09.05.,4,0,0,종류: 01 성인이중슬림모(보편적인)
9151,한달사용기아들이 교정할때 썻던칫솔이라 꾸준히쓰고있어요,19.09.21.,5,0,한달사용기,종류: 01 성인이중슬림모(보편적인)
9152,한달사용기좋아요 맘에들어요 잘산거같아요배송도 정말 잘 어울려요 그리고,19.08.27.,5,0,한달사용기,종류: 01 성인이중슬림모(보편적인)
9153,늘애용하고있어요~~~,19.09.29.,5,0,0,종류: 04 어린이올슬림모(24개월-6세)
9154,늘애용하고있어요~~~,19.09.29.,5,0,0,종류: 00 성인일반모(단단한)
9155,늘 애용하고 있어요 ~~~,19.09.29.,5,0,0,종류: 01 성인이중슬림모(보편적인)
9156,한달사용기어금니가 잘 썩어서 ㅜ 양치 잘해보려고 교정할때 쓰던게 생각나서.,19.09.15.,5,0,한달사용기,종류: 09 어금니-일반형
9157,칫솔 좋은거 같아요! 배송도 빠르구료,19.09.19.,5,0,0,종류: 02 성인올슬림모-일반형(민감성)
9158,좋아요 교정중이라 찾아보다가 온가족 다 섞어 주문했어요,19.08.26.,5,0,0,종류: 02 성인올슬림모-일반형(민감성)
9159,아주좋아요잘쓰고있ㅇㆍㄱㅇ‥ㄷ,19.10.08.,5,0,0,종류: 01 성인이중슬림모(보편적인)
9160,"재구매항상 오랄비 쓰다가 치과용 칫솔이 좋다고해서 구매하게 되었어요
칫솔모도 부드럽고 칫솔크기도 작아서 어금니까지도 잘 닦이네요
부드럽게 구석구석 닦여서 만족하고
친정엄마도 사드렸네요
같이구매한 어금니 칫솔도 같이 사용하니
더 깨끗함이 느껴지고
사은품으로 주신 혀클리너는 진짜
열심히 잘 사용중으로 만족!!!!",19.08.08.,5,재구매,0,종류: 02 성인올슬림모-일반형(민감성)
9161,한달사용기그냥저냥 머리부분이 4세 쓰기엔 좀 크네요,19.09.23.,3,0,한달사용기,종류: 04 어린이올슬림모(24개월-6세)
9162,잘받았어요  일년은 걱정 없겟네,19.09.19.,5,0,0,종류: 01 성인이중슬림모(보편적인)
9163,늘 쓰건 제품입니다. 모가 단단해서 탄력이 좋네요.,19.09.17.,5,0,0,종류: 10 어금니-돔형
9164,늘 쓰건 제품입니다. 모가 단단해서 탄력이 좋네요.,19.09.17.,5,0,0,종류: 5-2 너구리이중슬림모(7세-10세)
9165,늘 쓰건 제품입니다. 모가 단단해서 탄력이 좋네요.,19.09.17.,5,0,0,종류: 00 성인일반모(단단한)
9166,한달사용기배송빠르고 칫솔 너무 좋아요^^,19.09.26.,5,0,한달사용기,종류: 01 성인이중슬림모(보편적인)
9167,한달사용기재구매늘쓰던것 좋아요 가성비굿,19.09.25.,5,재구매,한달사용기,종류: 12 해피덴-비타민이중슬림모(보편적인)
9168,한달사용기잘 닦여요. 굵은모 미세모 두개 같이 쓰다가 이걸로는 한개만 사용합니다.,19.09.07.,4,0,한달사용기,종류: 01 성인이중슬림모(보편적인)
9169,재구매많이 구매해서 칫솔걱정 없어요,19.09.24.,5,재구매,0,종류: 08 교정칫솔-슬림형
9170,매번 같은 칫솔만 쓰게되네요,19.09.24.,5,0,0,종류: 03 성인올슬림모-고급형(민감성)
9171,한달사용기치과에서는 이거 하나에 3천원 받음.,19.09.24.,5,0,한달사용기,종류: 08 교정칫솔-슬림형
9172,작지만 괜찮은것같아요,19.09.25.,5,0,0,종류: 00 초미세모(매우부드러운)
9173,맨끝 어금니랑 어금니 사이에 모가 닿이는지도 보여서 더 구석구석 양치할수있어요!!,19.08.27.,5,0,0,종류: 11 어금니-슬림형
9174,한달사용기다른데꺼 주문해서 써봤는데 별로라서 여기꺼 사봤는데 너무 좋아서 오 구매하러 왔어요! 교정중인데 넘 부드럽고 좋네요,19.09.08.,5,0,한달사용기,종류: 08 교정칫솔-슬림형
9175,디자인도 이쁘고 가격도 저렴하고 잘 사용하겠습니다~,19.09.22.,4,0,0,종류: 07 교정칫솔-일반형
9176,늘쓰던거라 주문했어요. 좋아요,19.09.20.,4,0,0,종류: 01 성인이중슬림모(보편적인)
9177,한달사용기부드러워서좋다고하네요.,19.09.25.,4,0,한달사용기,종류: 08 교정칫솔-슬림형
9178,배송은 느렸지만 제품은 만족합니당~ ㅜㅜ,19.09.05.,4,0,0,종류: 11 어금니-슬림형
9179,여러개 사서 잘 쓰고 있습니다,19.09.03.,5,0,0,종류: 07 교정칫솔-일반형
9180,부드럽고 좋네요~~,19.09.28.,4,0,0,종류: 01 성인이중슬림모(보편적인)
9181,"깔끔하게 포장되어 빨리왔네요
혀클리너 사은품인것같은데 잘받았습니다",19.09.11.,4,0,0,종류: 10 어금니-돔형
9182,너무 좋아용 아가꺼랑 항상 쓰던거라 대량구매 햇어용^^,19.09.20.,5,0,0,종류: 5-1 너구리올슬림모(24개월-6세)
9183,한달사용기생긴거와 다륵ㆍ기 모질도 좋네용,19.09.26.,5,0,한달사용기,종류: 01 성인이중슬림모(보편적인)
9184,"재구매만족합니다 
감사합니다",19.10.17.,5,재구매,0,종류: 00 초미세모(매우부드러운)
9185,구석 구석 닦기 좋네요,19.09.07.,5,0,0,종류: 08 교정칫솔-슬림형
9186,구석 구석 닦기 좋네요,19.09.07.,5,0,0,종류: 09 어금니-일반형
9187,구석 구석 닦기 좋네요,19.09.07.,5,0,0,종류: 05 어린이이중슬림모(7세-10세)
9188,구석 구석 닦기 좋네요,19.09.07.,5,0,0,종류: 01 성인이중슬림모(보편적인)
9189,"교정치과에서 쓰던게 있었는데 여기가 더 저렴한듯하여 주문했는데 생긴거만 비슷하지 다르네요
모도 딱딱한게 좋아서 제일 강한걸로 했는데 확실히 부드러운게 더 좋을듯요
양치 후에 잇몸 살짝
아프고 싸구려 느낌 있네요; 가격대비 그냥저냥~",19.08.28.,3,0,0,종류: 00 성인일반모(단단한)
9190,"너무좋아용 항상쓰던거라 대량구매
했습니다",19.09.20.,5,0,0,종류: 03 성인올슬림모-고급형(민감성)
9191,한달사용기아이칫솔도 이걸로 정착해야할듯,19.09.22.,5,0,한달사용기,종류: 01 성인이중슬림모(보편적인)
9192,좋은거 같아요 ㅎ 잘쓸께요,19.09.01.,5,0,0,종류: 00 성인일반모(단단한)
9193,좋은거 같아요 ㅎ 잘쓸께요,19.09.01.,5,0,0,종류: 01 성인이중슬림모(보편적인)
9194,좋은거 같아요 ㅎ 잘쓸께요,19.09.01.,5,0,0,종류: 02 성인올슬림모-일반형(민감성)
9195,좋은거 같아요 ㅎ 잘쓸께요,19.09.01.,5,0,0,종류: 03 성인올슬림모-고급형(민감성)
9196,인플란트한 엄마에게 선물했어요.,19.09.02.,5,0,0,종류: 10 어금니-돔형
9197,좋은거 같아요 ㅎ 잘쓸께요,19.09.01.,3,0,0,종류: 00 초미세모(매우부드러운)
9198,가격대비 퀄리티 완전 좋습니다. 적극 추천합니다. 담부턴 여기서만 사서 쓰려고 합니다.,19.09.04.,5,0,0,0
9199,"모가 너무 약하지도 강하지도 않아서 좋아요!!
다 쓰면 다시 재구매하려고요~~",19.09.07.,5,0,0,종류: 12 해피덴-비타민이중슬림모(보편적인)
9200,"한달사용기그냥 가격대비 좋아요 
금방헤지기는해요",19.09.23.,5,0,한달사용기,종류: 08 교정칫솔-슬림형
9201,한달사용기칫솔모가  좀  작아요,19.09.25.,4,0,한달사용기,종류: 03 성인올슬림모-고급형(민감성)
9202,"재구매같은 제품 오래쓰는게 아이들꺼는 첨인듯요
다른제품들보다 잘쓰고있습니다
가성비좋아요",19.08.21.,5,재구매,0,종류: 05 어린이이중슬림모(7세-10세)
9203,한달사용기다쓰고 또사러올겡유,19.09.24.,5,0,한달사용기,종류: 07 교정칫솔-일반형
9204,부드러워요 ㅇㅏ이들도같이썽ᆢㄷ,19.09.24.,3,0,0,종류: 02 성인올슬림모-일반형(민감성)
9205,잘쓸게요 좀 비싸긴하지만 내 치아를 위해 투자합니다,19.09.13.,3,0,0,종류: 10 어금니-돔형
9206,잘쓸게요 좀 비싸긴하지만 내 치아를 위해 투자합니다,19.09.13.,3,0,0,종류: 09 어금니-일반형
9207,잘쓸게요 좀 비싸긴하지만 내 치아를 위해 투자합니다,19.09.13.,3,0,0,종류: 03 성인올슬림모-고급형(민감성)
9208,잘쓸게요 좀 비싸긴하지만 내 치아를 위해 투자합니다,19.09.13.,3,0,0,종류: 02 성인올슬림모-일반형(민감성)
9209,칫솔모 부드럽고 좋아요,19.09.24.,4,0,0,0
9210,가격도 착하고 품질도  좋고 배송 빠름,19.09.23.,5,0,0,종류: 00 성인일반모(단단한)
9211,가볍고 칫솔모도 좋아요.,19.09.24.,4,0,0,종류: 01 성인이중슬림모(보편적인)
9212,완죤 만족합니다~^^,19.09.21.,5,0,0,종류: 00 성인일반모(단단한)
9213,저렴하게 잘샀어욤 ㅎㅎㅎ,19.09.27.,5,0,0,종류: 08 교정칫솔-슬림형
9214,한달사용기교정칫솔 많이 써봤는데 여기꺼는 모도 너무 쉽게 벌어지고 억세서 별로네요,19.09.15.,2,0,한달사용기,종류: 07 교정칫솔-일반형
9215,써보니 좋네요..잘 닦이고 헤드가 작아서 구석구석 드갑니다..,19.08.24.,4,0,0,종류: 03 성인올슬림모-고급형(민감성)
9216,"아직 사용 전인데 좋아 보이네요
배송 빨라요",19.09.20.,4,0,0,종류: 03 성인올슬림모-고급형(민감성)
9217,일단 배송 빠르고 모도 적당하게 부드러우면서도 힘이 있어요.,19.08.28.,4,0,0,종류: 02 성인올슬림모-일반형(민감성)
9218,사이즈가 적당하고 좋아요,19.09.23.,5,0,0,종류: 04 어린이올슬림모(24개월-6세)
9219,사이즈가 적당하고좋아요,19.09.23.,5,0,0,종류: 05 어린이이중슬림모(7세-10세)
9220,아직 써보지 않아 잘모르겠지만... 잘쓰겠습니다..^^,19.09.23.,2,0,0,0
9221,한 번 사용하게되면 계속 쓰게 되는 칫솔입니다.,19.09.19.,5,0,0,종류: 03 성인올슬림모-고급형(민감성)
9222,항상 쓰는거에요 ㅎㅎ,19.09.06.,5,0,0,종류: 5-1 너구리올슬림모(24개월-6세)
9223,항상 쓰는거에요 ㅎㅎ,19.09.06.,5,0,0,종류: 01 성인이중슬림모(보편적인)
9224,항상 쓰는거에요 ㅎㅎ,19.09.06.,5,0,0,종류: 00 성인일반모(단단한)
9225,한달사용기조아요조아요조아요조아요,19.10.17.,5,0,한달사용기,종류: 11 어금니-슬림형
9226,가격대비 고퀄입니다!! 진짜 강추합니다!!,19.08.27.,5,0,0,종류: 03 성인올슬림모-고급형(민감성)
9227,한달사용기늘 이상품 잘 쓰고 있습니다,19.09.23.,4,0,한달사용기,종류: 02 성인올슬림모-일반형(민감성)
9228,교정 칫솔이 필요했는데 마트엔 없어서 여기서 주문했어요,19.08.27.,5,0,0,종류: 07 교정칫솔-일반형
9229,"모를 선택할수 있어 좋네요.
종류가 많아서 고르긴 힘들지만요.
저는 가격 품질 만족합니다.",19.09.09.,4,0,0,종류: 05 어린이이중슬림모(7세-10세)
9230,잘ㄴ받ㅇ았ㅇ습ㅇㄴ니다,19.10.09.,5,0,0,종류: 03 성인올슬림모-고급형(민감성)
9231,마트용 칫솔보다는  훨씬 좋아요,19.09.21.,5,0,0,종류: 06 유아올슬림모(13개월-36개월)
9232,처음 구매 후 만족해서 매번 여기에서 아이들꺼랑 어른들꺼 주문해요~ 치아 사이사이 음식물이 잘 빠져서 너무 좋아요~^^ 서비스로 주신 혀클리너랑 치실 감사해요~~,19.08.13.,5,0,0,종류: 01 성인이중슬림모(보편적인)
9233,가격도 가격이지만 포장에 정성이 담겨있어 최고별점 드려용!ㅎ. 치약하나하나 일회용 플라스틱 케이스가 담겨있습니당~,19.09.07.,5,0,0,종류: 14 미소덴탈 금올슬림모(민감성)
9234,"가격대비, 교정칫솔 대만족입니다! 두번째 구매!",19.09.14.,5,0,0,종류: 07 교정칫솔-일반형
9235,잘 사용하고  있어요,19.09.03.,3,0,0,종류: 05 어린이이중슬림모(7세-10세)
9236,아주맘에들어요asdff,19.09.27.,5,0,0,종류: 02 성인올슬림모-일반형(민감성)
9237,조은제품   감사합니다,19.09.23.,5,0,0,종류: 15 미소덴탈 숯올슬림모(민감성)
9238,조은제품 감사합니다,19.09.23.,5,0,0,종류: 10 어금니-돔형
9239,가성비 좋습니다~가성비좋아요,19.09.24.,5,0,0,종류: 03 성인올슬림모-고급형(민감성)
9240,좋아요 계속 여기서 주문해요 저렴하고,19.08.26.,5,0,0,종류: 08 교정칫솔-슬림형
9241,한달사용기성인 올슬림모-일반형(민감성)으로 주문했어요. 4가족 색깔 별로 구분해서 사용하고 있구요~ 잘 사용하고 있어요~ 10개만 샀는데 더 살걸 그랬어요. 사용해보시면 아실거에요. 추천합니다~ 저도 다시 구매할거에요~ 강추입니다~~~,19.08.27.,5,0,한달사용기,종류: 02 성인올슬림모-일반형(민감성)
9242,잇몸에 자극이 덜해서 좋은거같습니다,19.09.19.,5,0,0,종류: 15 미소덴탈 숯올슬림모(민감성)
9243,교정 칫솔은 금방 닳아서 쟁여두는 편인데! 생각보다 너무 좋아서 잘 쓰고 있어요 ㅎㅎ 칫솔 케이스도 사이즈 적당하구 치간칫솔도 젤 작은거 하니까 교정 중에 쓰기 너무 좋구여 ㅜ_ㅜ 교정 중이시라면 거울도 같이 구매하세요! 강추,19.08.29.,5,0,0,종류: 07 교정칫솔-일반형
9244,처음 구매해봤는데 좋은제품이였음 좋겠네요,19.08.29.,4,0,0,종류: 01 성인이중슬림모(보편적인)
9245,필요한 제품 저렴하니 잘 샀어용,19.09.21.,5,0,0,종류: 09 어금니-일반형
9246,빠른 배송 감사합니다,19.09.02.,5,0,0,종류: 01 성인이중슬림모(보편적인)
9247,"치과에서 샘플로써보고 만족
치실쓴듯한 개운함",19.09.17.,5,0,0,종류: 01 성인이중슬림모(보편적인)
9248,"부드러움을 기대하고 샀습니다만, 생각했던 부드러움이 없네요. 좀 많이 실망했어요...",19.08.21.,3,0,0,종류: 08 교정칫솔-슬림형
9249,재구매항상이용하는 칫솔입니다,19.09.01.,5,재구매,0,종류: 03 성인올슬림모-고급형(민감성)
9250,재구매항상 이용하는 칫솔입니다,19.09.01.,5,재구매,0,종류: 00 초미세모(매우부드러운)
9251,재구매항상이용하는 칫솔입니다,19.09.01.,5,재구매,0,종류: 00 성인일반모(단단한)
9252,재구매항상 이용하는 치솔이에요,19.09.01.,5,재구매,0,종류: 01 성인이중슬림모(보편적인)
9253,포장이 꼼꼼하고 배송 좋았어요^^,19.09.21.,5,0,0,종류: 06 유아올슬림모(13개월-36개월)
9254,한달사용기항상 쓰던 칫솔이에요 좋아요,19.09.01.,5,0,한달사용기,종류: 09 어금니-일반형
9255,가성비좋아요~ 좋아요~,19.09.24.,4,0,0,종류: 00 초미세모(매우부드러운)
9256,가성비좋아요~좋아요~,19.09.24.,5,0,0,종류: 13 해피덴-비타민올슬림모(민감성)
9257,잘사용하고 있어요.,19.09.03.,4,0,0,종류: 01 성인이중슬림모(보편적인)
9258,치아가 작은편이라  칫솔모 사이즈가 잘맞네요 미세모지만 부드럽고 좋아요,19.09.10.,4,0,0,종류: 01 성인이중슬림모(보편적인)
9259,"색깔별로 와서 더 좋았어요~
잘 쓸게요:)",19.08.27.,5,0,0,종류: 02 성인올슬림모-일반형(민감성)
9260,교정 치료를 받게 되서 미리 주문해봅니다,19.09.18.,5,0,0,종류: 08 교정칫솔-슬림형
9261,빠른배송과 괜찮은 칫솔이에요~,19.09.21.,5,0,0,종류: 08 교정칫솔-슬림형
9262,가격도 착하고 품질도 좋아요~,19.09.23.,5,0,0,종류: 03 성인올슬림모-고급형(민감성)
9263,치아교정 끝나고 치아 뒤에 유지장치 부착 중인데 치석이 생기기 쉽다고해서 더 꼼꼼하게 닦으려고 어금니 칫솔 주문했어요 맨날 병원에서 개당 2천원씩 사서 쓰다가 이제 여기서 주문하려고용ㅎㅎ배송도 빠르고 잘 받았습니다,19.08.26.,5,0,0,종류: 09 어금니-일반형
9264,다양하게 판매하셔서 필요한것들 한까번에 구매할수 있어서 너무 좋아요 많이 파세요~,19.08.22.,5,0,0,종류: 08 교정칫솔-슬림형
9265,저렴하게 잘 샀어요.교정용 홈이 많이파여있어서 더 잘닦인다고 좋데요.사은품으로 보내주신 혀닦기도 잘쓸께요,19.09.05.,5,0,0,종류: 09 어금니-일반형
9266,늘 이 칫솔만 써요. 좋아요.,19.09.19.,5,0,0,종류: 03 성인올슬림모-고급형(민감성)
9267,포장꼼꼼하고 배송 좋았어요^^,19.09.21.,4,0,0,종류: 02 성인올슬림모-일반형(민감성)
9268,한달사용기칫솔모가 단단해서 좋아요,19.09.01.,5,0,한달사용기,종류: 07 교정칫솔-일반형
9269,컬러별로 하나씩 포장되어있는것도 좋고 주문해서 쓰니까 좋아요. 사은품 혀칫솔도 감사합닌나,19.08.16.,5,0,0,종류: 02 성인올슬림모-일반형(민감성)
9270,교정에 일반형과슬림형 어떨지몰라 같이 주문,19.09.18.,5,0,0,종류: 07 교정칫솔-일반형
9271,조아여 쓰던거라 또구매했어요,19.09.19.,5,0,0,종류: 05 어린이이중슬림모(7세-10세)
9272,조아여 쓰던거라 또구매했어요,19.09.19.,5,0,0,종류: 01 성인이중슬림모(보편적인)
9273,좋아요!!!!!또 구매할게요,19.09.22.,5,0,0,종류: 04 어린이올슬림모(24개월-6세)
9274,재구매교정중이라 재구매했음.,19.09.01.,4,재구매,0,종류: 07 교정칫솔-일반형
9275,부들부들해서 좋습니다,19.09.21.,5,0,0,종류: 01 성인이중슬림모(보편적인)
9276,색도 예쁘고 칫솔도 부드럽고 좋아요,19.08.31.,4,0,0,종류: 03 성인올슬림모-고급형(민감성)
9277,재구매역시 꼼꼼한ㅍᆢ장에 잘받았어요,19.09.23.,5,재구매,0,종류: 5-1 너구리올슬림모(24개월-6세)
9278,재구매만족합니다 잘 쓸게요,19.09.22.,5,재구매,0,종류: 07 교정칫솔-일반형
9279,재구매만족합니다 잘 쓸게요,19.09.22.,5,재구매,0,종류: 08 교정칫솔-슬림형
9280,늘 애용하는 상품입니다^^,19.09.22.,5,0,0,종류: 07 교정칫솔-일반형
9281,괜찮은거 같아요.  아이용 심플하고 솔도 크기적당한듯요,19.08.22.,4,0,0,종류: 05 어린이이중슬림모(7세-10세)
9282,한달사용기저렴하게샀네요 ㅎㅎ,19.09.24.,5,0,한달사용기,종류: 09 어금니-일반형
9283,한달사용기저렴하게 샀네요 ㅎㅎ,19.09.24.,5,0,한달사용기,종류: 10 어금니-돔형
9284,"어금니형은 처음 써보는데 ,,, 처음엔 좀 어색했는데,,
일주일써보니까 굉장히 만좁합니다.",19.09.09.,5,0,0,종류: 10 어금니-돔형
9285,좋은제품 감사합니다~~,19.09.23.,5,0,0,종류: 00 성인일반모(단단한)
9286,좋은제품 감사합니다~~,19.09.23.,5,0,0,종류: 01 성인이중슬림모(보편적인)
9287,좋은제품 감사합니다~~,19.09.23.,5,0,0,종류: 09 어금니-일반형
9288,좋은제품 감사합니다~~,19.09.23.,5,0,0,종류: 10 어금니-돔형
9289,배송고 빠르고 엄청 부드러워요~~,19.09.20.,5,0,0,종류: 03 성인올슬림모-고급형(민감성)
9290,구석구석 잘 닦입니다~,19.09.22.,5,0,0,종류: 09 어금니-일반형
9291,잇몸 약한 가족들을 위해 구매했는데 좋아요 ! 교정 중일 때도 좋아요,19.09.10.,5,0,0,종류: 02 성인올슬림모-일반형(민감성)
9292,"재구매재주문했어요 
아이가 교정을 했어요 
칫솔은 부드럽고 좋은데 슬림형 주문했더니
조금 빨리 닳긴 하네요
그래도 가격 싸고 아이한테 잘 맞아요~",19.08.13.,4,재구매,0,종류: 08 교정칫솔-슬림형
9293,원하던사이즈 모양이네요. 시원스럽게 잘닦이는거 같아요.,19.08.22.,4,0,0,종류: 12 해피덴-비타민이중슬림모(보편적인)
9294,배송도빠르고 칫솔도 맘에 들어요,19.09.20.,5,0,0,종류: 03 성인올슬림모-고급형(민감성)
9295,배송도빠르고 칫솔도 맘에들어요,19.09.20.,5,0,0,종류: 11 어금니-슬림형
9296,"처음 써봐서 아직은 칫솔질이 어색하긴 한데
어금니 안쪽까지 칫솔이 닿으니까 좀 더 개운한 느낌이에요^^",19.09.10.,4,0,0,종류: 10 어금니-돔형
9297,배송도 빠르고 엄청 부드러워요~~~,19.09.20.,5,0,0,종류: 00 초미세모(매우부드러운)
9298,자극이 덜하고 칫솔도 좋아요,19.09.19.,4,0,0,종류: 03 성인올슬림모-고급형(민감성)
9299,가격도  질도 대만족 치과서 사용해보고 구매,19.09.17.,5,0,0,종류: 10 어금니-돔형
9300,좀 얇은거 같은데 오히려 더 잘닦이는거 같아요,19.09.17.,5,0,0,종류: 02 성인올슬림모-일반형(민감성)
9301,좀 얇은거 같은데 오히려 더 잘닦이는거 같아요,19.09.17.,5,0,0,종류: 08 교정칫솔-슬림형
9302,치실쓴듯 개운함  아이들것도좋고 가격도저렴,19.09.17.,5,0,0,종류: 08 교정칫솔-슬림형
9303,한달사용기원했던 대로에요. 이가 썩지않길.,19.09.15.,5,0,한달사용기,종류: 01 성인이중슬림모(보편적인)
9304,아직 사용전이구요. 믿고 구매해봅니다^-^~,19.09.14.,4,0,0,종류: 01 성인이중슬림모(보편적인)
9305,한달사용기미세모라 좋습니다 ^^,19.09.23.,5,0,한달사용기,종류: 03 성인올슬림모-고급형(민감성)
9306,교정이 끝난 후에도 이 칫솔로만 사용하고 있어요~,19.09.17.,5,0,0,종류: 01 성인이중슬림모(보편적인)
9307,빠른 배송 좋아요.,19.09.02.,5,0,0,종류: 09 어금니-일반형
9308,어른용이 좋아서 아이들도 구매 만족,19.09.17.,5,0,0,종류: 04 어린이올슬림모(24개월-6세)
9309,구석구석 잘 닦여요,19.09.21.,4,0,0,종류: 09 어금니-일반형
9310,칫솔모가 단단해서 좋아용,19.09.19.,5,0,0,종류: 00 성인일반모(단단한)
9311,"재구매늘 쓰는제품입니다
아이들이 모양을좋아하기도하고
양치능력도좋은거 같아서 늘 구매해요",19.08.21.,5,재구매,0,종류: 04 어린이올슬림모(24개월-6세)
9312,배송도 빠르고 상품도 만족합니다,19.09.20.,5,0,0,종류: 05 어린이이중슬림모(7세-10세)
9313,아주 만족합니다 다음에 또 이용할게요!!,19.09.17.,5,0,0,종류: 15 미소덴탈 숯올슬림모(민감성)
9314,"재구매여기제품만 계속 쓰고있어요
디자인.가격.제품 다 좋아요~^^
이름쓰는란도있는거보이시죠?
4가지 컬러에 기린이에요~
7살 5살 요거쓰고있어요~",19.08.13.,5,재구매,0,종류: 04 어린이올슬림모(24개월-6세)
9315,부드럽고 촘촘히 잘 닦입니다. 2번째 구매인데 다 쓰면 재구매하려 합니다,19.09.07.,5,0,0,종류: 07 교정칫솔-일반형
9316,"깜끔하게 잘 포장되서 빠르게 왔네요
잘쓰겠습니다",19.09.11.,4,0,0,종류: 11 어금니-슬림형
9317,어금니도 깨끗하게 닦을 수 있어요,19.08.28.,5,0,0,종류: 10 어금니-돔형
9318,올슬림모랑 차이를 모르겠어요 무난하게 쓰고 있어요.. 색깔이 여러개라 좋네요,19.09.07.,3,0,0,종류: 01 성인이중슬림모(보편적인)
9319,좋아요 써보세요 강력추천해요,19.09.20.,5,0,0,종류: 03 성인올슬림모-고급형(민감성)
9320,아직 안써봤는데 미세모 좋아해요,19.09.17.,5,0,0,종류: 01 성인이중슬림모(보편적인)
9321,머리가 작아서 구석구석 잘닦이고 좋아요,19.09.16.,5,0,0,종류: 01 성인이중슬림모(보편적인)
9322,치과에서 쓰는거랑 같아보여요,19.08.28.,5,0,0,종류: 08 교정칫솔-슬림형
9323,재구매어금니 닦기 너무 좋아여! 잇몸 사이도 닦기 좋네요ㅎㅎ 떨어지면 또 시킬거에여,19.09.07.,5,재구매,0,종류: 10 어금니-돔형
9324,교정땜에 이것도 써보네요,19.09.18.,5,0,0,종류: 10 어금니-돔형
9325,"깔끔하게 잘 포장되서
빠르게 왔네요
잘쓰겠습니다",19.09.11.,4,0,0,종류: 09 어금니-일반형
9326,싸게 적당하게 쓰기에 좋아요,19.09.18.,4,0,0,종류: 08 교정칫솔-슬림형
9327,싸게 적당하게 쓰기에 좋아요,19.09.18.,4,0,0,종류: 07 교정칫솔-일반형
9328,정말 초미세 ! 임플란트하신 아빠한테 드렸어요 !,19.09.10.,5,0,0,종류: 00 초미세모(매우부드러운)
9329,항상 쓰던거 몇년째 구입중입니다,19.09.16.,5,0,0,종류: 03 성인올슬림모-고급형(민감성)
9330,저렴하고    조아요,19.08.31.,5,0,0,종류: 11 어금니-슬림형
9331,항상 여기서 삿엉ㅎ,19.09.21.,4,0,0,종류: 01 성인이중슬림모(보편적인)
9332,재구매항상 쓰고잇습니다 조아요,19.09.18.,4,재구매,0,종류: 03 성인올슬림모-고급형(민감성)
9333,교정칫솔로 잘쓰고 있어요 !!! 다 쓰면 재주문하려고요,19.09.10.,5,0,0,종류: 08 교정칫솔-슬림형
9334,매우 부드럽다했지만 일반 칫솔 그냥 보통 부드러운 정도와 같습니다. 아쉽네요.,19.08.21.,3,0,0,종류: 00 초미세모(매우부드러운)
9335,배송빠르고 좋아서 재구매했어요,19.09.16.,5,0,0,종류: 03 성인올슬림모-고급형(민감성)
9336,손잡이 부분이 고무로 되어 있어 미끄러지지 않아 좋습니다,19.09.12.,5,0,0,종류: 03 성인올슬림모-고급형(민감성)
9337,집에서 쓰던 교정용 칫솔이 다 떨어져 급하게 주문해서 사용한건데 부드럽고 좋더라고요! 갈끔한 마무리도 좋아서 잘 쓸거 같아요,19.08.31.,5,0,0,종류: 08 교정칫솔-슬림형
9338,손잡이가 민감형과 일반형이 다르네요 그것말고는 딱히 다를게 없고 비슷해요,19.08.16.,5,0,0,종류: 03 성인올슬림모-고급형(민감성)
9339,"기존 사무실에서 치과칫솔을
사용 했는데 좋아서
네이버검색으로 구매 했는데
너무 좋네요
그립감이 좋도록 실리콘 처리도
되어 있고 좋아요",19.08.08.,5,0,0,종류: 15 미소덴탈 숯올슬림모(민감성)
9340,잇몸에서 자주 피나서 바꿔봤는데 좋아요.,19.09.15.,5,0,0,종류: 03 성인올슬림모-고급형(민감성)
9341,좋아요 좋아요 좋아요 좋아요,19.10.12.,4,0,0,종류: 07 교정칫솔-일반형
9342,첫 구매인데 아주 좋아요~~,19.09.12.,5,0,0,종류: 01 성인이중슬림모(보편적인)
9343,처음 써보는데 잘 쓰려나,19.09.18.,5,0,0,종류: 09 어금니-일반형
9344,먀족 만족 치석제거 효과적,19.09.17.,5,0,0,종류: 05 어린이이중슬림모(7세-10세)
9345,교정하느라 많이 필요해서 구입하게 되었어요. 칫솔모 뚜껑도 잇어 좋으네요,19.08.16.,5,0,0,종류: 07 교정칫솔-일반형
9346,한달사용기완전좋아요 아주좋아요,19.10.11.,5,0,한달사용기,종류: 07 교정칫솔-일반형
9347,"재구매항상 여기 제품만 써요
부드럽고 잘 닦이네요",19.08.21.,5,재구매,0,종류: 03 성인올슬림모-고급형(민감성)
9348,저렴하고   조아요.,19.08.31.,5,0,0,종류: 03 성인올슬림모-고급형(민감성)
9349,저렴하고  조아요.,19.08.31.,5,0,0,종류: 10 어금니-돔형
9350,"일반칫솔보다 좋아요
개운합니다.^^",19.09.17.,5,0,0,종류: 03 성인올슬림모-고급형(민감성)
9351,재구매항상 구매해서 사용하는 제품이예요,19.09.15.,5,재구매,0,종류: 07 교정칫솔-일반형
9352,배송도 빠르고 치과칫솔이라니 더 믿음이 가네요,19.09.13.,3,0,0,종류: 03 성인올슬림모-고급형(민감성)
9353,"미세모라서 너무 좋아요~^^ 부드러운 모로 내 
 치아 를 지킬수 있어요!!",19.08.18.,4,0,0,종류: 03 성인올슬림모-고급형(민감성)
9354,항상 잘 쓰고 있습니다,19.09.18.,5,0,0,종류: 01 성인이중슬림모(보편적인)
9355,아직 사용전이라서 모르겠네요. 배송은 빠르고 칫솔모는 오랄비보다 작네요.,19.09.06.,3,0,0,종류: 03 성인올슬림모-고급형(민감성)
9356,솔부분이 작아서 어금니 닦끼 편안하네요.,19.08.25.,4,0,0,종류: 09 어금니-일반형
9357,재구매항상 쓰는거라 좋네요~~^^배송이 정말 빠르네요~~잘쓰겠습니다,19.09.07.,5,재구매,0,종류: 11 어금니-슬림형
9358,"한달사용기이 칫솔 너무 좋아요
정말 어금니 구석구석 잘 닦여요
가족들 모두 똑같은 소리해요
너무 강추합니다",19.08.13.,5,0,한달사용기,종류: 03 성인올슬림모-고급형(민감성)
9359,재구매ㅇㅏ이가 좋아해서 재구매 했어요.,19.09.01.,4,재구매,0,종류: 05 어린이이중슬림모(7세-10세)
9360,재구매빠른배송 좋습니다.ㅋㅋ,19.09.21.,5,재구매,0,종류: 08 교정칫솔-슬림형
9361,"평이 괜찮아보여  구매했는데
저는  그럭저럭이었어요.   미세모로 부드러운 걸 원했는데  좀 거친 느낌이었어요",19.09.02.,3,0,0,종류: 00 초미세모(매우부드러운)
9362,"아기 칫솔 좋아요~
모래시계는 색깔이 잇엇으면 좋앗을거 같아요",19.09.07.,4,0,0,종류: 06 유아올슬림모(13개월-36개월)
9363,"아이 어금니에 쓸려고 구매했어요. 
배송도 빠르고 제품도 맘에 들어요",19.08.18.,5,0,0,종류: 10 어금니-돔형
9364,"칫솔모가 부드러우면서 세척도 잘되네요... 신기합니다~
잘쓸께요",19.09.09.,5,0,0,0
9365,"아이 어금니에 쓸려고 구매했어요. 
배송도 빠르고 제품도 좋으네요.",19.08.18.,5,0,0,종류: 09 어금니-일반형
9366,미세모 좋아해서 샀어요,19.09.17.,5,0,0,종류: 05 어린이이중슬림모(7세-10세)
9367,배송도 상품도 만족 합니다,19.09.19.,3,0,0,종류: 08 교정칫솔-슬림형
9368,배송도 상품도 만족 합니다,19.09.19.,4,0,0,종류: 07 교정칫솔-일반형
9369,어금니 쪽이 안닦이는 것 같아서 구매햇는데 조그맣고 잘 닦이는 것 같아서 좋아요,19.08.22.,5,0,0,종류: 10 어금니-돔형
9370,재구매너무좋아요 열번넘는 재구매,19.08.21.,5,재구매,0,종류: 03 성인올슬림모-고급형(민감성)
9371,솔부분이 작아서 어금니 닦기 편하네요.,19.08.25.,4,0,0,종류: 10 어금니-돔형
9372,한달사용기싸고좋아용 칫솔은자주갈아줘야지,19.09.14.,5,0,한달사용기,종류: 07 교정칫솔-일반형
9373,교정한 이후로 칫솔이 빨리 닳아서 주문했어요,19.09.12.,5,0,0,종류: 08 교정칫솔-슬림형
9374,색깔도 센스있게 알록달록 보내주시고 배송도 빨라 만족해요^^,19.08.22.,5,0,0,종류: 07 교정칫솔-일반형
9375,재구매의사있습니다 너무 좋네요!!,19.09.15.,5,0,0,종류: 03 성인올슬림모-고급형(민감성)
9376,배송빠르고 좋아요  마니요,19.09.18.,5,0,0,종류: 01 성인이중슬림모(보편적인)
9377,교정하고 있어서 교정 전용 칫솔 찾다가 리뷰 좋아서 구매 했어요,19.09.11.,4,0,0,종류: 08 교정칫솔-슬림형
9378,전에 시킨 거 다 쓰고 두 번째 구매에요 ㅎㅎ 솔도 나쁘지 않고 괜찮아서 또 샀습니다. 시킨거 다쓰면 또 시킬게요~,19.08.13.,5,0,0,종류: 07 교정칫솔-일반형
9379,"부드럽게 잘 닦이고 슬림하니 
어금니 구석까지 잘 닦이네요~ 좋아요",19.08.17.,5,0,0,종류: 03 성인올슬림모-고급형(민감성)
9380,"칫솔 헤드 작은게 꼼꼼하게 닦여서 선호하는 편인데 여기제품 칫솔 헤드가 작아서 좋아요~! 첫구매인데 너무 만족해서 꾸준히 여기서 시킬 것 같아요. 저는 잇몸이 약하진 않지만, 세게 닦으면 치아 마모 위험성이 높아진다길래 이중모와 올슬림모 구매했어요~ 그리고 부모님드리려고 초미세모도 구매했는데 완전 부드러워요! 처음 겪어본 부드러움이에요! 임플란트 하신 부모님들 쓰기에 좋을 것 같아요~~ 그리고 어금니 칫솔은 3가지 타입 다 구매했는데 솔직히 큰 차이는 못느끼겠어요~~ 작아서 다 비슷비슷합니다 아무거나 사셔도 될 것 같아요",19.07.17.,5,0,0,종류: 01 성인이중슬림모(보편적인)
9381,"잘 받았어요
사용은 해보지 않아서 담에 기회되면 올릴게요",19.09.06.,4,0,0,종류: 08 교정칫솔-슬림형
9382,"잇몸이 약해서 슬림모를 애용합니다
이것도 부드럽고 좋네요",19.09.10.,5,0,0,종류: 03 성인올슬림모-고급형(민감성)
9383,저렴하게 잘 쓰고 있어요. 다음에도 구매할겁니다,19.08.17.,5,0,0,종류: 07 교정칫솔-일반형
9384,어금니 돔형은 처음 사용하는거라 사용해보고 좋으면 재구매할께요~^^,19.08.20.,4,0,0,종류: 10 어금니-돔형
9385,한달사용기너무좋아서 다시 또 구매했어요,19.09.15.,5,0,한달사용기,종류: 5-2 너구리이중슬림모(7세-10세)
9386,"배송 빠르구요
치과에서 산ㄷㄴ것보다 저렴하네요",19.09.16.,4,0,0,종류: 08 교정칫솔-슬림형
9387,오늘 받아서 써보진않았는데. 빠른배송 만족합시다,19.08.22.,5,0,0,종류: 01 성인이중슬림모(보편적인)
9388,크기가 작아 안쪽도 잘 딱일듯해요~~~,19.09.15.,4,0,0,종류: 01 성인이중슬림모(보편적인)
9389,배송빠르고 치위생사여서 치과에서 판매하는칫솔 구매햇서요 조아용!,19.09.08.,5,0,0,종류: 02 성인올슬림모-일반형(민감성)
9390,치과에서 구매해서 사용했었는데 이렇게 저렴줄이야  홈도많이 파여서 잘닦인다고 좋다네요,19.09.05.,5,0,0,종류: 07 교정칫솔-일반형
9391,치과에서 구매해서 사용했었는데 이렇게 저렴줄이야  홈도많이 파여서 잘닦인다고 좋다네요,19.09.05.,5,0,0,종류: 08 교정칫솔-슬림형
9392,칫솔로 어금니를 치카푸카피카 정말 속 시원히 닦여요,19.09.10.,5,0,0,종류: 10 어금니-돔형
9393,재구매항상 사용하는제퓸이예요,19.09.15.,5,재구매,0,종류: 08 교정칫솔-슬림형
9394,솔이 부드러워서 괜찮아요. 임신하고 잇몸 자주  붓고 아프고해서 부드러운게 아님 안되네요.,19.09.02.,5,0,0,종류: 02 성인올슬림모-일반형(민감성)
9395,"재구매항상 쓰던거에요이 칫솔이 제일 잘 닦여요
구석구석 닦여서 좋아요
가족들 모두 이 칫솔만 써요",19.08.13.,5,재구매,0,종류: 03 성인올슬림모-고급형(민감성)
9396,아직 사용전인데 부드러워보여요~~~,19.09.15.,4,0,0,종류: 5-2 너구리이중슬림모(7세-10세)
9397,재구매교정기를 아직 안닦아 봣는데 사이가 비어잇어서 닦기 좋을 것 같아여 최고,19.09.07.,5,재구매,0,종류: 08 교정칫솔-슬림형
9398,교정용 일반형과 칫솔모가 미세모로 조금 다릅니다. 여러개 잇으니 맘 푸근하고 좋아요,19.08.16.,5,0,0,종류: 08 교정칫솔-슬림형
9399,8세 아이가 쓰기 칫솔모 크기 세기 다 좋습니다. 매번 잘 쓰고 있어요 재구매  의사 있습니나,19.08.31.,5,0,0,종류: 03 성인올슬림모-고급형(민감성)
9400,초딩이 쓰고있어요. 쓸만해요,19.08.22.,4,0,0,종류: 01 성인이중슬림모(보편적인)
9401,아주맘에들어요 배송도빠르고 좋네요,19.08.19.,5,0,0,종류: 01 성인이중슬림모(보편적인)
9402,칫솔잘쓰겠습니다~~,19.09.18.,4,0,0,종류: 01 성인이중슬림모(보편적인)
9403,개별 뚜껑이 있어 위생적이네요~~~,19.09.15.,4,0,0,종류: 5-1 너구리올슬림모(24개월-6세)
9404,만족합니다 아직 써보진 않았으나 얇아서 더 꼼꼼히 세척이 가능할듯하네요,19.08.17.,5,0,0,종류: 11 어금니-슬림형
9405,가격은 맘에 드는데 칫솔모가 빠져 나와요..첨 사용한 것만 그런건지 다른것도 더 사용해봐야겠어요,19.08.31.,3,0,0,종류: 07 교정칫솔-일반형
9406,생각보다 좋네요 애들도 그 전꺼보다 잘 닦인다고 합니다,19.09.05.,5,0,0,종류: 05 어린이이중슬림모(7세-10세)
9407,한달사용기쥬아용!!!!!!!!!!!!!!!!!!!너무너무,19.09.26.,5,0,한달사용기,0
9408,칫솔모가좋네요아이도좋아해요,19.08.20.,5,0,0,종류: 5-1 너구리올슬림모(24개월-6세)
9409,잘받았습니다......,19.09.21.,4,0,0,종류: 00 초미세모(매우부드러운)
9410,한달사용기칫솔모랑 너무 맘에들어요. 앞으로 계속 구매할게요,19.09.06.,5,0,한달사용기,종류: 01 성인이중슬림모(보편적인)
9411,항상 믿고 쓰는 제품이에요^^다른거 못 써요 ㅎ헤,19.08.17.,5,0,0,종류: 08 교정칫솔-슬림형
9412,좋은거같아요 추천해요,19.08.27.,4,0,0,종류: 01 성인이중슬림모(보편적인)
9413,"칫솔잘쓰겠습니다.
~",19.09.18.,4,0,0,종류: 04 어린이올슬림모(24개월-6세)
9414,교정하고 나서부터 여기서 계속 칫솔 사고 있어요 좋아요,19.08.20.,5,0,0,종류: 07 교정칫솔-일반형
9415,"지난번에 주문해서 다 쓰고 재구매 했어요
슬림모라 구서구석 잘 닦이고
이가 시린 편인데 자극도 적은것 같아요",19.08.08.,5,0,0,종류: 03 성인올슬림모-고급형(민감성)
9416,역시 생각처럼 부드럽고 정말좋아요,19.08.23.,5,0,0,종류: 02 성인올슬림모-일반형(민감성)
9417,부드러워요 빨리 왔어요,19.09.17.,5,0,0,종류: 03 성인올슬림모-고급형(민감성)
9418,써보고 좋으면 또 구매할께요~~~,19.09.15.,4,0,0,종류: 04 어린이올슬림모(24개월-6세)
9419,정말부드럽고 잘닦이는 칫솔모예요,19.08.23.,5,0,0,종류: 03 성인올슬림모-고급형(민감성)
9420,전동칫솔 쓰는데 어금니가 잘 안닦임으로 구매 후 사용하니 넘나 좋아요.,19.09.07.,5,0,0,종류: 03 성인올슬림모-고급형(민감성)
9421,인터넷으로 산것중에 최고인것같아요,19.09.12.,5,0,0,종류: 5-2 너구리이중슬림모(7세-10세)
9422,한달사용기재구매제품 다 사용했어요~ 재구매합니다 ㅎ,19.09.08.,5,재구매,한달사용기,종류: 5-1너구리올슬림모(24개월-6세)
9423,적절한 선택입니다.,19.09.16.,5,0,0,종류: 01 성인이중슬림모(보편적인)
9424,좋아요좋아좋아요좋아,19.09.19.,5,0,0,종류: 03 성인올슬림모-고급형(민감성)
9425,좋아요좋아좋아요좋아,19.09.19.,5,0,0,종류: 10 어금니-돔형
9426,"생각했던 이상으로
촣아요~
너무 부드럽지도 뻣뻣하지도않고
적당합니다ㆍ어금니칫솔도
좋아요~",19.09.09.,5,0,0,종류: 01 성인이중슬림모(보편적인)
9427,임산부용으로 샀더니 확실히 더 부드럽네요~,19.09.11.,5,0,0,종류: 00 초미세모(매우부드러운)
9428,신랑이 좋아해요만족해요,19.09.10.,4,0,0,종류: 02 성인올슬림모-일반형(민감성)
9429,정말 부드럽고 세정력도 좋아요,19.08.23.,5,0,0,종류: 00 초미세모(매우부드러운)
9430,"재구매저렴하고, 칫솔 헤드가 작아 입안쪽까지 잘닦임",19.09.10.,4,재구매,0,종류: 04 어린이올슬림모(24개월-6세)
9431,한달사용기약간 딱딱한 것 같지만 일반 칫솔 쓸때보다 더 편해요,19.09.08.,4,0,한달사용기,종류: 07 교정칫솔-일반형
9432,좋아요~ 큰 애 교정할때도 구입했는데..좋아서 작은 애 교정하며 또 구매했어요,19.09.02.,5,0,0,종류: 01 성인이중슬림모(보편적인)
9433,재구매재구매인데 치과에서 주는거랑 별 차이없어요 좋아요,19.09.09.,5,재구매,0,종류: 09 어금니-일반형
9434,아이가 쓰던거라 재구매했습니다,19.08.22.,5,0,0,종류: 05 어린이이중슬림모(7세-10세)
9435,한달사용기부드럽고 잘닦이고 크기도 적당해 구서구석 잘 닦여요,19.09.10.,5,0,한달사용기,종류: 01 성인이중슬림모(보편적인)
9436,전에 잘 써서 또 구매했어요. 다 쓰면 또 시킬 예정입니다. 칫솔 좋아요.,19.08.13.,5,0,0,종류: 08 교정칫솔-슬림형
9437,솔도 부드럽고 좋은것같아요,19.09.12.,5,0,0,종류: 00 성인일반모(단단한)
9438,좋아요 ㅎㅎㅎ 잘삿에요,19.09.17.,5,0,0,종류: 08 교정칫솔-슬림형
9439,한번칫솔질로 칫솔모가 교정기에끼고 빠지네요. 비추천입니다,19.08.12.,3,0,0,종류: 09 어금니-일반형
9440,한번칫솔질로 칫솔모가 교정기에끼고 빠지네요. 비추천입니다,19.08.12.,3,0,0,종류: 07 교정칫솔-일반형
9441,슬슬 잘 닦이네요 ㅋ,19.09.16.,4,0,0,종류: 02 성인올슬림모-일반형(민감성)
9442,재구매치과전용이라 만족합니다,19.08.23.,5,재구매,0,종류: 03 성인올슬림모-고급형(민감성)
9443,재구매치과전용이라 만족합니다,19.08.23.,5,재구매,0,종류: 05 어린이이중슬림모(7세-10세)
9444,재구매배송빠름 늘사용하는 칫솔 좋아요,19.08.21.,5,재구매,0,종류: 00 초미세모(매우부드러운)
9445,"빠른배송이 맘에 들었구, 다양한 칫솔구성이 좋았습니다,",19.09.09.,3,0,0,0
9446,잘쓰고 있어요...모는 부드럽고,19.09.08.,5,0,0,종류: 08 교정칫솔-슬림형
9447,"배송 빨라요
사용전입니다
좋은물건 같아요",19.09.06.,4,0,0,종류: 08 교정칫솔-슬림형
9448,보통이에요.  솔이  부드럽지 않아서 저는 그럭저럭이었어요,19.09.02.,3,0,0,종류: 03 성인올슬림모-고급형(민감성)
9449,보통이에요.  솔이  부드럽지 않아서 저는 그럭저럭이었어요,19.09.02.,3,0,0,종류: 02 성인올슬림모-일반형(민감성)
9450,만족합니다.칫솔모부드러워요~~^^,19.09.08.,4,0,0,종류: 01 성인이중슬림모(보편적인)
9451,만족합니다. 어금니 닦기에 좋아요,19.09.06.,4,0,0,종류: 01 성인이중슬림모(보편적인)
9452,"배송이조금느리긴했지만
상품이좋아서괜찮아요^^",19.09.10.,5,0,0,종류: 02 성인올슬림모-일반형(민감성)
9453,가성비 좋은 것 같아요. 배송도 적절했어요,19.09.06.,4,0,0,종류: 01 성인이중슬림모(보편적인)
9454,배송도빠르고양치질도잘되요,19.09.12.,3,0,0,종류: 02 성인올슬림모-일반형(민감성)
9455,배송도빠르고양치질도잘되요,19.09.12.,3,0,0,종류: 13 해피덴-비타민올슬림모(민감성)
9456,잘닦여서 좋아요 ㅋㅋ,19.09.16.,4,0,0,종류: 01 성인이중슬림모(보편적인)
9457,한달사용기치과 칫솔 절대 아닙니다 청소용으로 쓰고 있어요 재구매 의사 전혀 없습니다,19.09.04.,2,0,한달사용기,종류: 03 성인올슬림모-고급형(민감성)
9458,다른곳보다 저렴하면서 질적으로도 우수한듯 합니다.,19.09.07.,5,0,0,종류: 15 미소덴탈 숯올슬림모(민감성)
9459,며칠 사용해봤는디  칫솔모가 부드러워 양치할때 기분이 좋다거하네요~ 생각보가 칫솔길이가 짦아지만  뭐.. 그래도 만족합니다~,19.08.26.,4,0,0,종류: 05 어린이이중슬림모(7세-10세)
9460,됴아요 혀클리너도 감사합니당,19.08.21.,5,0,0,종류: 09 어금니-일반형
9461,"재구매잘쓸께요~~
빠른배송 감사해용",19.09.07.,5,재구매,0,종류: 08 교정칫솔-슬림형
9462,빠르게 배송 받았습니다. 수고하세요,19.09.10.,4,0,0,종류: 03 성인올슬림모-고급형(민감성)
9463,가격대비 품질이 좋아요,19.09.12.,5,0,0,종류: 05 어린이이중슬림모(7세-10세)
9464,생각보다 작아서 놀랬는데 시험삼아 한번 써보려고 구매 했어요.,19.09.05.,3,0,0,종류: 09 어금니-일반형
9465,아직써보지않았지만 계속이용할것같아요,19.09.08.,5,0,0,종류: 08 교정칫솔-슬림형
9466,가성비 너무 맘에 드네요 자주 애용할게요~~~,19.09.06.,4,0,0,종류: 07 교정칫솔-일반형
9467,칫솔모가 부드러우면서 탄탄하고 크지않아 개운하게 잘 닦여요~^^,19.09.06.,5,0,0,종류: 08 교정칫솔-슬림형
9468,"너무좋아요 역시 믿고쓰는 칫솔
강추입니다",19.08.19.,5,0,0,종류: 03 성인올슬림모-고급형(민감성)
9469,재구매이가 잘 닦여요 재구매합니다!,19.09.06.,5,재구매,0,종류: 01 성인이중슬림모(보편적인)
9470,단단한 모 성인용은 끝이 뭉뚱해서 정말 안닦이네요. 칫솔모가 뾰족하지않아요. 으윽 쓸때의 느낑너무싫어요. 이가 넘 아프고 고통스러워요 치과용인데 끝이 저게뭔가요ㅜㅜ 최악입니다 단단한모 다시 생각해보세요.,19.08.19.,1,0,0,종류: 00 성인일반모(단단한)
9471,헤드가 작아서 구석구석 잘 닦이겠어요. 다른제품도 써보고싶어요,19.09.01.,4,0,0,종류: 03 성인올슬림모-고급형(민감성)
9472,한달사용기어머니가쓰시는데 확실히 일반칫솔보다 부드럽고 자극없이 좋다고하시네요,19.09.03.,5,0,한달사용기,종류: 08 교정칫솔-슬림형
9473,한달사용기어머니가쓰시는데 확실히 일반칫솔보다 부드럽고 자극없이 좋다고하시네요,19.09.03.,5,0,한달사용기,종류: 03 성인올슬림모-고급형(민감성)
9474,항상 구매해요. 믿고 씁니다,19.08.17.,5,0,0,종류: 04 어린이올슬림모(24개월-6세)
9475,포장좋아요 아직미사용,19.08.17.,5,0,0,종류: 08 교정칫솔-슬림형
9476,부드럽게 잘 써지네요. 모 마감처리도 깔끔해서 좋습니다,19.09.01.,5,0,0,종류: 07 교정칫솔-일반형
9477,두번째 구매 장 쓸게오,19.09.12.,5,0,0,종류: 04 어린이올슬림모(24개월-6세)
9478,두번째 구매 합니다 잘,19.09.12.,5,0,0,종류: 01 성인이중슬림모(보편적인)
9479,"하나를 오래 쓰진 못할거 같은 느낌이 살짝 있지만
대체적으로 만족합니다 
칫솔은 자주 바꾸는게.좋을거 같으니 자주 바꿔가면서
잘쓸께요~~",19.08.28.,4,0,0,종류: 12 해피덴-비타민이중슬림모(보편적인)
9480,칫솔이 부드러워보여요,19.08.22.,3,0,0,종류: 00 초미세모(매우부드러운)
9481,가격대비 품질 좋아요,19.09.12.,5,0,0,종류: 01 성인이중슬림모(보편적인)
9482,이거 진짜 좋아요 구석구석 너무 잘닦여요,19.09.10.,5,0,0,종류: 01 성인이중슬림모(보편적인)
9483,한달사용기조아요조아요조아요 추천,19.10.05.,5,0,한달사용기,종류: 00 성인일반모(단단한)
9484,좋흡니다. 잘쓸께요~,19.09.09.,4,0,0,0
9485,안전하고 정성들인 포장으로 서비스만족하고 있습니다~,19.09.07.,5,0,0,종류: 13 해피덴-비타민올슬림모(민감성)
9486,"모양은 정말 좋은데 다소 잇몸이 아픈..
그래도 잘닦여요!",19.08.17.,4,0,0,종류: 10 어금니-돔형
9487,맘에들어요 잘닦여요,19.08.19.,5,0,0,종류: 02 성인올슬림모-일반형(민감성)
9488,빠른배송 감사합니다!~,19.09.13.,4,0,0,종류: 07 교정칫솔-일반형
9489,솔이 작아서 구석구석 잘 닦이네요,19.09.09.,5,0,0,종류: 03 성인올슬림모-고급형(민감성)
9490,"배송 빨라요
사용전입니다",19.09.06.,4,0,0,종류: 07 교정칫솔-일반형
9491,생각보다 부드럽진 않아요 무난하게 잘 쓰고 있어요,19.09.07.,3,0,0,종류: 02 성인올슬림모-일반형(민감성)
9492,짱좋아유 아주 짱짱하구 시원해요,19.09.09.,5,0,0,종류: 07 교정칫솔-일반형
9493,칫솔이 가벼워요 잡기도 편해요~^^,19.09.07.,5,0,0,종류: 03 성인올슬림모-고급형(민감성)
9494,치아에 큰 무리없이 잘 닦입니다,19.09.09.,5,0,0,종류: 01 성인이중슬림모(보편적인)
9495,"배송빠르게 잘받았어요 
임신중이라 부드러운  칫솔모 찾고있었는데 좋아요",19.08.09.,4,0,0,종류: 03 성인올슬림모-고급형(민감성)
9496,매번 구매하던거라 믿고씁니다~잘쓸게요^-^,19.09.08.,4,0,0,종류: 01 성인이중슬림모(보편적인)
9497,재구매몇번째 재구매중입니다,19.08.21.,5,재구매,0,종류: 07 교정칫솔-일반형
9498,아직사용전인데 괜찮겠죠?,19.08.21.,5,0,0,종류: 00 초미세모(매우부드러운)
9499,교정후 쓰게되었는데 좋아요~,19.09.10.,5,0,0,종류: 09 어금니-일반형
9500,교정후 쓰게되었는데 좋아요~,19.09.10.,5,0,0,종류: 07 교정칫솔-일반형
9501,교정후 쓰게되었는데 좋아요~,19.09.10.,5,0,0,종류: 10 어금니-돔형
9502,아아가  너무 좋아해요  ㅋㅋ,19.09.12.,5,0,0,종류: 02 성인올슬림모-일반형(민감성)
9503,모가 부드러워서 자극없이 닦이네요.,19.09.08.,4,0,0,종류: 13 해피덴-비타민올슬림모(민감성)
9504,재구매어금니는 어금니 칫솔이 좋아요,19.08.21.,5,재구매,0,종류: 09 어금니-일반형
9505,전 항상 작은 칫소로 닦는데 정말 잘 닦여요,19.08.17.,5,0,0,종류: 05 어린이이중슬림모(7세-10세)
9506,"만족합네다~
배송빠르고 좋습니다~!!",19.09.10.,5,0,0,종류: 01 성인이중슬림모(보편적인)
9507,"좋아요
다음에 또살께용",19.08.16.,5,0,0,종류: 01 성인이중슬림모(보편적인)
9508,재구매여러번 구매중입니다,19.08.21.,5,재구매,0,종류: 02 성인올슬림모-일반형(민감성)
9509,배송은 빨리왔고 사용해보고 후기남길게요,19.09.06.,4,0,0,종류: 07 교정칫솔-일반형
9510,좋아요 좋아요 좋아요,19.10.04.,5,0,0,종류: 03 성인올슬림모-고급형(민감성)
9511,"칫솔 잘 받았습니다. 우선 처음 쓰는거라 4점드리고, 이후에 괜찮으면 한달 후기에서 5점드릴게요",19.08.06.,4,0,0,종류: 01 성인이중슬림모(보편적인)
9512,교정용이 효과가 있으면 좋겠어요,19.09.08.,5,0,0,종류: 00 초미세모(매우부드러운)
9513,재구매저렴한만큼 내구성이랄까? 암튼 썩 좋진 않지만 어차피 소모품이라 그럭저럭 쓸만행ᆢㄷ,19.08.27.,3,재구매,0,종류: 07 교정칫솔-일반형
9514,잘받았습니다 수고하세요,19.09.10.,5,0,0,종류: 00 초미세모(매우부드러운)
9515,"기대해봅니다.오랄비만썼었는데
한번써볼께요.",19.09.01.,4,0,0,종류: 10 어금니-돔형
9516,신랑이 만족해합니다,19.09.10.,4,0,0,종류: 00 초미세모(매우부드러운)
9517,신랑이 만족해합니다,19.09.10.,4,0,0,종류: 00 성인일반모(단단한)
9518,신랑이 만족해합니다,19.09.10.,4,0,0,종류: 04 어린이올슬림모(24개월-6세)
9519,신랑이 만족해합니다,19.09.10.,4,0,0,종류: 01 성인이중슬림모(보편적인)
9520,재구매늘 쓰던 제품입니다. 가성비좋아요,19.09.03.,5,재구매,0,종류: 12 해피덴-비타민이중슬림모(보편적인)
9521,재구매항상만족합니다배송도바로보내주셧어요,19.08.16.,5,재구매,0,종류: 01 성인이중슬림모(보편적인)
9522,한달사용기재구매부드럽고 좋아 계속 재구매 중입니다,19.09.07.,5,재구매,한달사용기,종류: 5-1너구리올슬림모(24개월-6세)
9523,포장상태굿!!! 잘받음요,19.08.17.,5,0,0,종류: 07 교정칫솔-일반형
9524,교정한 아들을 위해 구매했습니다,19.08.18.,4,0,0,종류: 08 교정칫솔-슬림형
9525,빠른배송 감사합니다,19.09.10.,4,0,0,종류: 05 어린이이중슬림모(7세-10세)
9526,미세모가 진짜 부드러워요 이렇게 부드러운 칫솔은 처음,19.08.09.,5,0,0,종류: 00 초미세모(매우부드러운)
9527,사은품도 두개나 같이 왔어요,19.09.08.,5,0,0,종류: 02 성인올슬림모-일반형(민감성)
9528,매번구매하던거라 믿고씁니다~,19.09.08.,4,0,0,종류: 02 성인올슬림모-일반형(민감성)
9529,매번쓰던거라 믿고구매합니다~,19.09.08.,4,0,0,종류: 03 성인올슬림모-고급형(민감성)
9530,아직써보진않았으나 괜찮을것같아요!,19.08.17.,5,0,0,종류: 09 어금니-일반형
9531,오래는 못가지만 자주갈아야해요ㅠㅠ,19.08.18.,5,0,0,종류: 08 교정칫솔-슬림형
9532,교정에좋아효종아요좋어요,19.08.18.,4,0,0,종류: 07 교정칫솔-일반형
9533,칫솔모가 부드럽고 튼튼해요,19.09.08.,5,0,0,종류: 13 해피덴-비타민올슬림모(민감성)
9534,특수 칫솔답게 섬세하게 닦기 좋습니다,19.09.06.,4,0,0,종류: 09 어금니-일반형
9535,재구매부드럽고잘닦여서계속이용해요,19.08.17.,5,재구매,0,종류: 03 성인올슬림모-고급형(민감성)
9536,재구매가성비 갑 칫솔입니다. 추천해요~,19.09.03.,5,재구매,0,종류: 08 교정칫솔-슬림형
9537,애들이 좋아하네요 헤드부분 작은것도 맘에들구요,19.08.30.,5,0,0,종류: 5-2 너구리이중슬림모(7세-10세)
9538,배송바르고 갠찮네용 ㅎㅎ,19.08.21.,5,0,0,종류: 15 미소덴탈 숯올슬림모(민감성)
9539,잘쓰겠습니다~~~~~~,19.09.15.,4,0,0,종류: 00 성인일반모(단단한)
9540,재구매칫솔모가 부드럽고  잘닦여서 재구매 해서 쓰고 있어요~다음에 또 재구매 의사 있습니다,19.08.26.,5,재구매,0,종류: 03 성인올슬림모-고급형(민감성)
9541,배송 빠르게 잘 왔네요,19.09.09.,5,0,0,종류: 04 어린이올슬림모(24개월-6세)
9542,배송 빠르게 잘 왔네요,19.09.09.,5,0,0,종류: 01 성인이중슬림모(보편적인)
9543,"싼맛에 주문해봤어요.
가성비 좋아요.",19.09.03.,4,0,0,종류: 02 성인올슬림모-일반형(민감성)
9544,일반형은 칫솔모가 빠져서 그런데 이건 어떨지 사용해보고 후기 남길께요,19.08.31.,3,0,0,종류: 08 교정칫솔-슬림형
9545,매번 사서 쓰는 상품리빈더,19.09.08.,5,0,0,종류: 01 성인이중슬림모(보편적인)
9546,재구매교정하는 둘째 아이 늘 사주는 칫솔입니다 이게 젤로 잘 닦인다네요,19.09.01.,4,재구매,0,종류: 07 교정칫솔-일반형
9547,슬림형도 디게좋아요,19.09.09.,5,0,0,종류: 08 교정칫솔-슬림형
9548,"만족합니다.
종류가 많아서 교정과 상관없이 써도 좋을것 같아요",19.08.28.,5,0,0,종류: 01 성인이중슬림모(보편적인)
9549,교정하신분한테 딱이에요,19.08.18.,4,0,0,종류: 11 어금니-슬림형
9550,한달사용기칫솔모가 매우 부드럽고 잘닦입니다ㆍ,19.09.08.,5,0,한달사용기,종류: 00 초미세모(매우부드러운)
9551,몇년째 항상쓰는거예요,19.09.08.,5,0,0,종류: 01 성인이중슬림모(보편적인)
9552,재구매가격대비 그럭저럭 만족하고 써요. 싸니까 자주 바꿀 수 있어서 좋죠,19.08.27.,3,재구매,0,종류: 01 성인이중슬림모(보편적인)
9553,잘닦이는거 같아요 앞으로 여기서만 시켜야겠어요,19.08.30.,5,0,0,종류: 00 성인일반모(단단한)
9554,"아이가 좋아해요 
새거라 좋아했을까 싶은데 좀 더 지켜보면 알거같아요",19.08.28.,4,0,0,종류: 04 어린이올슬림모(24개월-6세)
9555,재구매쓰던거에요 입안이 상쾌해져요,19.09.01.,5,재구매,0,종류: 03 성인올슬림모-고급형(민감성)
9556,재구매쓰던거에요 입안이 상쾌해져요,19.09.01.,5,재구매,0,종류: 09 어금니-일반형
9557,재구매쓰던거에요 입안이 상쾌해져요,19.09.01.,5,재구매,0,종류: 08 교정칫솔-슬림형
9558,재구매쓰던거에요 입안이 상쾌해져요,19.09.01.,5,재구매,0,종류: 11 어금니-슬림형
9559,재구매쓰던거에요 입안이 상쾌해져요,19.09.01.,5,재구매,0,종류: 10 어금니-돔형
9560,이번이 재구매인데 다른 곳보다 저렴하고 혀 클리너도 챙겨주셨어요 감사합니다 ㅎㅎ,19.08.30.,5,0,0,종류: 08 교정칫솔-슬림형
9561,재구매늘쓰는 제품이에요~잘쓸께용,19.09.07.,5,재구매,0,종류: 10 어금니-돔형
9562,애터미만 쓰다 치과칫솔이라고 해서 주문했어요.,19.09.03.,5,0,0,종류: 03 성인올슬림모-고급형(민감성)
9563,가격에 비해 질이 좋은편이예요,19.09.06.,4,0,0,종류: 12 해피덴-비타민이중슬림모(보편적인)
9564,항상구매하는제푸ㅠㅁ이비낙.,19.09.11.,5,0,0,종류: 03 성인올슬림모-고급형(민감성)
9565,가격 저렴하고 좋은거같아요~,19.09.07.,5,0,0,종류: 11 어금니-슬림형
9566,가격 저렴하고 좋은거같아요~,19.09.07.,5,0,0,종류: 09 어금니-일반형
9567,가격 저렴하고 좋은거같아요~,19.09.07.,5,0,0,종류: 10 어금니-돔형
9568,가격 저렴하고 좋은거같아요~,19.09.07.,5,0,0,종류: 13 해피덴-비타민올슬림모(민감성)
9569,배송도 빠르고 아주 좋아요,19.09.07.,5,0,0,종류: 09 어금니-일반형
9570,가성비대비 품질 좋아요~제품 추천합니다,19.08.31.,4,0,0,종류: 08 교정칫솔-슬림형
9571,쩝... 부드럽지 않은 칫솔.,19.08.21.,3,0,0,종류: 11 어금니-슬림형
9572,"칫솔질하기 편합니다.
사이즈폭이 보통칫솔보다  조금얇아 이 사이사이 편하고 깊히 칫솔질하기좋아요",19.08.30.,5,0,0,종류: 02 성인올슬림모-일반형(민감성)
9573,재구매칫솔모가 부드러우면서도 힘이 있어요,19.08.15.,5,재구매,0,종류: 03 성인올슬림모-고급형(민감성)
9574,배송 빨라요  딸아이 교정 시작해서 샀는데  좋았으면 좋겠네여,19.08.27.,4,0,0,종류: 07 교정칫솔-일반형
9575,한달사용기애가 치카하기 편하다고 해요. 미세모라 빨리 벌어지긴해요.,19.08.30.,4,0,한달사용기,종류: 05 어린이이중슬림모(7세-10세)
9576,잘쓰겠습니다!!!!,19.08.23.,5,0,0,종류: 00 성인일반모(단단한)
9577,재구매항상 사용해요 가성비좋아요,19.09.03.,5,재구매,0,종류: 03 성인올슬림모-고급형(민감성)
9578,늘 믿고사용하던거라 재구매했어요!,19.09.05.,5,0,0,종류: 03 성인올슬림모-고급형(민감성)
9579,정말 부드러워요. 잇몸에 자극없어서 맘에 듭니다.,19.08.31.,5,0,0,종류: 00 초미세모(매우부드러운)
9580,좋습니다. 잘쓸께요,19.09.09.,4,0,0,0
9581,좋습니다. 잘쓸께요,19.09.09.,4,0,0,0
9582,재구매좋아서 재구매하고 추천합니다.,19.09.06.,5,재구매,0,종류: 00 성인일반모(단단한)
9583,국산 치과칫솔 미세모 치과전용칫솔 30여가지 성인 어린이 어금니 교정 치실 치간 칫솔 미소덴탈 치아요정,19.08.22.,5,0,0,종류: 00 성인일반모(단단한)
9584,늘 믿고 구매하던거라 재구매했어요^^,19.09.05.,5,0,0,종류: 01 성인이중슬림모(보편적인)
9585,잘닦여요 저는 이중슬림모가 잘맞는거같아요,19.08.30.,5,0,0,종류: 01 성인이중슬림모(보편적인)
9586,교정 중에 사용하기 좋아요^^,19.09.07.,5,0,0,종류: 07 교정칫솔-일반형
9587,"재구매늘 사용하던 거에요
잘 쓰겠습니다",19.08.31.,5,재구매,0,종류: 01 성인이중슬림모(보편적인)
9588,제 잇몸이 좀 민감한 편이어서 부드러운 칫솔을 찾고 있었는데 슬림형이어도 양치할 때 조금은 아픈게 느껴져서 4점 드립니다..,19.08.24.,4,0,0,종류: 08 교정칫솔-슬림형
9589,"가격대비
만족해요 미세모가 양치엔 좋져 ㅋㅋ",19.08.30.,4,0,0,종류: 01 성인이중슬림모(보편적인)
9590,재구매부드럽고좋아요계속이용해요,19.08.17.,5,재구매,0,종류: 13 해피덴-비타민올슬림모(민감성)
9591,만족합니다ㅋ 항상 쓰던  칫놀이예요,19.08.31.,5,0,0,종류: 5-1 너구리올슬림모(24개월-6세)
9592,치실굿 저렴하게 잘 샀습니다~,19.09.06.,5,0,0,종류: 07 교정칫솔-일반형
9593,만족해요~~~~~~~~~,19.09.15.,4,0,0,종류: 05 어린이이중슬림모(7세-10세)
9594,배송 정말 빠르구요! 칫솔 어제 받아서 오늘 새로 사용했어요 크게 나쁘진않은거같아요 더 사용해봐야 알겠지만 색상도 요청대로 보내주셔서 감사드립니다. 번창하세요^^,19.07.26.,5,0,0,종류: 01 성인이중슬림모(보편적인)
9595,저렴하고 상품 질 좋아요,19.09.06.,5,0,0,종류: 09 어금니-일반형
9596,오늘 와서 오늘 써봤는데 교정중인데 칫솔질이 너무 잘되는거 같아요 ㅠㅠ v자여서 브라켓도 잘 닦이는거 같습니당 만족이에요!!,19.08.21.,4,0,0,종류: 07 교정칫솔-일반형
9597,매우 매우 부드럽습니다 부드러운 면으로는 아주 뛰어난 성능입니다.,19.08.31.,5,0,0,종류: 00 초미세모(매우부드러운)
9598,늘 믿고 쓰던거라 재구매했어요^^,19.09.05.,5,0,0,종류: 00 성인일반모(단단한)
9599,치과에서 준 치솔모와 같네요~배송 빠르고 좋아요~~,19.08.28.,5,0,0,종류: 03 성인올슬림모-고급형(민감성)
9600,"재구매재 구매 해요 
서본 칫솔중 제일
좋아요",19.09.05.,5,재구매,0,종류: 01 성인이중슬림모(보편적인)
9601,칫솔이 개별 포장 되어있어서 너무 만족스러워요.배송이 빨라서 더욱 좋구요!이제 치아 건강해질 일만 남앗네요♡재구매의사 있습니당!!!,19.08.17.,5,0,0,종류: 01 성인이중슬림모(보편적인)
9602,"아주 좋아요
추천해요",19.09.09.,4,0,0,종류: 01 성인이중슬림모(보편적인)
9603,쓸 만 합 니  다,19.08.19.,3,0,0,종류: 02 성인올슬림모-일반형(민감성)
9604,쓸 만   합  니 다,19.08.19.,3,0,0,종류: 08 교정칫솔-슬림형
9605,재구매부담없이잘쓱느잇어요,19.09.05.,3,재구매,0,종류: 02 성인올슬림모-일반형(민감성)
9606,교정중인딸이 쓰는데 가볍고 예쁘고 솔이 부드럽대요,19.08.31.,4,0,0,종류: 08 교정칫솔-슬림형
9607,재구매만족하여 재구매 합니다.,19.09.06.,5,재구매,0,종류: 03 성인올슬림모-고급형(민감성)
9608,"전 두가지 종류샀어요
교정 시작하고 분명 칫솔질 잘했다고 생각했는데 어금니용으로 또 닦으니 이물낀게 나오더군요😒 여튼 다쓰면 재구매할생각이예요",19.08.08.,5,0,0,종류: 09 어금니-일반형
9609,빠른배송 감사합니다,19.09.06.,3,0,0,종류: 08 교정칫솔-슬림형
9610,치솔모가 부드러운 제품,19.09.05.,4,0,0,종류: 00 초미세모(매우부드러운)
9611,배송 빠르고 아직 미 사용이지만 좋아 보이네요 잘 쓰겠습니다 사은품 감사합니딘,19.08.22.,5,0,0,종류: 10 어금니-돔형
9612,한달사용기좋아요 좋아요 좋아요,19.09.29.,3,0,한달사용기,종류: 01 성인이중슬림모(보편적인)
9613,한달사용기아들이 교정하고 있어 주문해어요~^^자주 바꿔주야 하는데 치과에서  보다 훨씬 저렴하니 잘 한것 같아요~,19.07.24.,5,0,한달사용기,종류: 08 교정칫솔-슬림형
9614,칫솔질도 잘되고 조아용,19.09.05.,5,0,0,종류: 02 성인올슬림모-일반형(민감성)
9615,안써봤지만 좋을것같아요,19.09.04.,4,0,0,종류: 09 어금니-일반형
9616,양치해보니 괜찮은거같아요,19.08.14.,5,0,0,종류: 01 성인이중슬림모(보편적인)
9617,아이칫솔 몇년째 쓰고 있어요~~  매우 만족합니다~,19.08.27.,5,0,0,종류: 06 유아올슬림모(13개월-36개월)
9618,색이 알록달록하니 골라쓰는 재미가 있겠어요,19.08.31.,5,0,0,종류: 05 어린이이중슬림모(7세-10세)
9619,재구매좋아서 재구매합니다.,19.09.06.,5,재구매,0,종류: 07 교정칫솔-일반형
9620,칫솔모의 세밀함보다 뻑뻑함으로 쓸띠리마다 마음이 불편하네요,19.08.28.,1,0,0,종류: 00 초미세모(매우부드러운)
9621,부드럽고 깨끗하게 잘 닦여요,19.09.03.,5,0,0,종류: 01 성인이중슬림모(보편적인)
9622,부드럽고 깨끗하게 잘 닦여요,19.09.03.,5,0,0,종류: 13 해피덴-비타민올슬림모(민감성)
9623,부드럽고 깨끗하게 잘 닦여요,19.09.03.,5,0,0,종류: 00 성인일반모(단단한)
9624,부드럽고 깨끗하게  잘 닦여요,19.09.03.,5,0,0,종류: 09 어금니-일반형
9625,부드럽고 깨끗하게 잘닦여요,19.09.03.,5,0,0,종류: 10 어금니-돔형
9626,부드럽고 깨끗하게 잘 닦여요,19.09.03.,5,0,0,종류: 11 어금니-슬림형
9627,부드럽고 깨끗하게 잘 닦여요,19.09.03.,5,0,0,종류: 02 성인올슬림모-일반형(민감성)
9628,부드럽고  깨끗하게 잘 닦여요,19.09.03.,5,0,0,종류: 12 해피덴-비타민이중슬림모(보편적인)
9629,재구매무난하게쓰기엔ㄷ딱임,19.09.05.,3,재구매,0,종류: 5-2 너구리이중슬림모(7세-10세)
9630,항상 쓰던 물건 입니다 배송 빨라요,19.09.02.,5,0,0,종류: 5-1 너구리올슬림모(24개월-6세)
9631,한달사용기청소용으로 쓰고 있어요,19.09.04.,2,0,한달사용기,종류: 02 성인올슬림모-일반형(민감성)
9632,모가 적당히 단단해서 좋아요,19.09.03.,3,0,0,종류: 01 성인이중슬림모(보편적인)
9633,재구매저렴하고 질좋고 치카치카 잘해요 여러번 바꿔주어야 하는데 부담없이 잘쓰고 있어요 계속 팔아주세요 ㅋ,19.08.19.,5,재구매,0,종류: 04 어린이올슬림모(24개월-6세)
9634,교정하고있어서 교정칫솔을 찾았는데 가성비좋은거 같아요,19.08.30.,5,0,0,종류: 11 어금니-슬림형
9635,교정하고있어서 교정칫솔을 찾았는데 가성비좋은거 같아요,19.08.30.,5,0,0,종류: 10 어금니-돔형
9636,교정하고있어서 교정칫솔을 찾았는데 가성비좋은거 같아요,19.08.30.,5,0,0,종류: 09 어금니-일반형
9637,교정하고있어서 교정칫솔을 찾았는데 가성비좋은거 같아요,19.08.30.,5,0,0,종류: 07 교정칫솔-일반형
9638,교정하고있어서 교정칫솔을 찾았는데 가성비좋은거 같아요,19.08.30.,4,0,0,종류: 08 교정칫솔-슬림형
9639,재구매무난하게쓰기조아요ㅋ,19.09.05.,3,재구매,0,종류: 03 성인올슬림모-고급형(민감성)
9640,재구매무난하게쓰기좋아요ㅋ,19.09.05.,3,재구매,0,종류: 05 어린이이중슬림모(7세-10세)
9641,종류별로 샀어요 마음에 들어요,19.08.09.,5,0,0,종류: 08 교정칫솔-슬림형
9642,감사합니다~~~ㅎㅎ,19.08.21.,5,0,0,종류: 07 교정칫솔-일반형
9643,"아이가 교정기를 해서 교정칫솔이 
필요했어요  부드럽고 좋네요
미세모라서 빨리 닳을것 같아요
그래도 아이니까 부드러운걸 사용하는게
좋을것같아요 
또 구매해야 겠어요~",19.07.25.,4,0,0,종류: 05 어린이이중슬림모(7세-10세)
9644,숯이라니 더 좋을 것 같은 느낌? ㅋ잘 사용할게요,19.08.06.,4,0,0,종류: 15 미소덴탈 숯올슬림모(민감성)
9645,"배송 엄청 빠르고 칫솔 부드러워요.
근데 작은것만 시켜서 그런지 칫솔모가 작아서 양치시간이 더 오래걸려요~~맘에는 듭니다.",19.07.27.,5,0,0,종류: 13 해피덴-비타민올슬림모(민감성)
9646,한달사용기조아요 이년째 쓰고있어요,19.08.31.,4,0,한달사용기,종류: 08 교정칫솔-슬림형
9647,싸게 잘샀습니당~!!많이파세요~!,19.08.31.,5,0,0,종류: 08 교정칫솔-슬림형
9648,빠른배송 만족합니다,19.09.04.,5,0,0,종류: 01 성인이중슬림모(보편적인)
9649,빠른배송 만족합니다,19.09.04.,5,0,0,종류: 07 교정칫솔-일반형
9650,빠른배송 만족합니다,19.09.04.,5,0,0,종류: 08 교정칫솔-슬림형
9651,"만족합니다 
종류가 많아서 교정과 상관없이 써도 좋을것 같아요",19.08.28.,5,0,0,종류: 08 교정칫솔-슬림형
9652,"디잔 군더더기 없어서 좋구요, 솔이 정말 맘에들어요. 그리고 가격이 정말좋아요",19.08.23.,5,0,0,종류: 12 해피덴-비타민이중슬림모(보편적인)
9653,"부드럽고 좋아요
특히 교정칫솔 이  좋아요",19.09.04.,4,0,0,종류: 09 어금니-일반형
9654,부드럽고 좋아요!!,19.09.07.,4,0,0,종류: 13 해피덴-비타민올슬림모(민감성)
9655,부드럽고 좋아요!!,19.09.07.,4,0,0,종류: 01 성인이중슬림모(보편적인)
9656,"진짜 너무 좋아요 ! 
앞으로 이것만 쓰려고요 
모가 탄탄하고 잘 딱이는
느낌예요",19.08.22.,5,0,0,종류: 11 어금니-슬림형
9657,치과용이라니 믿고 써보려합니다,19.09.02.,4,0,0,종류: 00 성인일반모(단단한)
9658,한달사용기보통입니다보통입니다 보통입니다보통입니다,19.09.06.,3,0,한달사용기,종류: 01 성인이중슬림모(보편적인)
9659,"가격대비 완전 만족합니다~
칫솔별로 강도가 따로 있어서 구매하기 좋네요",19.08.22.,4,0,0,종류: 01 성인이중슬림모(보편적인)
9660,처음 사봤는데 좋앙뇨,19.09.04.,3,0,0,종류: 10 어금니-돔형
9661,싸게 잘샀습니다!!!많이파세용~~!!,19.08.31.,5,0,0,종류: 07 교정칫솔-일반형
9662,아주 만족합니다 어금니가 잘 닦이네요,19.08.31.,4,0,0,종류: 10 어금니-돔형
9663,안쪽 어금니까지 깨끗하게 닦을 수 있을 것 같아요,19.08.09.,5,0,0,종류: 10 어금니-돔형
9664,재구매성인용 아동용 둘다 꾸준히 쓰고 있습니다 가성비 좋은것 같아요 칫솔도 계속 바꿔주어야 하니까요,19.08.19.,5,재구매,0,종류: 03 성인올슬림모-고급형(민감성)
9665,"초 5학년 아이라 성인용으로 구매했어요.
칫솔모도 많이 크지않고
아이들이 쓰기 괜찮을듯.
아직은 사용전입니다",19.07.28.,4,0,0,종류: 01 성인이중슬림모(보편적인)
9666,부드러워서 양치잘됨,19.09.04.,5,0,0,종류: 01 성인이중슬림모(보편적인)
9667,쓰던거라~ 배송삐르네요,19.08.09.,5,0,0,종류: 03 성인올슬림모-고급형(민감성)
9668,두번째 구매합니다~이번에는 어른칫솔도 구매해봤는데 괜찮으면 어른것도 이걸로 바꿔야겠어요~,19.07.31.,5,0,0,종류: 01 성인이중슬림모(보편적인)
9669,좋아요~~~좋아요~,19.09.28.,5,0,0,종류: 01 성인이중슬림모(보편적인)
9670,좋아요좋아요좋아요좋아요,19.09.27.,3,0,0,종류: 02 성인올슬림모-일반형(민감성)
9671,재구매너무좋아요 ㅎㅎㅎ맨날사용함,19.08.30.,5,재구매,0,종류: 07 교정칫솔-일반형
9672,"재구매했어요.
아이들 사용하기 참 좋아요~",19.08.28.,5,0,0,종류: 05 어린이이중슬림모(7세-10세)
9673,칫솔헤드가 크지않아서 구석구석 닦기 조아여,19.08.09.,5,0,0,종류: 01 성인이중슬림모(보편적인)
9674,재구매교정칫솔로 게속사용하고잇는데조아용,19.08.30.,5,재구매,0,종류: 02 성인올슬림모-일반형(민감성)
9675,교정칫솔이 필요했는데 마트엔 없어서 여기서 구매 했어요,19.08.27.,5,0,0,종류: 08 교정칫솔-슬림형
9676,두번째 구매♡ 좋아요,19.08.15.,5,0,0,종류: 02 성인올슬림모-일반형(민감성)
9677,두번째 구매♡ 좋아요,19.08.15.,5,0,0,종류: 03 성인올슬림모-고급형(민감성)
9678,매번 여기서 구매합니다. 모가 부드럽고 칫솔 머리가 작아서 구석구석 닦을 수 있어서 좋아요:-),19.08.19.,5,0,0,종류: 02 성인올슬림모-일반형(민감성)
9679,한달사용기모가 빨리 닳아서 조금 아쉽네요,19.08.11.,3,0,한달사용기,종류: 07 교정칫솔-일반형
9680,괜찮은거같아요 부드럽고요,19.08.14.,4,0,0,종류: 04 어린이올슬림모(24개월-6세)
9681,부드러우면서도 시원하게 닦여요~ 잘쓸께요~^^,19.08.28.,5,0,0,종류: 05 어린이이중슬림모(7세-10세)
9682,"치과칫솔이 맞는건지..
모가 빠지네요",19.09.01.,1,0,0,종류: 02 성인올슬림모-일반형(민감성)
9683,저렴하지만 좋을줄 알았는데 부드러움이 전혀 없네요,19.08.28.,1,0,0,종류: 03 성인올슬림모-고급형(민감성)
9684,저번에도 여기서 샀어여,19.09.02.,5,0,0,종류: 10 어금니-돔형
9685,"재구매저번에 구매 하였다가 잃어버려서 다시 구매 하였어요!
교정중인데 구석구석 잘 닦이구 쓰고 나면 개운해서 너무 좋아요!
다음에 또 구매하겟습니다^^
아 그리구 혀클리너!! 감사합니다~~",19.07.08.,5,재구매,0,종류: 10 어금니-돔형
9686,꼼꼼하게 닦을 수 있어서 좋아요,19.08.31.,4,0,0,종류: 10 어금니-돔형
9687,다맘에들어요 배송도꼼꼼해요,19.08.27.,5,0,0,종류: 02 성인올슬림모-일반형(민감성)
9688,"재구매항상 쓰던 제품이라 떨어져서 재구매합니다.
치과에서 사면 비싸요.",19.08.21.,5,재구매,0,종류: 01 성인이중슬림모(보편적인)
9689,"아이 교정용 칫솔로 부드럽고 좋아요
부드러운 대신 빨리 닳는것도 있긴 하지만
아이닠바 부드러운걸로 선택  했어요~
다 쓰면 재구매 해야겠어요",19.07.25.,5,0,0,종류: 08 교정칫솔-슬림형
9690,"얼마나 갈지는 모르겠지만

솔부분이 작아서 안쪽 어금니 닦기에는 좋네요.",19.08.25.,4,0,0,종류: 11 어금니-슬림형
9691,만족합니다. 앞으로 잘 쓰고 좋으면 나중에 또 살께요,19.08.02.,5,0,0,종류: 01 성인이중슬림모(보편적인)
9692,두번째 구매 입니다.칫솔 넘 좋아서 가족들것도 이번에 다바꿨어요^^,19.07.31.,5,0,0,종류: 13 해피덴-비타민올슬림모(민감성)
9693,3번째 구매입니다~ 모가 부드럽고 칫솔 머리가 작아서 구석구석 닦을 수 있어서 좋아요:-),19.08.19.,5,0,0,종류: 01 성인이중슬림모(보편적인)
9694,양치할때마다 어금니가 신경쓰였는데 세게 닦으면 피가나고ㅜㅜ 이런게 있는지 몰랐네요. 맘에 듭니다~,19.07.27.,5,0,0,종류: 11 어금니-슬림형
9695,한달사용기항상쓰던칫솔..다른 제품은 생각도 안할만큼 만족도 높아용,19.08.27.,5,0,한달사용기,종류: 01 성인이중슬림모(보편적인)
9696,"괜이아어ㅡ
부드럽네용ㅋ",19.08.16.,5,0,0,종류: 04 어린이올슬림모(24개월-6세)
9697,좋아요 ㅎㅎ ㅎㅎ 저렴히 잘 샀어요,19.08.31.,5,0,0,종류: 01 성인이중슬림모(보편적인)
9698,칫솔모는 부드럽고 .길이가 짧아서 어금니구석구석 잘 닦겨요,19.08.21.,4,0,0,종류: 01 성인이중슬림모(보편적인)
9699,"부드럽고 좋아요
혀 닦는것도  좋아요",19.09.02.,4,0,0,종류: 10 어금니-돔형
9700,배송빠르고 칫솔도 부드럽고 좋아요,19.08.09.,4,0,0,종류: 01 성인이중슬림모(보편적인)
9701,어금니 잘 닦이고 ㅍㄴ합니다,19.09.06.,4,0,0,종류: 10 어금니-돔형
9702,빠른배송이 좋구요 딸랑구가 편하다네요,19.08.25.,5,0,0,종류: 08 교정칫솔-슬림형
9703,빠른배송 감사합니다,19.09.01.,5,0,0,종류: 10 어금니-돔형
9704,빠른배송 감사합니다,19.09.01.,5,0,0,종류: 01 성인이중슬림모(보편적인)
9705,치아교정중 인데 마음 에 들어요,19.08.09.,5,0,0,종류: 07 교정칫솔-일반형
9706,어금니 말고도 교정기 사이사이 닦기도 좋아요,19.08.27.,5,0,0,종류: 09 어금니-일반형
9707,어금니 말고도 교정기 사이사이 닦기도 좋아요,19.08.27.,5,0,0,종류: 10 어금니-돔형
9708,어금니 말고도 교정기 사이사이 닦기도 좋아요,19.08.27.,5,0,0,종류: 11 어금니-슬림형
9709,조아요조아요조아요조아,19.09.24.,5,0,0,종류: 00 초미세모(매우부드러운)
9710,조아요조아요조아요조아,19.09.24.,5,0,0,종류: 01 성인이중슬림모(보편적인)
9711,역시 교정용 칫솔이 짱이에요,19.08.30.,5,0,0,종류: 03 성인올슬림모-고급형(민감성)
9712,잘 사용할게요. 다 쓰면 또 살게요,19.08.06.,4,0,0,종류: 03 성인올슬림모-고급형(민감성)
9713,알록달록 제 취양은 아닌데 가격대 품질은 괜찮은것 같아 구입했어요 심플한 베이지톤 색상이었으면 더 만족할것 같아요,19.08.15.,4,0,0,종류: 05 어린이이중슬림모(7세-10세)
9714,아직안써봤는ㄷ 괜찮을거같아요,19.08.10.,5,0,0,종류: 02 성인올슬림모-일반형(민감성)
9715,"무난하게사용하기좋음
어린이집보내기좋음",19.08.09.,5,0,0,종류: 04 어린이올슬림모(24개월-6세)
9716,원하던 칫솔모라 너무 맘에 들어요.,19.08.29.,5,0,0,종류: 03 성인올슬림모-고급형(민감성)
9717,"이 아인 조금 날카롭더라구요 
돔형을 추천해요",19.08.28.,3,0,0,종류: 11 어금니-슬림형
9718,잘닦여요 부드러워요,19.09.03.,5,0,0,종류: 00 초미세모(매우부드러운)
9719,잘받았어요 배송빨라요,19.08.28.,5,0,0,종류: 03 성인올슬림모-고급형(민감성)
9720,재구매치과에서 받는칫솔과 동일 너무좋아요!,19.08.28.,5,재구매,0,종류: 02 성인올슬림모-일반형(민감성)
9721,가성비좋아요 잘닦여요,19.09.02.,4,0,0,종류: 01 성인이중슬림모(보편적인)
9722,아이들은 새 칫솔이라 좋아하더라구요~,19.08.28.,3,0,0,종류: 05 어린이이중슬림모(7세-10세)
9723,부드러운데 잘닦이는지 잘모르겠네요,19.08.30.,3,0,0,종류: 00 초미세모(매우부드러운)
9724,"싸게 잘 산고 같아요 ! 
좋으네용 담에 또 이용할게요 ! :-)",19.08.23.,4,0,0,종류: 01 성인이중슬림모(보편적인)
9725,쓸 만 합 니  다ㄱㄴ,19.08.19.,3,0,0,종류: 13 해피덴-비타민올슬림모(민감성)
9726,ㄷ조아요조아요조아요,19.09.05.,5,0,0,종류: 01 성인이중슬림모(보편적인)
9727,배송빨라요. 아이가 교정중이라 한꺼번에 구입했어요,19.08.21.,5,0,0,종류: 08 교정칫솔-슬림형
9728,배송빨라요. 아이가 교정중이라 한꺼번에 구입했어요,19.08.21.,5,0,0,종류: 07 교정칫솔-일반형
9729,배송 빠르고 맘에 듭니다~~~ 3가지종류 시켰는데 큰차이는 모르겠어요. 어금니 칫솔 좋습니다~~~,19.07.27.,5,0,0,종류: 12 해피덴-비타민이중슬림모(보편적인)
9730,제가. 잇몸이 안좋은데. 생각보다 덜 부드럽네요,19.08.21.,3,0,0,종류: 02 성인올슬림모-일반형(민감성)
9731,재구매재구매재구매합니다.,19.09.22.,5,재구매,0,종류: 03 성인올슬림모-고급형(민감성)
9732,역시 믿고 씁니다 최고에요,19.08.30.,5,0,0,종류: 03 성인올슬림모-고급형(민감성)
9733,배송빠르고 부들부들합니다 . 재구매 할거그에요. 포장도 꼼꼼한대 다음부터는 비닐에 안넣어주셨으면 해요 저에게는 걍 다 버려애하니깐요. 또 살때 요청하려고요,19.07.18.,5,0,0,종류: 08 교정칫솔-슬림형
9734,디잔 군더더기 없어서 좋구요. 가성비좋아요,19.08.23.,5,0,0,종류: 01 성인이중슬림모(보편적인)
9735,재구매최고에요 시중에서 3000원에 파는거랑 비슷,19.08.23.,5,재구매,0,종류: 08 교정칫솔-슬림형
9736,기대한것보다 더 좋네요,19.08.09.,5,0,0,종류: 01 성인이중슬림모(보편적인)
9737,빠진물건이있어서 아쉬웠네요,19.08.28.,2,0,0,종류: 05 어린이이중슬림모(7세-10세)
9738,일반 칫솔이 안 닿는 부분까지 다 잘 닦이네요!,19.08.26.,5,0,0,종류: 11 어금니-슬림형
9739,아직안써봤으나 괜찮을 거같니ㅔ용,19.08.10.,5,0,0,종류: 15 미소덴탈 숯올슬림모(민감성)
9740,재구매최고에요 시중에서 3000원에 파는거랑 비슷!,19.08.23.,5,재구매,0,종류: 07 교정칫솔-일반형
9741,한달사용기칫솔이 부드러워서좋아요,19.08.29.,5,0,한달사용기,종류: 01 성인이중슬림모(보편적인)
9742,한달사용기치솔이부드러워서좋아요,19.08.29.,5,0,한달사용기,종류: 07 교정칫솔-일반형
9743,"남 편이 칫솔 일주일 이면 모가 벌어지는데 
이건 아직 괜찮아요 
튼튼하고 좋아요",19.08.22.,5,0,0,종류: 03 성인올슬림모-고급형(민감성)
9744,"디잔 군더더기없어 좋구요, 가성비 좋아요",19.08.23.,5,0,0,종류: 05 어린이이중슬림모(7세-10세)
9745,잘받았습니다 감사합니다,19.08.29.,5,0,0,종류: 01 성인이중슬림모(보편적인)
9746,한달사용기별 한개도 아깝ㅡㅡ 무슨 수세미인지ㅡㅡ 잇몸 다 상하고 병원비가.더 나옴,19.08.25.,1,0,한달사용기,종류: 07 교정칫솔-일반형
9747,배송 엄청 빠릅니다!! 이것저것 골랐는데 큰차이는 모르겠어요~잘 쓰겠습니다.,19.07.27.,5,0,0,종류: 01 성인이중슬림모(보편적인)
9748,교정중이라 칫솔이 많이필요한테 싸게잘샀어요,19.08.24.,5,0,0,종류: 07 교정칫솔-일반형
9749,아이 어금니용으로 시켜봤는데 좋아요.,19.08.06.,4,0,0,종류: 10 어금니-돔형
9750,일단 포장이 굉장히 깔끔해서 좋네요,19.08.06.,4,0,0,종류: 07 교정칫솔-일반형
9751,올슬림모 엄~청 부드럽지는 않지만 진짜 시중에 파는 칫솔보다 쓸만해요! 어느정도 세기는 있어야 프라그가 잘 씻겨내려가니까 전 만족이요! 앞으로 올슬림모로 구매할 것 같아요,19.07.17.,5,0,0,종류: 03 성인올슬림모-고급형(민감성)
9752,재구매치과칫솔과동일 너무좋아요!,19.08.28.,5,재구매,0,종류: 01 성인이중슬림모(보편적인)
9753,재구매배송도 빠르고 좋아요...,19.08.31.,4,재구매,0,종류: 05 어린이이중슬림모(7세-10세)
9754,배송 빠르고 서비스로 주신 려 클리어 너무 감사 합니다^^ 잘 쓸께요^^,19.08.18.,5,0,0,종류: 01 성인이중슬림모(보편적인)
9755,한달사용기치아에 좋은것 같아요,19.08.29.,4,0,한달사용기,종류: 04 어린이올슬림모(24개월-6세)
9756,"혀닦기 클리너도 보내주시고 너무 좋으네요
배송도 너무 빨라요 24시간도 안걸리게 잘받았어요",19.08.22.,5,0,0,종류: 09 어금니-일반형
9757,배송이 빨라서 첫째 만족. 개별 포장 되어있어서 더 만족!!재구매의사 있습니당!!,19.08.17.,5,0,0,종류: 00 성인일반모(단단한)
9758,Zxcvnmhdsghb,19.09.27.,5,0,0,종류: 03 성인올슬림모-고급형(민감성)
9759,Assfgjnbcxx,19.09.27.,5,0,0,종류: 00 초미세모(매우부드러운)
9760,"단단해서 좋아요~
가격대비 만족합니다",19.08.22.,4,0,0,종류: 00 성인일반모(단단한)
9761,빠른 배송 좋아요..,19.09.01.,4,0,0,종류: 02 성인올슬림모-일반형(민감성)
9762,빠른 배송 좋아요..,19.09.01.,4,0,0,종류: 01 성인이중슬림모(보편적인)
9763,여기칫솔이 괜찮은 것 같아 계속 사용합니다,19.08.25.,5,0,0,종류: 04 어린이올슬림모(24개월-6세)
9764,"아이 칫솔써보고 어른칫솔도 구매해봤어요 
아직 사용하진안았지만 괜찮았음 좋겠네요",19.08.20.,5,0,0,종류: 01 성인이중슬림모(보편적인)
9765,칫솔이 짱짱하네요 아이기 아프다고 싫어해요,19.08.21.,3,0,0,종류: 11 어금니-슬림형
9766,슬림형 일반형 크게다르지않지만 좋네요,19.08.06.,4,0,0,종류: 08 교정칫솔-슬림형
9767,안달아봤는데 잘닦일듯,19.08.28.,4,0,0,종류: 03 성인올슬림모-고급형(민감성)
9768,가격대비 멋집니다 사세요,19.08.28.,5,0,0,종류: 03 성인올슬림모-고급형(민감성)
9769,항상 쓰던거예요. 적당한크기 가족모두 사용하기좋아요.,19.07.29.,4,0,0,종류: 01 성인이중슬림모(보편적인)
9770,"교정해서 모가 금방 망가져서 
우선 치과보단 저렴해요
처음에 양치할때 모가 교정기에 끼고 몇가닥 빠져서 당황스러웠는데 만족합니다",19.08.09.,5,0,0,종류: 07 교정칫솔-일반형
9771,아주좋아요 감사합니다,19.08.28.,5,0,0,종류: 03 성인올슬림모-고급형(민감성)
9772,만족합니다 두번째주문하는거에요~~!! 남편은이중미세모좋아해서 두가지주문했어요~잘쓸게요,19.07.25.,4,0,0,종류: 01 성인이중슬림모(보편적인)
9773,V자로 파여져 있어서 잘 맞아요,19.08.27.,5,0,0,종류: 08 교정칫솔-슬림형
9774,어금니 칫솔 완전 좋아요,19.08.28.,5,0,0,종류: 02 성인올슬림모-일반형(민감성)
9775,어금니칫솔 완전좋아요,19.08.28.,5,0,0,종류: 09 어금니-일반형
9776,"외관은 맘에듦
칫솔모
좀더 뻣뻣햇ㅅ으면",19.08.28.,3,0,0,종류: 00 성인일반모(단단한)
9777,안써봣는데 잘닦일듯,19.08.28.,4,0,0,종류: 09 어금니-일반형
9778,아주만족합니다.구매하세요,19.08.22.,5,0,0,종류: 02 성인올슬림모-일반형(민감성)
9779,한달사용기일반형은 확실히 뻣뻣하구요 슬림형이 부드럽구 좋아요 전 한달만사용하구 바로바로 교체하려구 여러개샀는데 칫솔모가 벌어지지않는이상 좀 더 써도 될거같아요,19.07.03.,4,0,한달사용기,종류: 07 교정칫솔-일반형
9780,부드러워서 좋아요!,19.08.09.,5,0,0,종류: 01 성인이중슬림모(보편적인)
9781,부드러워서 좋아요👍,19.08.09.,5,0,0,종류: 03 성인올슬림모-고급형(민감성)
9782,잘써보겠습니다 감사합니다,19.08.06.,4,0,0,종류: 02 성인올슬림모-일반형(민감성)
9783,"칫솔이
튼튼하고 좋아요 
이도 잘 딱이는 거 같고 
또 사러 올께요",19.08.17.,5,0,0,종류: 10 어금니-돔형
9784,치과에서 7000원정도 주고 산거같은데  저렴한 가격에 잘샀어요,19.08.22.,5,0,0,종류: 03 성인올슬림모-고급형(민감성)
9785,배송도 빠르고 좋아요,19.08.28.,4,0,0,종류: 11 어금니-슬림형
9786,배송도 빠르고 좋아요,19.08.28.,4,0,0,종류: 10 어금니-돔형
9787,배송도 빠르고 좋아요,19.08.28.,4,0,0,종류: 05 어린이이중슬림모(7세-10세)
9788,칫솔모도 좋고 잘 닦여서 좋네요.,19.08.26.,4,0,0,종류: 02 성인올슬림모-일반형(민감성)
9789,한달사용기싹싹 잘 닦여서 자주 사용해요,19.08.26.,5,0,한달사용기,종류: 05 어린이이중슬림모(7세-10세)
9790,늘 사용하던 것 입니다. 좋아요,19.08.06.,4,0,0,종류: 04 어린이올슬림모(24개월-6세)
9791,잘씅개여~~~ 사은품도 두개 보내주셔서 감사해요,19.08.18.,5,0,0,종류: 01 성인이중슬림모(보편적인)
9792,음 아직쓰고있는데 잘 모르겠어요 괜찮은거같아요,19.08.18.,5,0,0,종류: 01 성인이중슬림모(보편적인)
9793,배송도 빠르고 잘받았습니다,19.08.26.,5,0,0,종류: 07 교정칫솔-일반형
9794,기본적인 칫솔이에요,19.08.27.,5,0,0,종류: 01 성인이중슬림모(보편적인)
9795,아직 사용전입니다. 처음이라 이것저것 골고루 주문 했어요,19.08.16.,5,0,0,종류: 00 초미세모(매우부드러운)
9796,배송도빠르고 칫솔도만족합니다~~ 두번째주문한건데 다 쓰면 또주문할게요,19.07.25.,5,0,0,종류: 03 성인올슬림모-고급형(민감성)
9797,좋아요 맘에들어요 잘산거같아요배송도 정말 잘 어울려요,19.07.28.,5,0,0,종류: 01 성인이중슬림모(보편적인)
9798,항상 잘쓰고 있습니다 번창하세요,19.08.24.,5,0,0,종류: 00 성인일반모(단단한)
9799,"사용해봐야 알겠지만 먼저 배송이 빠릅니다.
일반적인교정칫솔로써 부드럽네요.
2주에 하나씩 쓰다보니 좀 다량으로 구입하게 됩니다",19.07.17.,4,0,0,종류: 07 교정칫솔-일반형
9800,아주 부드럽진 않네요 그래도 조아요,19.08.26.,5,0,0,종류: 11 어금니-슬림형
9801,"아직 써보진 않앗지만
유용하게 쓰일거 같습니다",19.08.22.,4,0,0,종류: 09 어금니-일반형
9802,칫솔모도 좋고 잘 닦입니다.,19.08.26.,4,0,0,종류: 11 어금니-슬림형
9803,칫솔모도 좋고 잘 닦입니다.,19.08.26.,4,0,0,종류: 01 성인이중슬림모(보편적인)
9804,한달사용기인터넷 구매로 저렴하게 잘쓰고 있어요,19.08.23.,4,0,한달사용기,종류: 08 교정칫솔-슬림형
9805,아기용으로 샀는데 구석구석 잘 닦이고 부드러워요,19.08.21.,5,0,0,종류: 04 어린이올슬림모(24개월-6세)
9806,늘 만족하며 재구매중입니다,19.08.25.,5,0,0,종류: 05 어린이이중슬림모(7세-10세)
9807,매번사용감 굿굿입니다,19.08.26.,5,0,0,종류: 01 성인이중슬림모(보편적인)
9808,쓰던거라서 다시 재주문해요~,19.08.25.,5,0,0,종류: 03 성인올슬림모-고급형(민감성)
9809,"쓰다보면 부드러워지겠지용
쓸쓸께요",19.08.16.,5,0,0,종류: 05 어린이이중슬림모(7세-10세)
9810,"항상  이것만써요
배송도  빠르고  만족합니다",19.08.22.,5,0,0,종류: 05 어린이이중슬림모(7세-10세)
9811,"항상  이것만써요
배송도  빠르고  만족합니다",19.08.22.,5,0,0,종류: 01 성인이중슬림모(보편적인)
9812,저렴하고 좋은 칫솔이에요,19.08.05.,5,0,0,종류: 07 교정칫솔-일반형
9813,부드럽고좋아요.재구매했어요.,19.08.22.,4,0,0,종류: 02 성인올슬림모-일반형(민감성)
9814,아직써보기전이지만 ~잘쓰겠습니다,19.08.23.,3,0,0,종류: 01 성인이중슬림모(보편적인)
9815,아직써보기전이지만 ~잘쓰겠습니다,19.08.23.,3,0,0,종류: 03 성인올슬림모-고급형(민감성)
9816,"배송빠르고 좋아요.
혀클리너도 주셨네요. 잘 쓸께요.",19.08.18.,4,0,0,종류: 01 성인이중슬림모(보편적인)
9817,생각보다 칫솔이 너무 좋네요 잘닦이는것같고여,19.08.20.,4,0,0,종류: 11 어금니-슬림형
9818,교정중인데싸게잘샀어요,19.08.24.,5,0,0,종류: 09 어금니-일반형
9819,사용전이지만 배송빠르고 좋은거 같네요,19.08.21.,5,0,0,종류: 01 성인이중슬림모(보편적인)
9820,매번 사용감 좋아요,19.08.26.,5,0,0,종류: 05 어린이이중슬림모(7세-10세)
9821,교정해서 치과에서 매번샀는데 훨씬 저렴하네요!굿,19.08.20.,5,0,0,종류: 08 교정칫솔-슬림형
9822,"늘쓰던 제품 만족합니다
아이 칫솔읏 첨인데 4세 사용하기 괜찮네요 
헤드부분이 좀더작았음 좋을것 같네요",19.08.13.,4,0,0,종류: 04 어린이올슬림모(24개월-6세)
9823,아직써보진않았지만~~ 좋길바래요,19.08.23.,3,0,0,종류: 05 어린이이중슬림모(7세-10세)
9824,칫솔모가 매우 부드러워서 잇몸 예민한 저한테는 잘맞고요 어른 초등학생 모두 같이 사용할수 있어서 더 좋아요,19.08.07.,5,0,0,종류: 00 초미세모(매우부드러운)
9825,어금니 칫솔들 3가지 다 사봤는데 딱히 차이점 못느끼겠어요~ 아 어금니 일반형은 임플란트 하신 분들이 사용하기 딱일 것 같습니다,19.07.17.,5,0,0,종류: 09 어금니-일반형
9826,"구석까지 잘 닦여요
힘있는 모 예요",19.08.17.,5,0,0,종류: 10 어금니-돔형
9827,항상 이것만 씁니다. 부드러워요,19.08.23.,5,0,0,종류: 08 교정칫솔-슬림형
9828,한달사용기교정하는 딸아이가 칫솔모가 부드럽지 않아 아프다고 하네요.,19.08.19.,3,0,한달사용기,종류: 07 교정칫솔-일반형
9829,항상 쓰던 제품  좋아요,19.08.24.,5,0,0,종류: 03 성인올슬림모-고급형(민감성)
9830,교정이 끝났는데요. v컷쓰다가 이제 바꿔줘야 해서 주문했어요.,19.08.14.,5,0,0,종류: 01 성인이중슬림모(보편적인)
9831,아이들이 쓰기 참 편하고 좋습니다,19.08.22.,4,0,0,종류: 05 어린이이중슬림모(7세-10세)
9832,한달사용기잘닦임 좋아요 좋아요,19.09.15.,3,0,한달사용기,종류: 09 어금니-일반형
9833,한달사용기잘닦임 좋아요 잘닦임,19.09.15.,4,0,한달사용기,종류: 08 교정칫솔-슬림형
9834,배송도 빠르고 좋네요,19.08.24.,5,0,0,종류: 07 교정칫솔-일반형
9835,부드럽게 구석구석 잘 닦여요.,19.08.23.,4,0,0,종류: 10 어금니-돔형
9836,배송도 빠르고 좋아요,19.08.24.,5,0,0,종류: 03 성인올슬림모-고급형(민감성)
9837,재구매배송도 빠르고 좋아요,19.08.24.,5,재구매,0,종류: 03 성인올슬림모-고급형(민감성)
9838,재구매배송도 빠르고 좋아요,19.08.24.,5,재구매,0,종류: 08 교정칫솔-슬림형
9839,재구매잘받았습니다   써보구  좋아서  재구매해용,19.08.20.,5,재구매,0,종류: 07 교정칫솔-일반형
9840,와이프가 좋아합니다,19.07.21.,5,0,0,종류: 10 어금니-돔형
9841,재구매솔부분이 작아서 어금니 구석구석 닦을수 있어서 계속 구매하고 있어요,19.08.15.,5,재구매,0,종류: 01 성인이중슬림모(보편적인)
9842,잇몸에 자극적이지않아서 좋아요,19.08.21.,5,0,0,종류: 02 성인올슬림모-일반형(민감성)
9843,한달사용기칫솔 크기가 맘에 들어요,19.08.23.,4,0,한달사용기,종류: 03 성인올슬림모-고급형(민감성)
9844,"칫솔모가 가늘면서도 짱짱해요^^
기존엔 시스테마등을 사용했는데
전 이곳 칫솔이 훨씬 맘에 드네요~
해외배송 받을거라고 했더니 종이박스도 
전부 빼주시고 칫솔 하나당 커버도 씌워주셨네요^^
감사합니다~~~",19.07.09.,5,0,0,종류: 03 성인올슬림모-고급형(민감성)
9845,어금니 슬림형 잇몸 닦으려고 샀는데 다른 타입들이랑 두드러지는 차이점은 발견하지 못했습니다~ 나이 들수록 치주염 위험이 증가하니 전 꾸준하게 잘쓸 것 같네요,19.07.17.,5,0,0,종류: 11 어금니-슬림형
9846,배송도 빠르고 칫솔도 좋네요,19.08.24.,5,0,0,종류: 00 성인일반모(단단한)
9847,배송두빠르고 칫솔도 만족해요!!! 두번째주문한거에요~~,19.07.25.,5,0,0,종류: 00 성인일반모(단단한)
9848,좋아 보이네요 잘 쓰겠습니다,19.08.22.,5,0,0,종류: 13 해피덴-비타민올슬림모(민감성)
9849,치과보다 많이 싸요!  좋아요,19.08.20.,5,0,0,종류: 09 어금니-일반형
9850,아주아주맘에들어요잘쓰겠음,19.08.23.,4,0,0,종류: 07 교정칫솔-일반형
9851,"재구매늘쓰고있는거라ᆢ모가탄탄해서
구석구석잘닦이는것같아요~",19.08.12.,4,재구매,0,종류: 03 성인올슬림모-고급형(민감성)
9852,좋아요.  다음에또구매해야겠어요,19.08.18.,5,0,0,종류: 01 성인이중슬림모(보편적인)
9853,써보고 리뷰또쓸께요,19.08.03.,4,0,0,종류: 02 성인올슬림모-일반형(민감성)
9854,사랑니랑 어금니용으로 샀는데 만족이요~~ 헤드가 엄청 조그만해서 깊은 쪽에도 막힘없이 술술 잘 들어가요,19.07.17.,5,0,0,종류: 10 어금니-돔형
9855,재구매만족해요........,19.08.31.,4,재구매,0,종류: 01 성인이중슬림모(보편적인)
9856,전문가용 잘쓸께요 맘에들었음좋을듯,19.08.14.,3,0,0,종류: 01 성인이중슬림모(보편적인)
9857,칫솔모가 엄청 부드러워서 좋아요 칫솔모 크기도 적당해서 초등학생이 사용할수있어서 좋습니다,19.08.07.,5,0,0,종류: 14 미소덴탈 금올슬림모(민감성)
9858,"잘못 구매했지만
사용해보니구석구석 닦기 좋아요",19.07.28.,5,0,0,종류: 05 어린이이중슬림모(7세-10세)
9859,"3번째 구매에요.
가격도 저렴한데 좋은거 같아요.",19.08.14.,5,0,0,종류: 06 유아올슬림모(13개월-36개월)
9860,"3번째 구매에요.
가격도 저렴한데 좋은거 같아요.",19.08.14.,5,0,0,종류: 04 어린이올슬림모(24개월-6세)
9861,"3번째 구매에요.
가격도 저렴한데 좋은거 같아요.",19.08.14.,5,0,0,종류: 01 성인이중슬림모(보편적인)
9862,아이가 교정중이라 교정용칫솔 구매했는데 가격대비 쓸만합니다,19.08.16.,5,0,0,종류: 07 교정칫솔-일반형
9863,잇몸에 자극이 안가서 좋아요,19.08.21.,5,0,0,종류: 00 성인일반모(단단한)
9864,항상 구입하는 칫솔이어요,19.08.22.,5,0,0,종류: 5-1 너구리올슬림모(24개월-6세)
9865,한달사용기아직 안써봤는뎅... 어린이 칫솔도 맘에 들어서 좋을 것 같아용ㅋㅋ 칫솔 떨어짐 여기서 계속 주문 하려구여!!!!,19.08.07.,5,0,한달사용기,종류: 07 교정칫솔-일반형
9866,부들부들 좋아요 재구매각이예용어금니형으로 있으니 더 꼼꼼하게 닦일거 같아요  캡도 있어서 좋아요.,19.07.18.,5,0,0,종류: 09 어금니-일반형
9867,리뷰보고구매했어용 한번써보려구요,19.08.19.,3,0,0,종류: 05 어린이이중슬림모(7세-10세)
9868,교정칫솔사면서 같이 구입했어요~~~,19.08.21.,5,0,0,종류: 01 성인이중슬림모(보편적인)
9869,"크기가 작은데 계속 사용하다보면 딱 나한테 맞다고 느껴지고 사용하기 편합니다
찌꺼기 잘낍니다 오래 사용은 힘들어요",19.08.10.,5,0,0,종류: 02 성인올슬림모-일반형(민감성)
9870,"재구매매번사서 쓰고 있어요
이가 잘딱이고 아프지 않아요
선물로 주신 혀클리너 좋네요",19.07.25.,5,재구매,0,종류: 04 어린이올슬림모(24개월-6세)
9871,재구매굿   어금니 칫솔  사용하니  조으네요,19.08.20.,5,재구매,0,종류: 10 어금니-돔형
9872,칫솔모가 완전 맘에들어요,19.08.01.,5,0,0,종류: 01 성인이중슬림모(보편적인)
9873,이뿌고 실용성 짱이예요,19.08.22.,5,0,0,종류: 00 성인일반모(단단한)
9874,배송 빠르고 좋아요~,19.08.24.,5,0,0,종류: 10 어금니-돔형
9875,"재구매배송도 빠르고 포장도 잘 되서 도착했어요
잘 닦이고 칫솟모도 부드럽고 좋아요",19.07.21.,5,재구매,0,종류: 01 성인이중슬림모(보편적인)
9876,좋아요 담에 또사됴,19.08.18.,5,0,0,종류: 02 성인올슬림모-일반형(민감성)
9877,재구매만족하며   쓰고있어요잘쓸께용,19.08.20.,5,재구매,0,종류: 11 어금니-슬림형
9878,"실키실키하네요 완전부드러워요.
새로 치아솟은부분 칫솔질할때 아프지않다네요",19.08.09.,5,0,0,종류: 00 초미세모(매우부드러운)
9879,치과에서 낱개구입하는거보다 훨씬 저렴해요,19.08.17.,5,0,0,종류: 07 교정칫솔-일반형
9880,배송도 빠르고 제품도 좋아요~,19.08.23.,5,0,0,종류: 02 성인올슬림모-일반형(민감성)
9881,재구매좋아요.......,19.08.31.,4,재구매,0,종류: 5-2 너구리이중슬림모(7세-10세)
9882,부그럽고 쓰기 편해요,19.08.15.,5,0,0,종류: 00 초미세모(매우부드러운)
9883,재구매좋아요. 부드러우면서도 튼실한 느낌 구석구석 개운한 느낌입니다.,19.08.12.,5,재구매,0,종류: 02 성인올슬림모-일반형(민감성)
9884,재구매배송도 빠르고 좋아요~~,19.08.23.,3,재구매,0,종류: 08 교정칫솔-슬림형
9885,재구매좋아요.... .....,19.08.31.,4,재구매,0,종류: 02 성인올슬림모-일반형(민감성)
9886,빠른배송 좋아요ㅡ 늘여기서사요,19.08.19.,5,0,0,종류: 06 유아올슬림모(13개월-36개월)
9887,칫솔은 작아서 쓰기편해요,19.08.21.,4,0,0,종류: 07 교정칫솔-일반형
9888,배송도 빠르고 좋은 제품 잘 받았습니다,19.08.18.,5,0,0,종류: 07 교정칫솔-일반형
9889,조아요 조아요 조아요,19.08.26.,5,0,0,종류: 03 성인올슬림모-고급형(민감성)
9890,항상 잘쓰고있습니다. 감사합니다,19.08.19.,5,0,0,종류: 08 교정칫솔-슬림형
9891,부드러워서 잇몸에 좋아요~~,19.08.21.,5,0,0,종류: 00 초미세모(매우부드러운)
9892,"아이들것도 손잡이가 좀 짧아요 ㅠㅠ
칫솔모는 그래도 크네요 ㅎ",19.08.11.,4,0,0,종류: 05 어린이이중슬림모(7세-10세)
9893,칫솔잘못쓰면  잇몸 아픈데  그런거 전혀없이 좋아요,19.08.15.,5,0,0,종류: 00 성인일반모(단단한)
9894,칫솔잘못쓰면  잇몸 아픈데  그런거 전혀없이 좋아요,19.08.15.,5,0,0,종류: 01 성인이중슬림모(보편적인)
9895,칫솔잘못쓰면  잇몸 아픈데  그런거 전혀없이 좋아요,19.08.15.,5,0,0,종류: 03 성인올슬림모-고급형(민감성)
9896,아이가 교정중이라 교정칫솔 구매했는데 쓸만합니다,19.08.16.,5,0,0,종류: 08 교정칫솔-슬림형
9897,한달사용기어금니 안쪽까지 칫솔질이 되서 좋아용! 신경 안쓰던 부분도 신경 쓸 수잇어 좋네요ㅎㅎ,19.08.07.,5,0,한달사용기,종류: 11 어금니-슬림형
9898,"배송이 빠르고 가격도 만족스럽네요
다른 모델만 써보고 이 모델은 첨써보는건데 괜찮았으면 좋겠네요",19.07.16.,5,0,0,종류: 00 초미세모(매우부드러운)
9899,한달사용기칫솔 부드러운데 힘있어 꾸준히 사용중이에요,19.08.16.,5,0,한달사용기,종류: 03 성인올슬림모-고급형(민감성)
9900,정말. 편하고 좋습니다,19.08.22.,5,0,0,종류: 09 어금니-일반형
9901,좋아요❤ 좋아요❤ 좋아요❤ 좋아요❤ 좋아요❤ 좋아요❤ 좋아요❤ 좋아요❤ 좋아요❤ 좋아요❤ 좋아요❤,19.09.12.,5,0,0,종류: 01 성인이중슬림모(보편적인)
9902,"재구매배송도 빠르고 포장도 잘 되서 도착했어요
잘 닦이고 칫솔모도 부드러워요",19.07.21.,5,재구매,0,종류: 03 성인올슬림모-고급형(민감성)
9903,치아때문에 구매했는데 잘 사용하고 있습니다. 재구매 해야겠어요. 감사합니다,19.07.17.,4,0,0,종류: 01 성인이중슬림모(보편적인)
9904,매우 이뿌고 좋아요!,19.08.22.,5,0,0,종류: 01 성인이중슬림모(보편적인)
9905,한달사용기굿굿 좋아여 부드럽고 안쪽까지 더 잘 닦이내요ㅎㅎ 성인 칫솔보다 좋은게 많아용,19.08.07.,4,0,한달사용기,종류: 04 어린이올슬림모(24개월-6세)
9906,한달사용기잇몸이 아프지 않고 솔이 부드럽네요,19.08.17.,4,0,한달사용기,종류: 02 성인올슬림모-일반형(민감성)
9907,교정유 해서 교정용 치솔사다 둠. 가성비 최고,19.08.11.,5,0,0,종류: 07 교정칫솔-일반형
9908,"이뿌고 실용성,
좋아요!",19.08.22.,5,0,0,종류: 04 어린이올슬림모(24개월-6세)
9909,배송빠르고 제품도 괜찮은듯해요.,19.08.18.,4,0,0,종류: 05 어린이이중슬림모(7세-10세)
9910,어금니에 양치해도 끼는 찌꺼기 빼는 용도로 치간 칫솔보다 쓸모있고 개운,19.08.11.,5,0,0,종류: 09 어금니-일반형
9911,한달사용기양치시키기 적당한 크기입니다 잘쓰고 있어요,19.08.15.,5,0,한달사용기,종류: 03 성인올슬림모-고급형(민감성)
9912,"금요일 주문 수요일 도착 배송은 좀 느렸어여 
재구매합니다",19.07.24.,3,0,0,종류: 11 어금니-슬림형
9913,아주아주 좋아요오오오,19.08.22.,5,0,0,종류: 07 교정칫솔-일반형
9914,너무 딱딱 하지도 않고 너무 훌렁 거리지도 않고 잘 닦이는 느낌이라 너무 좋아요,19.08.13.,5,0,0,종류: 03 성인올슬림모-고급형(민감성)
9915,빠른배송. 칫솔도 만족해요. 많이 파세용,19.08.12.,4,0,0,종류: 01 성인이중슬림모(보편적인)
9916,정착하고 싶네요 칫솔 ㅠ,19.08.20.,5,0,0,종류: 02 성인올슬림모-일반형(민감성)
9917,헤드 큰게 더 좋을줄 알았는데  실제 써보니 작은게 더 좋네요 ㅎ,19.07.25.,5,0,0,종류: 13 해피덴-비타민올슬림모(민감성)
9918,헤드 큰게 더 좋을줄 알았는데  실제 써보니 작은게 더 좋네요 ㅎ,19.07.25.,5,0,0,종류: 02 성인올슬림모-일반형(민감성)
9919,쓰던 제품인데 다 써서 주문해요,19.08.17.,5,0,0,종류: 10 어금니-돔형
9920,"재구매예요 
금요일 주문 수요일 도착 
배송은 좀 느렸어요",19.07.24.,3,0,0,종류: 00 초미세모(매우부드러운)
9921,치석이 끼지 않게 잘 닦아줘야 하니 꼭 필요해요,19.08.14.,5,0,0,종류: 09 어금니-일반형
9922,"교정중인 중학생딸 치과에서 판매하는 칫솔과 
같은건데 훨씬 더 저렴하게 구입해서 좋아요~
딸아이가 좋대요~",19.08.02.,5,0,0,종류: 08 교정칫솔-슬림형
9923,초미세모 굉장히 부드럽습니다~~ 부모님들이 사용하시기 좋은 것 같아요,19.07.17.,5,0,0,종류: 00 초미세모(매우부드러운)
9924,병원에서 파는 가격보다 저렴하고 좋네요,19.08.15.,5,0,0,종류: 08 교정칫솔-슬림형
9925,저렴하고 부드러워서 넘 😃,19.08.19.,5,0,0,종류: 03 성인올슬림모-고급형(민감성)
9926,칫솔이 딱딱해서 교정기 사이사이 잘닦입니다,19.07.25.,1,0,0,종류: 07 교정칫솔-일반형
9927,아이가 어금니에 실란트를 해도 양치가 안쪽까지 잘 안되는 것 같아 구매했어요. 만족합니다,19.08.03.,5,0,0,종류: 10 어금니-돔형
9928,칫솔모 부드럽고 진짜좋아요.다만 칫솔부분이 좀 작아요,19.08.09.,4,0,0,종류: 03 성인올슬림모-고급형(민감성)
9929,한달사용기재구매가격이 싸서 자주 바꿔 쓸수있네요.,19.08.16.,4,재구매,한달사용기,종류: 09 어금니-일반형
9930,젤리나 초코렛 좋아하는 아들땜에 어금니 칫솔 샀네요. 안쪽까지 잘 닦여지니 괜찮습니다,19.08.03.,5,0,0,종류: 09 어금니-일반형
9931,몇개월 사용하고 재구매했어요~,19.08.10.,5,0,0,종류: 08 교정칫솔-슬림형
9932,"생각했던것보다 손잡이가 짧아서 안타깝네요;;;
그래도 칫솔모는 맘에 들어요^^",19.08.11.,3,0,0,종류: 01 성인이중슬림모(보편적인)
9933,항상 잘 쓰고있습니다~,19.08.19.,5,0,0,종류: 07 교정칫솔-일반형
9934,"싸게 잘 샀어요~
아이들이 교정하고있는데 한동안 잘쓰겠네요",19.08.09.,5,0,0,종류: 07 교정칫솔-일반형
9935,배송도 빠르고 좋아요 ㅎㅎ 치과에서 일하는 일인으로써 미세모가 좋네요 ㅎㅎ,19.08.07.,5,0,0,종류: 01 성인이중슬림모(보편적인)
9936,"마음에 들어요  만족합니다
근데 일반모칫설은 치솔모가 탄성이 부족해서 원하던 칫솔이 아니네요,",19.08.03.,5,0,0,종류: 00 성인일반모(단단한)
9937,배송빠르고 맘에 듭니다~ 잘 쓸께요!!,19.07.27.,5,0,0,종류: 10 어금니-돔형
9938,"싸게 잘 샀어요~
아이들이 교정하고있는데 한동안 잘쓰겠네요~",19.08.09.,5,0,0,종류: 08 교정칫솔-슬림형
9939,딸아이 교정중인데 잘쓰고있습니다,19.08.15.,5,0,0,종류: 08 교정칫솔-슬림형
9940,"한달사용기구석구석 잘닦이는거 같가한데 솔이 약한듯
금방 닳아요~",19.08.12.,4,0,한달사용기,종류: 03 성인올슬림모-고급형(민감성)
9941,이주 만족 배송 엄청 빨라요,19.07.27.,5,0,0,종류: 00 초미세모(매우부드러운)
9942,여러개 사서 한동안 잘 쓸거 같아요,19.08.15.,5,0,0,종류: 09 어금니-일반형
9943,배송 무찌르고 엄청 조항영,19.07.27.,5,0,0,종류: 10 어금니-돔형
9944,한달사용기아주아주 만족입니다,19.09.08.,5,0,한달사용기,종류: 05 어린이이중슬림모(7세-10세)
9945,한달사용기아주아주 만족입니다,19.09.08.,5,0,한달사용기,종류: 01 성인이중슬림모(보편적인)
9946,조아요 조아요 조아요,19.08.22.,5,0,0,종류: 02 성인올슬림모-일반형(민감성)
9947,"한달사용기잘 사용하고 있습니다.
색깔 마음에 들어요",19.08.14.,5,0,한달사용기,종류: 5-2 너구리이중슬림모(7세-10세)
9948,배송 마르고 엄청 좋아요,19.07.27.,5,0,0,종류: 03 성인올슬림모-고급형(민감성)
9949,좋아요 부드러워요 ㅎ,19.09.09.,4,0,0,종류: 00 초미세모(매우부드러운)
9950,재구매만족합니다. 감사합니다.,19.07.27.,5,재구매,0,종류: 10 어금니-돔형
9951,치석 생기지 않게 닦아주는용이에요,19.08.14.,5,0,0,종류: 10 어금니-돔형
9952,칫솔 아주 좋아요..재구매입니다,19.08.11.,5,0,0,종류: 01 성인이중슬림모(보편적인)
9953,재구매늘 쓰던거라 만족해요,19.07.27.,5,재구매,0,종류: 09 어금니-일반형
9954,재구매늘 쓰던거라 만족해요,19.07.27.,5,재구매,0,종류: 07 교정칫솔-일반형
9955,교정칫솔과 미세모 칫솔이 필요했는데 잘 샀어요~,19.08.13.,5,0,0,종류: 08 교정칫솔-슬림형
9956,부드럽고 좋아요 또살게요,19.08.18.,5,0,0,종류: 13 해피덴-비타민올슬림모(민감성)
9957,배송빠르고 좋아요.,19.08.18.,4,0,0,종류: 03 성인올슬림모-고급형(민감성)
9958,좋아요~~믿고구매했어요,19.08.15.,5,0,0,종류: 00 성인일반모(단단한)
9959,부드럽고 너무 좋습니다.  또 구매할 것 입니다.,19.08.08.,5,0,0,종류: 03 성인올슬림모-고급형(민감성)
9960,좋아요 다쓰면 도 주문할려구요,19.08.16.,5,0,0,종류: 03 성인올슬림모-고급형(민감성)
9961,"어금니일반형 우연히치과에서 써보구좋아
찾아보니 파네요  아이들
이관리해주기
딱좋은 칫솔 강추강추!?",19.07.04.,5,0,0,종류: 11 어금니-슬림형
9962,한달사용기작아서 구석구석 닦았어요,19.08.15.,5,0,한달사용기,종류: 03 성인올슬림모-고급형(민감성)
9963,재구매좋아요 잘닦이고 추천,19.08.16.,4,재구매,0,종류: 10 어금니-돔형
9964,가격도 저렴하고 교정중인데 잘 사용할수 있을거 같아요,19.08.09.,5,0,0,종류: 07 교정칫솔-일반형
9965,배송 빠르고 제품도 괜춘,19.08.15.,5,0,0,종류: 08 교정칫솔-슬림형
9966,"재구매저번에 써보고 20개 주문했는데
솔이 금방 닳아요~~",19.08.12.,4,재구매,0,종류: 03 성인올슬림모-고급형(민감성)
9967,칫솔질하기에 넘 편해졌어요..감사합니다. 재구매했어요,19.07.17.,4,0,0,종류: 02 성인올슬림모-일반형(민감성)
9968,"재구매합니다 
배송은 좀 느렸어요",19.07.24.,3,0,0,종류: 03 성인올슬림모-고급형(민감성)
9969,항상쓰던거예요 ㅎ ㅎ ㅎ ㅎ ㅎㅎ,19.07.31.,5,0,0,종류: 01 성인이중슬림모(보편적인)
9970,겁나쥬아용 또구매할껍니당!!!,19.08.08.,5,0,0,종류: 10 어금니-돔형
9971,"저녁엔 일반모 써요
속시원!",19.08.10.,5,0,0,종류: 00 성인일반모(단단한)
9972,재구매배송도 빠르고 치과에서 교정칫솔 금액보다 더 저렴하며 사용하기 편해 아이가 넘 좋아합니다..,19.08.04.,4,재구매,0,종류: 01 성인이중슬림모(보편적인)
9973,잇몸이 안좋아 부드러운 칫솔모 찾다가 구입했어요. 작아서 꼰꼼히 닦기 좋아요. 칫솔모가 부드럽고 좋아요.,19.08.02.,4,0,0,종류: 02 성인올슬림모-일반형(민감성)
9974,믿고사용합니다 좋아요,19.08.15.,5,0,0,종류: 05 어린이이중슬림모(7세-10세)
9975,"치아 교정을 시작해서
교정전용 칫솔을 구매했어요
만족합니다~~",19.07.16.,5,0,0,종류: 08 교정칫솔-슬림형
9976,교정 철사 안으로 잘 들어가요. 매우 탄력있어서 치아 관리하기에 용이합니다.,19.08.01.,5,0,0,종류: 09 어금니-일반형
9977,온가족의 이를 책임지네요ㅎㅎ  이거써본후로는 여기서만 사요 강추,19.07.14.,5,0,0,종류: 01 성인이중슬림모(보편적인)
9978,"부드럽고 좋습니다.
색상이 다양해서 가족모두 만족합니다.",19.08.09.,4,0,0,종류: 01 성인이중슬림모(보편적인)
9979,늘쓰던제품 가성비 굿입니다,19.08.13.,3,0,0,종류: 02 성인올슬림모-일반형(민감성)
9980,치솔질하기 딱 적당하게 만들어졌어요,19.08.11.,5,0,0,종류: 01 성인이중슬림모(보편적인)
9981,재구매시부모 신랑 다 좋다고 하네요,19.08.13.,5,재구매,0,종류: 01 성인이중슬림모(보편적인)
9982,항상쓰던ㄷ거구요 배송 빨라서 좋아요,19.08.08.,5,0,0,종류: 01 성인이중슬림모(보편적인)
9983,"치과칫솔 좋아요
일반 칫솔은 칫솔모가 커서
별로 였는데
역시 칫과 칫솔이 좋아요",19.08.08.,4,0,0,종류: 14 미소덴탈 금올슬림모(민감성)
9984,어금니칫솔은 처음 써 보는데  괜찮네요.,19.08.11.,5,0,0,종류: 10 어금니-돔형
9985,부드럽고 저렴하고 좋네요,19.08.13.,5,0,0,종류: 03 성인올슬림모-고급형(민감성)
9986,재구매잘ㅆ쓰고잇어요잘쓰고,19.09.06.,3,재구매,0,종류: 02 성인올슬림모-일반형(민감성)
9987,"일반모랑 섞어 써요
좋아요",19.08.10.,5,0,0,종류: 01 성인이중슬림모(보편적인)
9988,항상 이것만 쓰느데 길어서 더 좋아요,19.08.11.,4,0,0,종류: 13 해피덴-비타민올슬림모(민감성)
9989,하필 휴가랑겹쳐서 늦게받았지만 저렴한가격에 잘샀습니다.,19.08.07.,3,0,0,종류: 10 어금니-돔형
9990,적당한 힘이 있어서 닦이기 편해요,19.08.11.,5,0,0,종류: 05 어린이이중슬림모(7세-10세)
9991,잘 닦이는 것 같아 재구매했습니다,19.07.22.,5,0,0,종류: 01 성인이중슬림모(보편적인)
9992,항상 주문하는 제품이예여.,19.08.13.,5,0,0,종류: 03 성인올슬림모-고급형(민감성)
9993,저번에 써보고 맘에 들어 재구매했네요,19.07.22.,5,0,0,종류: 05 어린이이중슬림모(7세-10세)
9994,칫솔이 맘에 들어요,19.08.14.,5,0,0,종류: 01 성인이중슬림모(보편적인)
9995,잇몸이 안좋아 부드러운 칫솔모 찾다가 구입했어요. 작아서 꼰꼼히 닦기 좋아요.,19.08.02.,4,0,0,종류: 08 교정칫솔-슬림형
9996,제품 만족합니다 배송도 빠르고요,19.08.11.,5,0,0,종류: 02 성인올슬림모-일반형(민감성)
9997,재구매좋아서 재구매했어요,19.08.14.,5,재구매,0,종류: 07 교정칫솔-일반형
9998,"아이가 좋대요
부드럽다고 안아프다고",19.08.10.,5,0,0,종류: 05 어린이이중슬림모(7세-10세)
9999,배송이 빠릅니다 수고하세요,19.08.12.,4,0,0,종류: 03 성인올슬림모-고급형(민감성)
10000,치솔질하기 딱 적당하게 만들어졌어요,19.08.11.,5,0,0,종류: 01 성인이중슬림모(보편적인)
10001,재구매시부모 신랑 다 좋다고 하네요,19.08.13.,5,재구매,0,종류: 01 성인이중슬림모(보편적인)
10002,항상쓰던ㄷ거구요 배송 빨라서 좋아요,19.08.08.,5,0,0,종류: 01 성인이중슬림모(보편적인)
10003,"치과칫솔 좋아요
일반 칫솔은 칫솔모가 커서
별로 였는데
역시 칫과 칫솔이 좋아요",19.08.08.,4,0,0,종류: 14 미소덴탈 금올슬림모(민감성)
10004,어금니칫솔은 처음 써 보는데  괜찮네요.,19.08.11.,5,0,0,종류: 10 어금니-돔형
10005,부드럽고 저렴하고 좋네요,19.08.13.,5,0,0,종류: 03 성인올슬림모-고급형(민감성)
10006,재구매잘ㅆ쓰고잇어요잘쓰고,19.09.06.,3,재구매,0,종류: 02 성인올슬림모-일반형(민감성)
10007,"일반모랑 섞어 써요
좋아요",19.08.10.,5,0,0,종류: 01 성인이중슬림모(보편적인)
10008,항상 이것만 쓰느데 길어서 더 좋아요,19.08.11.,4,0,0,종류: 13 해피덴-비타민올슬림모(민감성)
10009,하필 휴가랑겹쳐서 늦게받았지만 저렴한가격에 잘샀습니다.,19.08.07.,3,0,0,종류: 10 어금니-돔형
10010,적당한 힘이 있어서 닦이기 편해요,19.08.11.,5,0,0,종류: 05 어린이이중슬림모(7세-10세)
10011,잘 닦이는 것 같아 재구매했습니다,19.07.22.,5,0,0,종류: 01 성인이중슬림모(보편적인)
10012,항상 주문하는 제품이예여.,19.08.13.,5,0,0,종류: 03 성인올슬림모-고급형(민감성)
10013,저번에 써보고 맘에 들어 재구매했네요,19.07.22.,5,0,0,종류: 05 어린이이중슬림모(7세-10세)
10014,칫솔이 맘에 들어요,19.08.14.,5,0,0,종류: 01 성인이중슬림모(보편적인)
10015,잇몸이 안좋아 부드러운 칫솔모 찾다가 구입했어요. 작아서 꼰꼼히 닦기 좋아요.,19.08.02.,4,0,0,종류: 08 교정칫솔-슬림형
10016,제품 만족합니다 배송도 빠르고요,19.08.11.,5,0,0,종류: 02 성인올슬림모-일반형(민감성)
10017,재구매좋아서 재구매했어요,19.08.14.,5,재구매,0,종류: 07 교정칫솔-일반형
10018,"아이가 좋대요
부드럽다고 안아프다고",19.08.10.,5,0,0,종류: 05 어린이이중슬림모(7세-10세)
10019,배송이 빠릅니다 수고하세요,19.08.12.,4,0,0,종류: 03 성인올슬림모-고급형(민감성)
10020,매번 사용감 좋아요,19.08.26.,5,0,0,종류: 05 어린이이중슬림모(7세-10세)
10021,교정해서 치과에서 매번샀는데 훨씬 저렴하네요!굿,19.08.20.,5,0,0,종류: 08 교정칫솔-슬림형
10022,"늘쓰던 제품 만족합니다
아이 칫솔읏 첨인데 4세 사용하기 괜찮네요 
헤드부분이 좀더작았음 좋을것 같네요",19.08.13.,4,0,0,종류: 04 어린이올슬림모(24개월-6세)
10023,아직써보진않았지만~~ 좋길바래요,19.08.23.,3,0,0,종류: 05 어린이이중슬림모(7세-10세)
10024,칫솔모가 매우 부드러워서 잇몸 예민한 저한테는 잘맞고요 어른 초등학생 모두 같이 사용할수 있어서 더 좋아요,19.08.07.,5,0,0,종류: 00 초미세모(매우부드러운)
10025,어금니 칫솔들 3가지 다 사봤는데 딱히 차이점 못느끼겠어요~ 아 어금니 일반형은 임플란트 하신 분들이 사용하기 딱일 것 같습니다,19.07.17.,5,0,0,종류: 09 어금니-일반형
10026,"구석까지 잘 닦여요
힘있는 모 예요",19.08.17.,5,0,0,종류: 10 어금니-돔형
10027,항상 이것만 씁니다. 부드러워요,19.08.23.,5,0,0,종류: 08 교정칫솔-슬림형
10028,한달사용기교정하는 딸아이가 칫솔모가 부드럽지 않아 아프다고 하네요.,19.08.19.,3,0,한달사용기,종류: 07 교정칫솔-일반형
10029,항상 쓰던 제품  좋아요,19.08.24.,5,0,0,종류: 03 성인올슬림모-고급형(민감성)
10030,교정이 끝났는데요. v컷쓰다가 이제 바꿔줘야 해서 주문했어요.,19.08.14.,5,0,0,종류: 01 성인이중슬림모(보편적인)
10031,아이들이 쓰기 참 편하고 좋습니다,19.08.22.,4,0,0,종류: 05 어린이이중슬림모(7세-10세)
10032,한달사용기잘닦임 좋아요 좋아요,19.09.15.,3,0,한달사용기,종류: 09 어금니-일반형
10033,한달사용기잘닦임 좋아요 잘닦임,19.09.15.,4,0,한달사용기,종류: 08 교정칫솔-슬림형
10034,배송도 빠르고 좋네요,19.08.24.,5,0,0,종류: 07 교정칫솔-일반형
10035,부드럽게 구석구석 잘 닦여요.,19.08.23.,4,0,0,종류: 10 어금니-돔형
10036,배송도 빠르고 좋아요,19.08.24.,5,0,0,종류: 03 성인올슬림모-고급형(민감성)
10037,재구매배송도 빠르고 좋아요,19.08.24.,5,재구매,0,종류: 03 성인올슬림모-고급형(민감성)
10038,재구매배송도 빠르고 좋아요,19.08.24.,5,재구매,0,종류: 08 교정칫솔-슬림형
10039,재구매잘받았습니다   써보구  좋아서  재구매해용,19.08.20.,5,재구매,0,종류: 07 교정칫솔-일반형
10040,와이프가 좋아합니다,19.07.21.,5,0,0,종류: 10 어금니-돔형
10041,재구매솔부분이 작아서 어금니 구석구석 닦을수 있어서 계속 구매하고 있어요,19.08.15.,5,재구매,0,종류: 01 성인이중슬림모(보편적인)
10042,잇몸에 자극적이지않아서 좋아요,19.08.21.,5,0,0,종류: 02 성인올슬림모-일반형(민감성)
10043,한달사용기칫솔 크기가 맘에 들어요,19.08.23.,4,0,한달사용기,종류: 03 성인올슬림모-고급형(민감성)
10044,"칫솔모가 가늘면서도 짱짱해요^^
기존엔 시스테마등을 사용했는데
전 이곳 칫솔이 훨씬 맘에 드네요~
해외배송 받을거라고 했더니 종이박스도 
전부 빼주시고 칫솔 하나당 커버도 씌워주셨네요^^
감사합니다~~~",19.07.09.,5,0,0,종류: 03 성인올슬림모-고급형(민감성)
10045,어금니 슬림형 잇몸 닦으려고 샀는데 다른 타입들이랑 두드러지는 차이점은 발견하지 못했습니다~ 나이 들수록 치주염 위험이 증가하니 전 꾸준하게 잘쓸 것 같네요,19.07.17.,5,0,0,종류: 11 어금니-슬림형
10046,배송도 빠르고 칫솔도 좋네요,19.08.24.,5,0,0,종류: 00 성인일반모(단단한)
10047,배송두빠르고 칫솔도 만족해요!!! 두번째주문한거에요~~,19.07.25.,5,0,0,종류: 00 성인일반모(단단한)
10048,좋아 보이네요 잘 쓰겠습니다,19.08.22.,5,0,0,종류: 13 해피덴-비타민올슬림모(민감성)
10049,치과보다 많이 싸요!  좋아요,19.08.20.,5,0,0,종류: 09 어금니-일반형
10050,아주아주맘에들어요잘쓰겠음,19.08.23.,4,0,0,종류: 07 교정칫솔-일반형
10051,"재구매늘쓰고있는거라ᆢ모가탄탄해서
구석구석잘닦이는것같아요~",19.08.12.,4,재구매,0,종류: 03 성인올슬림모-고급형(민감성)
10052,좋아요.  다음에또구매해야겠어요,19.08.18.,5,0,0,종류: 01 성인이중슬림모(보편적인)
10053,써보고 리뷰또쓸께요,19.08.03.,4,0,0,종류: 02 성인올슬림모-일반형(민감성)
10054,사랑니랑 어금니용으로 샀는데 만족이요~~ 헤드가 엄청 조그만해서 깊은 쪽에도 막힘없이 술술 잘 들어가요,19.07.17.,5,0,0,종류: 10 어금니-돔형
10055,재구매만족해요........,19.08.31.,4,재구매,0,종류: 01 성인이중슬림모(보편적인)
10056,전문가용 잘쓸께요 맘에들었음좋을듯,19.08.14.,3,0,0,종류: 01 성인이중슬림모(보편적인)
10057,칫솔모가 엄청 부드러워서 좋아요 칫솔모 크기도 적당해서 초등학생이 사용할수있어서 좋습니다,19.08.07.,5,0,0,종류: 14 미소덴탈 금올슬림모(민감성)
10058,"잘못 구매했지만
사용해보니구석구석 닦기 좋아요",19.07.28.,5,0,0,종류: 05 어린이이중슬림모(7세-10세)
10059,"3번째 구매에요.
가격도 저렴한데 좋은거 같아요.",19.08.14.,5,0,0,종류: 06 유아올슬림모(13개월-36개월)
10060,"3번째 구매에요.
가격도 저렴한데 좋은거 같아요.",19.08.14.,5,0,0,종류: 04 어린이올슬림모(24개월-6세)
10061,"3번째 구매에요.
가격도 저렴한데 좋은거 같아요.",19.08.14.,5,0,0,종류: 01 성인이중슬림모(보편적인)
10062,아이가 교정중이라 교정용칫솔 구매했는데 가격대비 쓸만합니다,19.08.16.,5,0,0,종류: 07 교정칫솔-일반형
10063,잇몸에 자극이 안가서 좋아요,19.08.21.,5,0,0,종류: 00 성인일반모(단단한)
10064,항상 구입하는 칫솔이어요,19.08.22.,5,0,0,종류: 5-1 너구리올슬림모(24개월-6세)
10065,한달사용기아직 안써봤는뎅... 어린이 칫솔도 맘에 들어서 좋을 것 같아용ㅋㅋ 칫솔 떨어짐 여기서 계속 주문 하려구여!!!!,19.08.07.,5,0,한달사용기,종류: 07 교정칫솔-일반형
10066,부들부들 좋아요 재구매각이예용어금니형으로 있으니 더 꼼꼼하게 닦일거 같아요  캡도 있어서 좋아요.,19.07.18.,5,0,0,종류: 09 어금니-일반형
10067,리뷰보고구매했어용 한번써보려구요,19.08.19.,3,0,0,종류: 05 어린이이중슬림모(7세-10세)
10068,교정칫솔사면서 같이 구입했어요~~~,19.08.21.,5,0,0,종류: 01 성인이중슬림모(보편적인)
10069,"크기가 작은데 계속 사용하다보면 딱 나한테 맞다고 느껴지고 사용하기 편합니다
찌꺼기 잘낍니다 오래 사용은 힘들어요",19.08.10.,5,0,0,종류: 02 성인올슬림모-일반형(민감성)
10070,"재구매매번사서 쓰고 있어요
이가 잘딱이고 아프지 않아요
선물로 주신 혀클리너 좋네요",19.07.25.,5,재구매,0,종류: 04 어린이올슬림모(24개월-6세)
10071,재구매굿   어금니 칫솔  사용하니  조으네요,19.08.20.,5,재구매,0,종류: 10 어금니-돔형
10072,칫솔모가 완전 맘에들어요,19.08.01.,5,0,0,종류: 01 성인이중슬림모(보편적인)
10073,이뿌고 실용성 짱이예요,19.08.22.,5,0,0,종류: 00 성인일반모(단단한)
10074,배송 빠르고 좋아요~,19.08.24.,5,0,0,종류: 10 어금니-돔형
10075,"재구매배송도 빠르고 포장도 잘 되서 도착했어요
잘 닦이고 칫솟모도 부드럽고 좋아요",19.07.21.,5,재구매,0,종류: 01 성인이중슬림모(보편적인)
10076,좋아요 담에 또사됴,19.08.18.,5,0,0,종류: 02 성인올슬림모-일반형(민감성)
10077,재구매만족하며   쓰고있어요잘쓸께용,19.08.20.,5,재구매,0,종류: 11 어금니-슬림형
10078,"실키실키하네요 완전부드러워요.
새로 치아솟은부분 칫솔질할때 아프지않다네요",19.08.09.,5,0,0,종류: 00 초미세모(매우부드러운)
10079,치과에서 낱개구입하는거보다 훨씬 저렴해요,19.08.17.,5,0,0,종류: 07 교정칫솔-일반형
10080,배송도 빠르고 제품도 좋아요~,19.08.23.,5,0,0,종류: 02 성인올슬림모-일반형(민감성)
10081,재구매좋아요.......,19.08.31.,4,재구매,0,종류: 5-2 너구리이중슬림모(7세-10세)
10082,부그럽고 쓰기 편해요,19.08.15.,5,0,0,종류: 00 초미세모(매우부드러운)
10083,재구매좋아요. 부드러우면서도 튼실한 느낌 구석구석 개운한 느낌입니다.,19.08.12.,5,재구매,0,종류: 02 성인올슬림모-일반형(민감성)
10084,재구매배송도 빠르고 좋아요~~,19.08.23.,3,재구매,0,종류: 08 교정칫솔-슬림형
10085,재구매좋아요.... .....,19.08.31.,4,재구매,0,종류: 02 성인올슬림모-일반형(민감성)
10086,빠른배송 좋아요ㅡ 늘여기서사요,19.08.19.,5,0,0,종류: 06 유아올슬림모(13개월-36개월)
10087,칫솔은 작아서 쓰기편해요,19.08.21.,4,0,0,종류: 07 교정칫솔-일반형
10088,배송도 빠르고 좋은 제품 잘 받았습니다,19.08.18.,5,0,0,종류: 07 교정칫솔-일반형
10089,조아요 조아요 조아요,19.08.26.,5,0,0,종류: 03 성인올슬림모-고급형(민감성)
10090,항상 잘쓰고있습니다. 감사합니다,19.08.19.,5,0,0,종류: 08 교정칫솔-슬림형
10091,부드러워서 잇몸에 좋아요~~,19.08.21.,5,0,0,종류: 00 초미세모(매우부드러운)
10092,"아이들것도 손잡이가 좀 짧아요 ㅠㅠ
칫솔모는 그래도 크네요 ㅎ",19.08.11.,4,0,0,종류: 05 어린이이중슬림모(7세-10세)
10093,칫솔잘못쓰면  잇몸 아픈데  그런거 전혀없이 좋아요,19.08.15.,5,0,0,종류: 00 성인일반모(단단한)
10094,칫솔잘못쓰면  잇몸 아픈데  그런거 전혀없이 좋아요,19.08.15.,5,0,0,종류: 01 성인이중슬림모(보편적인)
10095,칫솔잘못쓰면  잇몸 아픈데  그런거 전혀없이 좋아요,19.08.15.,5,0,0,종류: 03 성인올슬림모-고급형(민감성)
10096,아이가 교정중이라 교정칫솔 구매했는데 쓸만합니다,19.08.16.,5,0,0,종류: 08 교정칫솔-슬림형
10097,한달사용기어금니 안쪽까지 칫솔질이 되서 좋아용! 신경 안쓰던 부분도 신경 쓸 수잇어 좋네요ㅎㅎ,19.08.07.,5,0,한달사용기,종류: 11 어금니-슬림형
10098,"배송이 빠르고 가격도 만족스럽네요
다른 모델만 써보고 이 모델은 첨써보는건데 괜찮았으면 좋겠네요",19.07.16.,5,0,0,종류: 00 초미세모(매우부드러운)
10099,한달사용기칫솔 부드러운데 힘있어 꾸준히 사용중이에요,19.08.16.,5,0,한달사용기,종류: 03 성인올슬림모-고급형(민감성)
10100,정말. 편하고 좋습니다,19.08.22.,5,0,0,종류: 09 어금니-일반형
10101,좋아요❤ 좋아요❤ 좋아요❤ 좋아요❤ 좋아요❤ 좋아요❤ 좋아요❤ 좋아요❤ 좋아요❤ 좋아요❤ 좋아요❤,19.09.12.,5,0,0,종류: 01 성인이중슬림모(보편적인)
10102,"재구매배송도 빠르고 포장도 잘 되서 도착했어요
잘 닦이고 칫솔모도 부드러워요",19.07.21.,5,재구매,0,종류: 03 성인올슬림모-고급형(민감성)
10103,치아때문에 구매했는데 잘 사용하고 있습니다. 재구매 해야겠어요. 감사합니다,19.07.17.,4,0,0,종류: 01 성인이중슬림모(보편적인)
10104,매우 이뿌고 좋아요!,19.08.22.,5,0,0,종류: 01 성인이중슬림모(보편적인)
10105,한달사용기굿굿 좋아여 부드럽고 안쪽까지 더 잘 닦이내요ㅎㅎ 성인 칫솔보다 좋은게 많아용,19.08.07.,4,0,한달사용기,종류: 04 어린이올슬림모(24개월-6세)
10106,한달사용기잇몸이 아프지 않고 솔이 부드럽네요,19.08.17.,4,0,한달사용기,종류: 02 성인올슬림모-일반형(민감성)
10107,교정유 해서 교정용 치솔사다 둠. 가성비 최고,19.08.11.,5,0,0,종류: 07 교정칫솔-일반형
10108,"이뿌고 실용성,
좋아요!",19.08.22.,5,0,0,종류: 04 어린이올슬림모(24개월-6세)
10109,배송빠르고 제품도 괜찮은듯해요.,19.08.18.,4,0,0,종류: 05 어린이이중슬림모(7세-10세)
10110,어금니에 양치해도 끼는 찌꺼기 빼는 용도로 치간 칫솔보다 쓸모있고 개운,19.08.11.,5,0,0,종류: 09 어금니-일반형
10111,한달사용기양치시키기 적당한 크기입니다 잘쓰고 있어요,19.08.15.,5,0,한달사용기,종류: 03 성인올슬림모-고급형(민감성)
10112,"금요일 주문 수요일 도착 배송은 좀 느렸어여 
재구매합니다",19.07.24.,3,0,0,종류: 11 어금니-슬림형
10113,아주아주 좋아요오오오,19.08.22.,5,0,0,종류: 07 교정칫솔-일반형
10114,너무 딱딱 하지도 않고 너무 훌렁 거리지도 않고 잘 닦이는 느낌이라 너무 좋아요,19.08.13.,5,0,0,종류: 03 성인올슬림모-고급형(민감성)
10115,빠른배송. 칫솔도 만족해요. 많이 파세용,19.08.12.,4,0,0,종류: 01 성인이중슬림모(보편적인)
10116,정착하고 싶네요 칫솔 ㅠ,19.08.20.,5,0,0,종류: 02 성인올슬림모-일반형(민감성)
10117,헤드 큰게 더 좋을줄 알았는데  실제 써보니 작은게 더 좋네요 ㅎ,19.07.25.,5,0,0,종류: 13 해피덴-비타민올슬림모(민감성)
10118,헤드 큰게 더 좋을줄 알았는데  실제 써보니 작은게 더 좋네요 ㅎ,19.07.25.,5,0,0,종류: 02 성인올슬림모-일반형(민감성)
10119,쓰던 제품인데 다 써서 주문해요,19.08.17.,5,0,0,종류: 10 어금니-돔형
10120,"재구매예요 
금요일 주문 수요일 도착 
배송은 좀 느렸어요",19.07.24.,3,0,0,종류: 00 초미세모(매우부드러운)
10121,치석이 끼지 않게 잘 닦아줘야 하니 꼭 필요해요,19.08.14.,5,0,0,종류: 09 어금니-일반형
10122,"교정중인 중학생딸 치과에서 판매하는 칫솔과 
같은건데 훨씬 더 저렴하게 구입해서 좋아요~
딸아이가 좋대요~",19.08.02.,5,0,0,종류: 08 교정칫솔-슬림형
10123,초미세모 굉장히 부드럽습니다~~ 부모님들이 사용하시기 좋은 것 같아요,19.07.17.,5,0,0,종류: 00 초미세모(매우부드러운)
10124,병원에서 파는 가격보다 저렴하고 좋네요,19.08.15.,5,0,0,종류: 08 교정칫솔-슬림형
10125,저렴하고 부드러워서 넘 😃,19.08.19.,5,0,0,종류: 03 성인올슬림모-고급형(민감성)
10126,칫솔이 딱딱해서 교정기 사이사이 잘닦입니다,19.07.25.,1,0,0,종류: 07 교정칫솔-일반형
10127,아이가 어금니에 실란트를 해도 양치가 안쪽까지 잘 안되는 것 같아 구매했어요. 만족합니다,19.08.03.,5,0,0,종류: 10 어금니-돔형
10128,칫솔모 부드럽고 진짜좋아요.다만 칫솔부분이 좀 작아요,19.08.09.,4,0,0,종류: 03 성인올슬림모-고급형(민감성)
10129,한달사용기재구매가격이 싸서 자주 바꿔 쓸수있네요.,19.08.16.,4,재구매,한달사용기,종류: 09 어금니-일반형
10130,젤리나 초코렛 좋아하는 아들땜에 어금니 칫솔 샀네요. 안쪽까지 잘 닦여지니 괜찮습니다,19.08.03.,5,0,0,종류: 09 어금니-일반형
10131,몇개월 사용하고 재구매했어요~,19.08.10.,5,0,0,종류: 08 교정칫솔-슬림형
10132,"생각했던것보다 손잡이가 짧아서 안타깝네요;;;
그래도 칫솔모는 맘에 들어요^^",19.08.11.,3,0,0,종류: 01 성인이중슬림모(보편적인)
10133,항상 잘 쓰고있습니다~,19.08.19.,5,0,0,종류: 07 교정칫솔-일반형
10134,"싸게 잘 샀어요~
아이들이 교정하고있는데 한동안 잘쓰겠네요",19.08.09.,5,0,0,종류: 07 교정칫솔-일반형
10135,배송도 빠르고 좋아요 ㅎㅎ 치과에서 일하는 일인으로써 미세모가 좋네요 ㅎㅎ,19.08.07.,5,0,0,종류: 01 성인이중슬림모(보편적인)
10136,"마음에 들어요  만족합니다
근데 일반모칫설은 치솔모가 탄성이 부족해서 원하던 칫솔이 아니네요,",19.08.03.,5,0,0,종류: 00 성인일반모(단단한)
10137,배송빠르고 맘에 듭니다~ 잘 쓸께요!!,19.07.27.,5,0,0,종류: 10 어금니-돔형
10138,"싸게 잘 샀어요~
아이들이 교정하고있는데 한동안 잘쓰겠네요~",19.08.09.,5,0,0,종류: 08 교정칫솔-슬림형
10139,딸아이 교정중인데 잘쓰고있습니다,19.08.15.,5,0,0,종류: 08 교정칫솔-슬림형
10140,"한달사용기구석구석 잘닦이는거 같가한데 솔이 약한듯
금방 닳아요~",19.08.12.,4,0,한달사용기,종류: 03 성인올슬림모-고급형(민감성)
10141,이주 만족 배송 엄청 빨라요,19.07.27.,5,0,0,종류: 00 초미세모(매우부드러운)
10142,여러개 사서 한동안 잘 쓸거 같아요,19.08.15.,5,0,0,종류: 09 어금니-일반형
10143,배송 무찌르고 엄청 조항영,19.07.27.,5,0,0,종류: 10 어금니-돔형
10144,한달사용기아주아주 만족입니다,19.09.08.,5,0,한달사용기,종류: 05 어린이이중슬림모(7세-10세)
10145,한달사용기아주아주 만족입니다,19.09.08.,5,0,한달사용기,종류: 01 성인이중슬림모(보편적인)
10146,조아요 조아요 조아요,19.08.22.,5,0,0,종류: 02 성인올슬림모-일반형(민감성)
10147,"한달사용기잘 사용하고 있습니다.
색깔 마음에 들어요",19.08.14.,5,0,한달사용기,종류: 5-2 너구리이중슬림모(7세-10세)
10148,배송 마르고 엄청 좋아요,19.07.27.,5,0,0,종류: 03 성인올슬림모-고급형(민감성)
10149,좋아요 부드러워요 ㅎ,19.09.09.,4,0,0,종류: 00 초미세모(매우부드러운)
10150,재구매만족합니다. 감사합니다.,19.07.27.,5,재구매,0,종류: 10 어금니-돔형
10151,치석 생기지 않게 닦아주는용이에요,19.08.14.,5,0,0,종류: 10 어금니-돔형
10152,칫솔 아주 좋아요..재구매입니다,19.08.11.,5,0,0,종류: 01 성인이중슬림모(보편적인)
10153,재구매늘 쓰던거라 만족해요,19.07.27.,5,재구매,0,종류: 09 어금니-일반형
10154,재구매늘 쓰던거라 만족해요,19.07.27.,5,재구매,0,종류: 07 교정칫솔-일반형
10155,교정칫솔과 미세모 칫솔이 필요했는데 잘 샀어요~,19.08.13.,5,0,0,종류: 08 교정칫솔-슬림형
10156,부드럽고 좋아요 또살게요,19.08.18.,5,0,0,종류: 13 해피덴-비타민올슬림모(민감성)
10157,배송빠르고 좋아요.,19.08.18.,4,0,0,종류: 03 성인올슬림모-고급형(민감성)
10158,좋아요~~믿고구매했어요,19.08.15.,5,0,0,종류: 00 성인일반모(단단한)
10159,부드럽고 너무 좋습니다.  또 구매할 것 입니다.,19.08.08.,5,0,0,종류: 03 성인올슬림모-고급형(민감성)
10160,좋아요 다쓰면 도 주문할려구요,19.08.16.,5,0,0,종류: 03 성인올슬림모-고급형(민감성)
10161,"어금니일반형 우연히치과에서 써보구좋아
찾아보니 파네요  아이들
이관리해주기
딱좋은 칫솔 강추강추!?",19.07.04.,5,0,0,종류: 11 어금니-슬림형
10162,한달사용기작아서 구석구석 닦았어요,19.08.15.,5,0,한달사용기,종류: 03 성인올슬림모-고급형(민감성)
10163,재구매좋아요 잘닦이고 추천,19.08.16.,4,재구매,0,종류: 10 어금니-돔형
10164,가격도 저렴하고 교정중인데 잘 사용할수 있을거 같아요,19.08.09.,5,0,0,종류: 07 교정칫솔-일반형
10165,배송 빠르고 제품도 괜춘,19.08.15.,5,0,0,종류: 08 교정칫솔-슬림형
10166,"재구매저번에 써보고 20개 주문했는데
솔이 금방 닳아요~~",19.08.12.,4,재구매,0,종류: 03 성인올슬림모-고급형(민감성)
10167,칫솔질하기에 넘 편해졌어요..감사합니다. 재구매했어요,19.07.17.,4,0,0,종류: 02 성인올슬림모-일반형(민감성)
10168,"재구매합니다 
배송은 좀 느렸어요",19.07.24.,3,0,0,종류: 03 성인올슬림모-고급형(민감성)
10169,항상쓰던거예요 ㅎ ㅎ ㅎ ㅎ ㅎㅎ,19.07.31.,5,0,0,종류: 01 성인이중슬림모(보편적인)
10170,겁나쥬아용 또구매할껍니당!!!,19.08.08.,5,0,0,종류: 10 어금니-돔형
10171,"저녁엔 일반모 써요
속시원!",19.08.10.,5,0,0,종류: 00 성인일반모(단단한)
10172,재구매배송도 빠르고 치과에서 교정칫솔 금액보다 더 저렴하며 사용하기 편해 아이가 넘 좋아합니다..,19.08.04.,4,재구매,0,종류: 01 성인이중슬림모(보편적인)
10173,잇몸이 안좋아 부드러운 칫솔모 찾다가 구입했어요. 작아서 꼰꼼히 닦기 좋아요. 칫솔모가 부드럽고 좋아요.,19.08.02.,4,0,0,종류: 02 성인올슬림모-일반형(민감성)
10174,믿고사용합니다 좋아요,19.08.15.,5,0,0,종류: 05 어린이이중슬림모(7세-10세)
10175,"치아 교정을 시작해서
교정전용 칫솔을 구매했어요
만족합니다~~",19.07.16.,5,0,0,종류: 08 교정칫솔-슬림형
10176,교정 철사 안으로 잘 들어가요. 매우 탄력있어서 치아 관리하기에 용이합니다.,19.08.01.,5,0,0,종류: 09 어금니-일반형
10177,온가족의 이를 책임지네요ㅎㅎ  이거써본후로는 여기서만 사요 강추,19.07.14.,5,0,0,종류: 01 성인이중슬림모(보편적인)
10178,"부드럽고 좋습니다.
색상이 다양해서 가족모두 만족합니다.",19.08.09.,4,0,0,종류: 01 성인이중슬림모(보편적인)
10179,늘쓰던제품 가성비 굿입니다,19.08.13.,3,0,0,종류: 02 성인올슬림모-일반형(민감성)
10180,치솔질하기 딱 적당하게 만들어졌어요,19.08.11.,5,0,0,종류: 01 성인이중슬림모(보편적인)
10181,재구매시부모 신랑 다 좋다고 하네요,19.08.13.,5,재구매,0,종류: 01 성인이중슬림모(보편적인)
10182,항상쓰던ㄷ거구요 배송 빨라서 좋아요,19.08.08.,5,0,0,종류: 01 성인이중슬림모(보편적인)
10183,"치과칫솔 좋아요
일반 칫솔은 칫솔모가 커서
별로 였는데
역시 칫과 칫솔이 좋아요",19.08.08.,4,0,0,종류: 14 미소덴탈 금올슬림모(민감성)
10184,어금니칫솔은 처음 써 보는데  괜찮네요.,19.08.11.,5,0,0,종류: 10 어금니-돔형
10185,부드럽고 저렴하고 좋네요,19.08.13.,5,0,0,종류: 03 성인올슬림모-고급형(민감성)
10186,재구매잘ㅆ쓰고잇어요잘쓰고,19.09.06.,3,재구매,0,종류: 02 성인올슬림모-일반형(민감성)
10187,"일반모랑 섞어 써요
좋아요",19.08.10.,5,0,0,종류: 01 성인이중슬림모(보편적인)
10188,항상 이것만 쓰느데 길어서 더 좋아요,19.08.11.,4,0,0,종류: 13 해피덴-비타민올슬림모(민감성)
10189,하필 휴가랑겹쳐서 늦게받았지만 저렴한가격에 잘샀습니다.,19.08.07.,3,0,0,종류: 10 어금니-돔형
10190,적당한 힘이 있어서 닦이기 편해요,19.08.11.,5,0,0,종류: 05 어린이이중슬림모(7세-10세)
10191,잘 닦이는 것 같아 재구매했습니다,19.07.22.,5,0,0,종류: 01 성인이중슬림모(보편적인)
10192,항상 주문하는 제품이예여.,19.08.13.,5,0,0,종류: 03 성인올슬림모-고급형(민감성)
10193,저번에 써보고 맘에 들어 재구매했네요,19.07.22.,5,0,0,종류: 05 어린이이중슬림모(7세-10세)
10194,칫솔이 맘에 들어요,19.08.14.,5,0,0,종류: 01 성인이중슬림모(보편적인)
10195,잇몸이 안좋아 부드러운 칫솔모 찾다가 구입했어요. 작아서 꼰꼼히 닦기 좋아요.,19.08.02.,4,0,0,종류: 08 교정칫솔-슬림형
10196,제품 만족합니다 배송도 빠르고요,19.08.11.,5,0,0,종류: 02 성인올슬림모-일반형(민감성)
10197,재구매좋아서 재구매했어요,19.08.14.,5,재구매,0,종류: 07 교정칫솔-일반형
10198,"아이가 좋대요
부드럽다고 안아프다고",19.08.10.,5,0,0,종류: 05 어린이이중슬림모(7세-10세)
10199,배송이 빠릅니다 수고하세요,19.08.12.,4,0,0,종류: 03 성인올슬림모-고급형(민감성)
10200,재구매교정중인데 저렴하고 배송도 빠르고 좋아요,19.08.09.,5,재구매,0,종류: 08 교정칫솔-슬림형
